-0.462343 2.141294 -1.367509 2
-0.462343 2.141294 -1.367509 2
-0.033459 0.729367 -1.588725 2
-0.053042 1.198378 -1.816204 2
-0.062848 1.265680 -1.626247 2
-0.062848 1.265680 -1.626247 2
0.010611 1.202500 -1.739226 2
0.010611 1.202500 -1.739226 2
0.014662 0.846631 -1.580942 2
-0.150849 0.582769 -1.442953 2
-0.350626 2.943704 -1.422206 2
-0.493552 0.752243 -0.974810 2
-0.455500 1.287212 -1.699563 2
0.777002 2.978800 -1.275252 2
0.777002 2.978800 -1.275252 2
0.542420 2.691115 -1.849882 2
0.168098 3.452541 -1.401841 2
0.939172 2.166266 -1.512803 2
-0.165199 1.049575 -0.911463 2
2.745929 5.351588 -1.414353 2
-0.271843 0.382792 -1.421657 2
0.077736 1.590861 -1.388686 2
-0.197160 1.467634 -1.383805 2
1.471254 4.915610 -1.452377 2
-0.387887 1.892885 -1.368606 2
1.841478 5.712478 -2.050243 2
1.841478 5.712478 -2.050243 2
1.841478 5.712478 -2.050243 2
1.841478 5.712478 -2.050243 2
1.841478 5.712478 -2.050243 2
1.841478 5.712478 -2.050243 2
1.841478 5.712478 -2.050243 2
1.841478 5.712478 -2.050243 2
1.841478 5.712478 -2.050243 2
-0.188386 3.223109 -1.272233 2
-0.188386 3.223109 -1.272233 2
1.413569 6.048505 -0.917354 2
1.413569 6.048505 -0.917354 2
1.413569 6.048505 -0.917354 2
1.413569 6.048505 -0.917354 2
1.413569 6.048505 -0.917354 2
1.413569 6.048505 -0.917354 2
1.413569 6.048505 -0.917354 2
1.413569 6.048505 -0.917354 2
1.413569 6.048505 -0.917354 2
1.413569 6.048505 -0.917354 2
0.549973 3.565086 -0.704696 2
2.221502 6.515992 -0.659194 2
0.434668 4.233839 -1.140668 2
0.434668 4.233839 -1.140668 2
0.434668 4.233839 -1.140668 2
0.434668 4.233839 -1.140668 2
0.434668 4.233839 -1.140668 2
0.434668 4.233839 -1.140668 2
0.620456 4.354561 -1.459279 2
0.620456 4.354561 -1.459279 2
0.620456 4.354561 -1.459279 2
0.513308 4.258696 -1.340160 2
0.513308 4.258696 -1.340160 2
0.513308 4.258696 -1.340160 2
1.658321 4.591525 -0.690978 2
1.658321 4.591525 -0.690978 2
0.296256 3.350273 -1.548756 2
0.296256 3.350273 -1.548756 2
-1.374890 4.451652 -0.193210 2
-1.374890 4.451652 -0.193210 2
-1.374890 4.451652 -0.193210 2
-1.374890 4.451652 -0.193210 2
-1.374890 4.451652 -0.193210 2
1.279082 4.011741 -0.692020 2
1.279082 4.011741 -0.692020 2
0.055050 3.299702 -1.291519 2
0.055050 3.299702 -1.291519 2
0.055050 3.299702 -1.291519 2
0.895015 6.373763 0.071007 2
0.895015 6.373763 0.071007 2
0.895015 6.373763 0.071007 2
0.895015 6.373763 0.071007 2
0.718176 3.607805 -0.650695 2
0.718176 3.607805 -0.650695 2
0.718176 3.607805 -0.650695 2
0.724101 3.710258 -1.418582 2
0.724101 3.710258 -1.418582 2
2.403855 6.054761 -0.723838 2
2.403855 6.054761 -0.723838 2
1.180096 3.338634 -1.409473 2
1.180096 3.338634 -1.409473 2
1.464059 4.487895 -0.638395 2
1.464059 4.487895 -0.638395 2
1.464059 4.487895 -0.638395 2
0.251354 3.502962 -1.254745 2
0.251354 3.502962 -1.254745 2
0.251354 3.502962 -1.254745 2
0.251354 3.502962 -1.254745 2
1.594101 5.009397 -1.715817 2
1.489942 4.438049 -0.620262 2
1.489942 4.438049 -0.620262 2
1.489942 4.438049 -0.620262 2
1.489942 4.438049 -0.620262 2
0.398419 3.466425 -1.747376 2
0.398419 3.466425 -1.747376 2
0.398419 3.466425 -1.747376 2
0.398419 3.466425 -1.747376 2
0.398419 3.466425 -1.747376 2
4.848536 5.591681 -0.870916 2
4.848536 5.591681 -0.870916 2
6.211989 5.811724 -0.587089 2
6.211989 5.811724 -0.587089 2
6.668968 2.636050 -1.651388 2
6.972748 3.448541 0.496376 2
6.972748 3.448541 0.496376 2
6.972748 3.448541 0.496376 2
6.972748 3.448541 0.496376 2
9.386504 4.338982 1.135882 2
9.386504 4.338982 1.135882 2
9.695181 6.067752 -0.643914 2
10.227169 7.110174 -1.138051 2
7.837781 3.213312 -1.360766 2
6.832743 4.602787 0.512641 2
6.832743 4.602787 0.512641 2
6.832743 4.602787 0.512641 2
6.832743 4.602787 0.512641 2
7.679506 3.504924 -0.827070 2
8.895395 5.786750 1.503652 2
8.895395 5.786750 1.503652 2
7.929830 4.859989 -1.372133 2
7.929830 4.859989 -1.372133 2
6.928508 4.274165 0.345185 2
6.928508 4.274165 0.345185 2
6.928508 4.274165 0.345185 2
6.881292 2.264112 -1.247203 2
6.881292 2.264112 -1.247203 2
8.702569 3.860656 0.338517 2
8.702569 3.860656 0.338517 2
8.158729 3.843188 -1.423437 2
8.158729 3.843188 -1.423437 2
6.710680 4.147458 0.512119 2
6.710680 4.147458 0.512119 2
6.710680 4.147458 0.512119 2
7.708838 3.450299 -1.176822 2
7.708838 3.450299 -1.176822 2
7.618655 2.566470 -1.288566 2
7.618655 2.566470 -1.288566 2
8.670174 3.724655 -0.964592 2
8.670174 3.724655 -0.964592 2
8.670174 3.724655 -0.964592 2
8.041458 4.429259 -0.955593 2
8.041458 4.429259 -0.955593 2
7.648476 2.101918 -0.867238 2
7.648476 2.101918 -0.867238 2
7.647074 2.100106 -1.254037 2
10.560533 6.250760 -0.473823 2
8.391598 3.713430 -1.136092 2
7.373837 3.596565 -0.231776 2
7.373837 3.596565 -0.231776 2
9.062714 3.949353 -0.848358 2
9.062714 3.949353 -0.848358 2
8.390549 3.722790 -1.163363 2
7.899139 1.920980 -1.338245 2
7.460234 2.657603 -1.228035 2
8.574462 3.562678 -0.727404 2
8.574462 3.562678 -0.727404 2
8.075574 3.750546 -1.413587 2
8.075574 3.750546 -1.413587 2
8.267581 4.320089 -0.574340 2
8.681251 3.829142 -0.710775 2
8.681251 3.829142 -0.710775 2
8.034235 1.739144 -1.042438 2
8.034235 1.739144 -1.042438 2
8.394293 3.717818 -0.972050 2
8.394293 3.717818 -0.972050 2
7.337664 2.568975 -0.865601 2
9.725444 5.846039 -0.700694 2
9.725444 5.846039 -0.700694 2
8.557670 3.691115 -1.206887 2
8.557670 3.691115 -1.206887 2
7.893188 2.921401 -1.051460 2
7.893188 2.921401 -1.051460 2
9.423465 5.893321 -0.330210 2
8.565521 3.459854 -0.978647 2
8.426855 3.255990 -1.256409 2
10.421303 6.232514 -0.619236 2
10.421303 6.232514 -0.619236 2
8.631780 3.563803 -1.119648 2
8.631780 3.563803 -1.119648 2
7.818473 1.953334 -0.889797 2
9.735832 5.562718 -0.981536 2
9.735832 5.562718 -0.981536 2
8.542353 3.611227 -0.931408 2
8.542353 3.611227 -0.931408 2
9.942883 5.670107 -0.143769 2
9.942883 5.670107 -0.143769 2
8.853109 3.948705 -0.834874 2
8.217606 1.838707 -1.775072 2
8.217606 1.838707 -1.775072 2
7.879864 3.245904 -0.896637 2
7.879864 3.245904 -0.896637 2
8.132878 3.566838 -1.011080 2
8.132878 3.566838 -1.011080 2
8.132878 3.566838 -1.011080 2
10.004059 5.673451 -0.569354 2
8.292315 4.379123 -1.091066 2
7.483503 2.686982 -1.501050 2
7.483503 2.686982 -1.501050 2
7.483503 2.686982 -1.501050 2
7.483503 2.686982 -1.501050 2
4.228313 3.189496 -1.380954 2
2.529987 4.397391 -0.527909 2
2.529987 4.397391 -0.527909 2
2.529987 4.397391 -0.527909 2
2.529987 4.397391 -0.527909 2
0.884789 5.198863 -0.453659 2
0.884789 5.198863 -0.453659 2
0.884789 5.198863 -0.453659 2
0.884789 5.198863 -0.453659 2
0.884789 5.198863 -0.453659 2
0.707243 5.355510 -0.781416 2
0.707243 5.355510 -0.781416 2
2.194899 5.601243 -1.147065 2
2.194899 5.601243 -1.147065 2
2.194899 5.601243 -1.147065 2
-0.056655 3.199282 -1.346280 2
-0.056655 3.199282 -1.346280 2
-0.056655 3.199282 -1.346280 2
-0.056655 3.199282 -1.346280 2
0.501938 3.834488 -1.007042 2
0.501938 3.834488 -1.007042 2
0.501938 3.834488 -1.007042 2
0.501938 3.834488 -1.007042 2
0.501938 3.834488 -1.007042 2
0.529368 3.547063 -1.229009 2
0.529368 3.547063 -1.229009 2
0.529368 3.547063 -1.229009 2
0.529368 3.547063 -1.229009 2
0.529368 3.547063 -1.229009 2
0.529368 3.547063 -1.229009 2
2.806674 6.008615 -0.944449 2
2.806674 6.008615 -0.944449 2
2.806674 6.008615 -0.944449 2
0.621740 6.120620 -2.274235 2
0.621740 6.120620 -2.274235 2
0.626897 6.748253 -0.594350 2
0.626897 6.748253 -0.594350 2
0.626897 6.748253 -0.594350 2
1.187194 3.772320 -1.278900 2
1.187194 3.772320 -1.278900 2
1.187194 3.772320 -1.278900 2
1.187194 3.772320 -1.278900 2
1.822253 4.971535 -0.642716 2
1.822253 4.971535 -0.642716 2
1.822253 4.971535 -0.642716 2
1.822253 4.971535 -0.642716 2
1.822253 4.971535 -0.642716 2
1.822253 4.971535 -0.642716 2
1.822253 4.971535 -0.642716 2
1.822253 4.971535 -0.642716 2
0.781390 7.015009 -2.192480 2
0.781390 7.015009 -2.192480 2
0.696483 6.815257 -0.561615 2
0.696483 6.815257 -0.561615 2
0.696483 6.815257 -0.561615 2
0.696483 6.815257 -0.561615 2
-0.652672 3.288143 -0.746265 2
1.259687 3.997150 -1.329337 2
1.259687 3.997150 -1.329337 2
-0.675229 4.393965 -1.939390 2
-0.675229 4.393965 -1.939390 2
2.164206 6.321166 -0.446953 2
2.164206 6.321166 -0.446953 2
2.164206 6.321166 -0.446953 2
2.164206 6.321166 -0.446953 2
2.164206 6.321166 -0.446953 2
1.214695 4.190720 -1.233695 2
1.214695 4.190720 -1.233695 2
1.349484 4.762992 -0.500900 2
1.349484 4.762992 -0.500900 2
1.349484 4.762992 -0.500900 2
2.366632 6.162030 -1.028112 2
2.366632 6.162030 -1.028112 2
1.988838 3.209789 -0.903011 2
1.988838 3.209789 -0.903011 2
1.555680 4.088424 -1.253293 2
1.555680 4.088424 -1.253293 2
1.555680 4.088424 -1.253293 2
0.289954 3.383414 -1.087094 2
0.289954 3.383414 -1.087094 2
1.291821 5.400405 -0.728067 2
1.291821 5.400405 -0.728067 2
1.547207 3.856258 -0.360269 2
1.547207 3.856258 -0.360269 2
2.306975 6.471191 -0.802416 2
2.306975 6.471191 -0.802416 2
2.306975 6.471191 -0.802416 2
0.235673 3.609388 -1.004915 2
0.235673 3.609388 -1.004915 2
0.235673 3.609388 -1.004915 2
0.235673 3.609388 -1.004915 2
0.319717 3.415152 -1.229692 2
2.344827 6.438578 -0.746652 2
2.344827 6.438578 -0.746652 2
2.344827 6.438578 -0.746652 2
2.344827 6.438578 -0.746652 2
-1.146525 4.616742 -0.047476 2
-1.146525 4.616742 -0.047476 2
-1.146525 4.616742 -0.047476 2
-1.146525 4.616742 -0.047476 2
2.948598 4.370525 -2.080067 2
6.466773 5.412928 -0.725740 2
6.466773 5.412928 -0.725740 2
6.706308 6.456249 0.032319 2
6.706308 6.456249 0.032319 2
7.349186 2.579300 -1.395590 2
9.064021 5.932259 -0.095949 2
9.064021 5.932259 -0.095949 2
9.064021 5.932259 -0.095949 2
9.064021 5.932259 -0.095949 2
7.640739 7.028924 0.442895 2
7.640739 7.028924 0.442895 2
7.640739 7.028924 0.442895 2
8.846119 4.393517 -1.353011 2
8.808692 3.546522 -0.955797 2
9.430628 5.440497 -0.164217 2
9.430628 5.440497 -0.164217 2
8.920744 4.052234 -1.354436 2
8.920744 4.052234 -1.354436 2
8.579966 1.421248 -1.678655 2
8.579966 1.421248 -1.678655 2
9.066264 3.863508 0.716156 2
8.774659 5.024216 -1.012402 2
8.774659 5.024216 -1.012402 2
10.033171 5.945429 -0.528172 2
10.033171 5.945429 -0.528172 2
8.264579 4.309817 -1.180490 2
7.472212 2.835593 -1.080506 2
7.472212 2.835593 -1.080506 2
7.472212 2.835593 -1.080506 2
7.472212 2.835593 -1.080506 2
8.544169 3.893337 -1.053386 2
8.544169 3.893337 -1.053386 2
8.544169 3.893337 -1.053386 2
9.859490 5.889007 -0.610496 2
9.859490 5.889007 -0.610496 2
8.343985 2.619519 -1.309042 2
8.343985 2.619519 -1.309042 2
8.266674 6.388566 0.720866 2
8.266674 6.388566 0.720866 2
8.266674 6.388566 0.720866 2
8.998208 3.595832 0.732918 2
8.998208 3.595832 0.732918 2
9.108680 6.934305 1.218667 2
9.108680 6.934305 1.218667 2
9.608508 5.737204 -0.149956 2
9.608508 5.737204 -0.149956 2
9.608508 5.737204 -0.149956 2
10.018223 6.320120 -0.593977 2
10.018223 6.320120 -0.593977 2
6.577831 3.330708 0.135597 2
6.577831 3.330708 0.135597 2
9.748595 5.774610 -0.233770 2
9.748595 5.774610 -0.233770 2
9.748595 5.774610 -0.233770 2
8.374753 3.595140 0.613512 2
8.374753 3.595140 0.613512 2
8.374753 3.595140 0.613512 2
8.374753 3.595140 0.613512 2
8.374753 3.595140 0.613512 2
8.374753 3.595140 0.613512 2
9.158548 6.678773 1.162150 2
9.158548 6.678773 1.162150 2
9.158548 6.678773 1.162150 2
9.042665 4.921599 -0.571092 2
9.042665 4.921599 -0.571092 2
8.261703 6.905982 -0.075965 2
8.261703 6.905982 -0.075965 2
8.556363 6.174969 0.108426 2
8.556363 6.174969 0.108426 2
8.067539 4.688519 -0.315778 2
8.067539 4.688519 -0.315778 2
8.067539 4.688519 -0.315778 2
8.067539 4.688519 -0.315778 2
8.067539 4.688519 -0.315778 2
8.067539 4.688519 -0.315778 2
10.392927 6.016326 0.031036 2
10.392927 6.016326 0.031036 2
9.919941 6.556126 -0.003396 2
9.919941 6.556126 -0.003396 2
10.035116 6.840567 1.165330 2
10.035116 6.840567 1.165330 2
7.924633 5.790925 0.153063 2
7.924633 5.790925 0.153063 2
7.924633 5.790925 0.153063 2
10.302958 6.265821 -0.196452 2
10.302958 6.265821 -0.196452 2
8.148053 4.710171 1.050204 2
8.148053 4.710171 1.050204 2
10.501373 6.827055 -0.197949 2
8.327005 4.499196 -0.756306 2
8.216435 4.806362 -1.261222 2
9.857712 5.659802 -0.618882 2
9.857712 5.659802 -0.618882 2
8.280426 3.888497 -0.827857 2
8.280426 3.888497 -0.827857 2
7.455164 2.363206 -1.553157 2
8.810534 3.458515 0.663135 2
6.638492 4.772892 1.006175 2
3.203269 4.264775 -0.613522 2
3.203269 4.264775 -0.613522 2
5.135953 7.943115 -1.348324 2
5.135953 7.943115 -1.348324 2
5.135953 7.943115 -1.348324 2
1.465394 6.069196 -1.599190 2
1.465394 6.069196 -1.599190 2
1.465394 6.069196 -1.599190 2
1.465394 6.069196 -1.599190 2
0.002758 4.037570 -0.738964 2
0.002758 4.037570 -0.738964 2
-0.419787 2.697713 -1.106735 2
1.415522 4.505087 -0.708026 2
1.415522 4.505087 -0.708026 2
-0.799611 1.427544 -2.011274 2
-0.799611 1.427544 -2.011274 2
1.734176 6.369633 -0.554215 2
1.734176 6.369633 -0.554215 2
1.734176 6.369633 -0.554215 2
0.134863 3.408020 -1.030253 2
0.134863 3.408020 -1.030253 2
2.596897 6.818470 -1.296686 2
2.596897 6.818470 -1.296686 2
-0.520733 2.358434 -1.326558 2
-0.520733 2.358434 -1.326558 2
-0.891811 4.505047 -0.193933 2
-0.891811 4.505047 -0.193933 2
-0.891811 4.505047 -0.193933 2
-0.171088 3.637182 -0.833750 2
-0.171088 3.637182 -0.833750 2
1.299490 4.943890 -0.529112 2
1.299490 4.943890 -0.529112 2
0.305722 2.264192 -1.306313 2
-1.113963 4.618101 -0.020280 2
-1.113963 4.618101 -0.020280 2
-1.113963 4.618101 -0.020280 2
-1.113963 4.618101 -0.020280 2
0.096101 3.557544 -1.236944 2
0.096101 3.557544 -1.236944 2
1.664253 5.446151 -0.875178 2
1.664253 5.446151 -0.875178 2
0.798724 5.177470 -0.599306 2
0.286744 3.680282 -1.366711 2
0.286744 3.680282 -1.366711 2
0.286744 3.680282 -1.366711 2
0.286744 3.680282 -1.366711 2
0.605513 4.060681 -1.221691 2
1.337755 4.953759 -0.487460 2
1.337755 4.953759 -0.487460 2
1.337755 4.953759 -0.487460 2
1.337755 4.953759 -0.487460 2
1.062212 3.739245 -1.132233 2
1.062212 3.739245 -1.132233 2
1.777048 5.793390 -0.665117 2
1.777048 5.793390 -0.665117 2
0.156474 3.897294 -1.458016 2
2.302373 6.392435 -0.957682 2
2.302373 6.392435 -0.957682 2
2.302373 6.392435 -0.957682 2
0.123957 3.240567 -1.020719 2
0.123957 3.240567 -1.020719 2
0.123957 3.240567 -1.020719 2
2.667533 6.587620 -1.102163 2
0.479880 3.629039 -0.919650 2
0.479880 3.629039 -0.919650 2
0.163609 5.585418 0.623278 2
0.163609 5.585418 0.623278 2
0.163609 5.585418 0.623278 2
0.163609 5.585418 0.623278 2
-1.620595 5.243080 -0.147256 2
1.532220 6.164505 -0.558526 2
1.532220 6.164505 -0.558526 2
0.209000 3.458035 -1.201452 2
0.209000 3.458035 -1.201452 2
2.259104 6.253421 -0.804245 2
2.259104 6.253421 -0.804245 2
-0.121240 3.519804 -1.171560 2
0.979682 4.510301 -0.835979 2
0.979682 4.510301 -0.835979 2
0.979682 4.510301 -0.835979 2
0.979682 4.510301 -0.835979 2
0.571481 3.831673 -1.231309 2
-0.192419 3.204269 -0.721083 2
1.861517 6.044776 -0.973136 2
1.861517 6.044776 -0.973136 2
1.861517 6.044776 -0.973136 2
-0.046374 1.756288 -1.289513 2
-0.046374 1.756288 -1.289513 2
0.344179 4.461598 -1.102793 2
2.015792 2.236715 -0.099273 2
8.290377 4.299400 0.390952 2
15.044911 2.161759 -0.908452 2
15.044911 2.161759 -0.908452 2
16.483137 3.304048 -0.144754 2
16.483137 3.304048 -0.144754 2
15.601571 2.123273 -1.147161 2
15.601571 2.123273 -1.147161 2
15.521008 2.940911 -1.093471 2
15.439065 2.422131 -1.497447 2
15.324183 2.110114 -1.122665 2
15.553184 3.019256 -1.140355 2
15.601248 3.293980 -0.928088 2
15.039664 1.956309 -1.295900 2
15.039664 1.956309 -1.295900 2
15.039664 1.956309 -1.295900 2
15.416971 3.230438 -1.020019 2
15.416971 3.230438 -1.020019 2
15.435691 3.403220 -0.843321 2
16.793924 5.393322 -0.819344 2
16.793924 5.393322 -0.819344 2
15.363067 2.502681 -1.364536 2
15.363067 2.502681 -1.364536 2
15.100037 3.391792 -0.504329 2
15.100037 3.391792 -0.504329 2
14.973172 3.400490 -1.379863 2
14.973172 3.400490 -1.379863 2
14.973172 3.400490 -1.379863 2
15.448086 3.662399 -0.780828 2
15.448086 3.662399 -0.780828 2
15.636857 3.303905 -1.035411 2
14.990160 3.359324 -0.562439 2
14.990160 3.359324 -0.562439 2
15.406252 2.775452 -1.665409 2
15.406252 2.775452 -1.665409 2
15.355547 3.261922 -1.006382 2
15.355547 3.261922 -1.006382 2
15.334478 3.851896 -1.248648 2
15.600398 3.465153 -0.984032 2
15.650101 2.171368 -1.554523 2
15.918884 3.516394 -0.525582 2
15.918884 3.516394 -0.525582 2
16.624264 4.793912 -0.842150 2
16.624264 4.793912 -0.842150 2
15.710885 3.256567 -1.075121 2
15.199347 2.614637 -1.311404 2
15.826843 3.577944 -1.242847 2
15.158494 3.458072 -0.929424 2
15.158494 3.458072 -0.929424 2
15.028187 3.376076 -0.636701 2
15.028187 3.376076 -0.636701 2
16.943632 4.837804 -0.142201 2
16.943632 4.837804 -0.142201 2
15.387083 3.369075 -0.976069 2
15.801433 3.161422 -1.111970 2
15.801433 3.161422 -1.111970 2
15.783321 3.782860 0.072037 2
15.783321 3.782860 0.072037 2
15.418998 3.419991 -0.542816 2
15.418998 3.419991 -0.542816 2
15.060526 3.265866 -1.610313 2
15.730721 3.121577 -1.128273 2
15.730721 3.121577 -1.128273 2
15.235484 2.609955 -1.320776 2
15.235484 2.609955 -1.320776 2
15.146747 3.435568 -0.862826 2
15.633484 3.413458 -0.967072 2
15.037326 3.330160 -0.587243 2
15.037326 3.330160 -0.587243 2
15.341986 2.941710 -1.652963 2
14.259943 2.248749 -1.326707 2
14.259943 2.248749 -1.326707 2
10.350086 3.620418 -0.082701 2
10.383609 5.341486 1.005033 2
4.890025 0.454478 -1.389136 2
3.200263 7.488893 -1.448789 2
3.200263 7.488893 -1.448789 2
0.484231 6.397009 -0.078600 2
0.484231 6.397009 -0.078600 2
0.901921 4.625379 0.142394 2
0.901921 4.625379 0.142394 2
-0.524192 2.585717 -2.017365 2
-0.524192 2.585717 -2.017365 2
-0.524192 2.585717 -2.017365 2
-0.789330 2.529238 -0.978333 2
-0.789330 2.529238 -0.978333 2
1.752702 5.660534 -1.071762 2
1.752702 5.660534 -1.071762 2
2.662557 7.400409 -0.474720 2
-0.116126 6.254104 -0.911133 2
-0.116126 6.254104 -0.911133 2
0.394745 4.784618 -0.812748 2
0.394745 4.784618 -0.812748 2
-0.136612 2.552178 -1.307646 2
-0.136612 2.552178 -1.307646 2
2.661901 7.007036 -1.020745 2
1.913365 7.561021 -1.464279 2
1.913365 7.561021 -1.464279 2
0.555381 3.507818 -1.351854 2
0.555381 3.507818 -1.351854 2
0.772642 3.934439 -0.797113 2
-0.439725 5.326808 0.341477 2
-0.051917 3.888988 -0.987595 2
0.096236 2.165654 -0.749395 2
0.096236 2.165654 -0.749395 2
1.907224 6.096458 -0.123574 2
1.907224 6.096458 -0.123574 2
0.874800 3.656428 -1.707905 2
0.998954 3.392401 -0.160742 2
-0.061530 4.006673 -0.565788 2
-0.061530 4.006673 -0.565788 2
-0.061530 4.006673 -0.565788 2
-0.127762 3.143285 -1.379929 2
-0.127762 3.143285 -1.379929 2
1.711370 7.830169 -1.677599 2
0.849241 4.328157 -0.826325 2
0.467943 3.968039 -1.217221 2
1.364010 4.932142 -0.977090 2
1.364010 4.932142 -0.977090 2
-1.652316 6.982564 -1.880687 2
-1.652316 6.982564 -1.880687 2
-0.147926 3.036017 -0.543323 2
-0.147926 3.036017 -0.543323 2
2.371860 6.956710 -1.115010 2
0.733960 3.403714 -1.734001 2
0.733960 3.403714 -1.734001 2
0.816878 4.095532 -0.501379 2
0.816878 4.095532 -0.501379 2
1.801467 6.519209 -0.645007 2
1.801467 6.519209 -0.645007 2
-1.048087 4.502373 -0.424458 2
-1.048087 4.502373 -0.424458 2
0.498073 4.871960 -1.022012 2
0.498073 4.871960 -1.022012 2
0.498073 4.871960 -1.022012 2
1.242400 4.580429 -0.073071 2
3.082757 7.327830 -0.753096 2
1.277302 6.668096 -0.842429 2
0.404146 3.455536 -1.230175 2
0.404146 3.455536 -1.230175 2
-2.319781 0.908472 -0.683183 2
-2.319781 0.908472 -0.683183 2
1.358801 3.675559 -1.774024 2
0.388453 1.975154 -1.696829 2
1.697207 4.846593 -0.105538 2
1.035653 5.625197 -0.495582 2
1.035653 5.625197 -0.495582 2
-0.107406 2.911485 -1.443189 2
-0.107406 2.911485 -1.443189 2
2.028112 6.227387 -0.855730 2
0.062634 4.295290 -1.076033 2
0.062634 4.295290 -1.076033 2
-0.778485 2.104990 -1.136100 2
-0.778485 2.104990 -1.136100 2
0.941275 6.002915 -2.016770 2
0.941275 6.002915 -2.016770 2
0.013873 3.469218 -1.328331 2
-0.382229 2.565870 -0.777207 2
2.389682 6.940559 -0.778392 2
2.389682 6.940559 -0.778392 2
2.389682 6.940559 -0.778392 2
1.429999 3.729365 -0.818201 2
1.429999 3.729365 -0.818201 2
-1.446143 5.026865 -0.575675 2
-1.446143 5.026865 -0.575675 2
-0.000589 4.872150 -1.472836 2
-1.153498 5.128149 -0.308716 2
-1.153498 5.128149 -0.308716 2
-0.016641 4.124262 -1.067112 2
-0.016641 4.124262 -1.067112 2
-0.093259 2.461226 -1.180833 2
0.486942 6.570348 -2.283180 2
2.484429 5.169809 -0.764035 2
2.484429 5.169809 -0.764035 2
2.484429 5.169809 -0.764035 2
8.642671 1.469030 -0.687112 2
8.642671 1.469030 -0.687112 2
8.642671 1.469030 -0.687112 2
12.644564 3.051851 -1.154391 2
12.644564 3.051851 -1.154391 2
12.644564 3.051851 -1.154391 2
12.644564 3.051851 -1.154391 2
12.644564 3.051851 -1.154391 2
12.644564 3.051851 -1.154391 2
16.133051 2.871098 -1.005093 2
14.820627 3.266436 -0.459666 2
15.865129 3.126348 -1.937848 2
15.865129 3.126348 -1.937848 2
15.289449 2.528441 -1.736526 2
15.289449 2.528441 -1.736526 2
15.289449 2.528441 -1.736526 2
15.453222 3.412769 -0.787435 2
15.453222 3.412769 -0.787435 2
14.687703 3.797750 -0.839919 2
14.687703 3.797750 -0.839919 2
14.687703 3.797750 -0.839919 2
15.316933 2.974499 -1.779216 2
15.316933 2.974499 -1.779216 2
15.148537 3.727323 -1.001803 2
15.148537 3.727323 -1.001803 2
15.841250 2.250228 -1.594433 2
15.024273 2.382761 -1.500094 2
15.243968 3.595980 -0.925817 2
15.243968 3.595980 -0.925817 2
15.243968 3.595980 -0.925817 2
15.786923 2.695301 -1.090006 2
15.786923 2.695301 -1.090006 2
15.640698 2.424848 -1.679245 2
15.509013 3.190179 -0.918976 2
15.156943 3.388340 -0.975655 2
15.635050 2.371189 -1.455135 2
15.635050 2.371189 -1.455135 2
15.166093 2.543396 -1.501716 2
15.166093 2.543396 -1.501716 2
15.326950 2.909202 -1.329742 2
15.696846 2.578362 -1.264882 2
15.663570 2.419872 -1.712020 2
15.903740 3.328704 -0.837046 2
15.903740 3.328704 -0.837046 2
15.197232 2.109469 -1.407911 2
15.555744 2.346427 -1.591919 2
15.555744 2.346427 -1.591919 2
15.555744 2.346427 -1.591919 2
15.781989 2.855969 -1.220068 2
15.707319 2.505727 -1.190511 2
15.707319 2.505727 -1.190511 2
16.223787 3.693686 -0.890391 2
15.093094 3.793888 -0.869692 2
15.808847 2.148689 -1.314051 2
15.347575 2.468365 -1.560188 2
15.347575 2.468365 -1.560188 2
15.347575 2.468365 -1.560188 2
15.267637 3.139189 -1.265551 2
15.661458 3.101386 -0.481832 2
15.661458 3.101386 -0.481832 2
16.106480 3.627768 -0.728519 2
16.106480 3.627768 -0.728519 2
15.200454 2.847177 -1.390763 2
15.502507 2.857564 -1.289857 2
15.502507 2.857564 -1.289857 2
15.176500 2.665893 -1.458561 2
15.176500 2.665893 -1.458561 2
15.279501 2.385104 -1.534075 2
15.727484 2.333745 -1.647474 2
15.131968 3.404508 -0.610354 2
15.131968 3.404508 -0.610354 2
15.249198 2.067915 -0.911169 2
15.377919 2.352270 -1.584435 2
15.377919 2.352270 -1.584435 2
15.448687 2.415670 -1.634321 2
15.320412 2.230472 -1.290534 2
15.503474 3.217597 -0.311123 2
15.271315 2.484222 -1.694874 2
15.271315 2.484222 -1.694874 2
15.271315 2.484222 -1.694874 2
15.406108 3.023651 -1.277719 2
15.635696 2.419234 -1.655420 2
15.635696 2.419234 -1.655420 2
15.328810 2.616499 -1.564340 2
15.328810 2.616499 -1.564340 2
15.576271 2.551432 -1.210312 2
15.969599 2.440855 -1.426483 2
15.969599 2.440855 -1.426483 2
15.969599 2.440855 -1.426483 2
15.497070 2.668674 -1.624599 2
15.247095 2.398481 -1.602595 2
15.247095 2.398481 -1.602595 2
15.122805 3.600854 -0.976715 2
15.122805 3.600854 -0.976715 2
15.122805 3.600854 -0.976715 2
13.337742 3.380089 -1.084158 2
13.337742 3.380089 -1.084158 2
10.348224 2.340672 -0.450329 2
11.019145 3.750945 0.660260 2
6.350806 5.123810 0.693239 2
4.610197 10.249401 -0.350938 2
2.796945 4.813885 -1.386399 2
2.796945 4.813885 -1.386399 2
2.796945 4.813885 -1.386399 2
0.274943 5.418254 -0.262673 2
0.274943 5.418254 -0.262673 2
0.274943 5.418254 -0.262673 2
0.274943 5.418254 -0.262673 2
0.274943 5.418254 -0.262673 2
0.047785 2.180256 -1.098940 2
0.047785 2.180256 -1.098940 2
0.008373 3.616010 -0.530766 2
0.008373 3.616010 -0.530766 2
0.396256 3.665253 -0.913607 2
0.396256 3.665253 -0.913607 2
1.236970 2.980247 -1.048272 2
0.289108 4.545116 -0.760172 2
0.860104 3.564331 1.510530 2
0.860104 3.564331 1.510530 2
0.860104 3.564331 1.510530 2
0.860104 3.564331 1.510530 2
0.860104 3.564331 1.510530 2
0.508688 4.290524 -0.586282 2
-0.342982 2.377509 -0.945753 2
1.672282 5.681637 -1.225471 2
1.672282 5.681637 -1.225471 2
-1.788403 7.486946 -1.900504 2
0.204406 3.368040 -1.198976 2
-0.145147 2.907164 -0.633577 2
-0.145147 2.907164 -0.633577 2
-0.209801 3.519709 -0.093394 2
-0.042162 1.817925 -1.113524 2
-0.042162 1.817925 -1.113524 2
1.032282 4.459841 -0.943738 2
1.032282 4.459841 -0.943738 2
1.032282 4.459841 -0.943738 2
-0.184247 3.235072 -1.331630 2
0.384294 6.314085 -2.128721 2
1.619029 4.839962 -0.531620 2
1.839465 7.580955 -1.589176 2
1.839465 7.580955 -1.589176 2
0.824082 4.738448 -0.869559 2
0.301831 3.946989 -0.866174 2
0.986358 3.786150 -1.121818 2
0.986358 3.786150 -1.121818 2
0.091085 3.574580 -1.216668 2
-0.306220 1.956798 -1.068903 2
-0.306220 1.956798 -1.068903 2
-0.306220 1.956798 -1.068903 2
0.821213 3.580667 -1.854987 2
0.351208 4.139587 -1.768755 2
1.673154 6.082354 -0.793191 2
1.166102 5.698340 -0.578830 2
1.026731 3.896036 -0.410787 2
0.328800 3.756090 -1.232871 2
0.328800 3.756090 -1.232871 2
0.328800 3.756090 -1.232871 2
0.328800 3.756090 -1.232871 2
1.897326 6.798375 -0.934431 2
0.226182 3.565803 -1.213902 2
1.874498 4.954946 -0.182660 2
3.245114 6.714993 -0.507839 2
0.999043 4.218402 -1.167785 2
0.103629 3.656370 -1.225016 2
-0.682770 4.101412 -0.655550 2
-1.508168 2.216122 -0.638261 2
-1.508168 2.216122 -0.638261 2
1.322453 4.123132 -1.606376 2
1.672295 3.984962 -1.158075 2
0.013649 5.186587 0.088179 2
0.013649 5.186587 0.088179 2
0.662741 5.124904 1.244619 2
0.108783 3.514503 -1.393391 2
-1.466611 5.091856 -0.686567 2
-1.466611 5.091856 -0.686567 2
0.329830 4.422878 -1.000031 2
1.441628 4.069217 -0.968778 2
-0.596701 2.153086 -1.216148 2
-0.596701 2.153086 -1.216148 2
-0.596701 2.153086 -1.216148 2
-0.334740 8.194548 -0.163996 2
-0.336740 4.250613 -1.669773 2
-0.520198 2.466776 -0.762937 2
-0.520198 2.466776 -0.762937 2
-0.520198 2.466776 -0.762937 2
0.770000 3.679829 -1.503701 2
0.020714 2.175648 -1.287212 2
1.213672 3.351559 0.510354 2
1.213672 3.351559 0.510354 2
1.213672 3.351559 0.510354 2
0.113732 3.492692 -0.702012 2
-1.055306 5.007145 -0.890945 2
1.962787 5.955213 -0.906158 2
-0.316985 3.442402 -1.127853 2
-0.316985 3.442402 -1.127853 2
1.685651 3.575626 -1.141503 2
3.770658 2.887179 0.129778 2
6.486968 4.819637 -0.385570 2
7.663776 5.417626 -1.330976 2
7.663776 5.417626 -1.330976 2
18.041754 1.331364 -1.419514 2
19.680880 2.704457 0.797738 2
19.680880 2.704457 0.797738 2
19.680880 2.704457 0.797738 2
24.376230 2.381654 -3.371491 2
24.376230 2.381654 -3.371491 2
24.376230 2.381654 -3.371491 2
24.376230 2.381654 -3.371491 2
24.376230 2.381654 -3.371491 2
24.025642 3.115662 -2.575309 2
24.025642 3.115662 -2.575309 2
24.025642 3.115662 -2.575309 2
24.025642 3.115662 -2.575309 2
24.025642 3.115662 -2.575309 2
24.025642 3.115662 -2.575309 2
24.025642 3.115662 -2.575309 2
24.025642 3.115662 -2.575309 2
24.025642 3.115662 -2.575309 2
24.025642 3.115662 -2.575309 2
24.025642 3.115662 -2.575309 2
24.025642 3.115662 -2.575309 2
24.025642 3.115662 -2.575309 2
24.025642 3.115662 -2.575309 2
24.025642 3.115662 -2.575309 2
24.025642 3.115662 -2.575309 2
24.025642 3.115662 -2.575309 2
24.025642 3.115662 -2.575309 2
24.025642 3.115662 -2.575309 2
24.025642 3.115662 -2.575309 2
24.025642 3.115662 -2.575309 2
24.025642 3.115662 -2.575309 2
24.025642 3.115662 -2.575309 2
24.025642 3.115662 -2.575309 2
24.025642 3.115662 -2.575309 2
24.025642 3.115662 -2.575309 2
24.025642 3.115662 -2.575309 2
24.025642 3.115662 -2.575309 2
24.025642 3.115662 -2.575309 2
24.025642 3.115662 -2.575309 2
24.025642 3.115662 -2.575309 2
24.025642 3.115662 -2.575309 2
24.025642 3.115662 -2.575309 2
24.025642 3.115662 -2.575309 2
24.025642 3.115662 -2.575309 2
24.025642 3.115662 -2.575309 2
24.025642 3.115662 -2.575309 2
24.025642 3.115662 -2.575309 2
24.025642 3.115662 -2.575309 2
24.025642 3.115662 -2.575309 2
24.025642 3.115662 -2.575309 2
24.025642 3.115662 -2.575309 2
24.025642 3.115662 -2.575309 2
24.025642 3.115662 -2.575309 2
24.025642 3.115662 -2.575309 2
24.025642 3.115662 -2.575309 2
24.025642 3.115662 -2.575309 2
24.025642 3.115662 -2.575309 2
24.025642 3.115662 -2.575309 2
24.025642 3.115662 -2.575309 2
24.025642 3.115662 -2.575309 2
24.025642 3.115662 -2.575309 2
24.025642 3.115662 -2.575309 2
24.025642 3.115662 -2.575309 2
24.025642 3.115662 -2.575309 2
24.025642 3.115662 -2.575309 2
24.025642 3.115662 -2.575309 2
24.025642 3.115662 -2.575309 2
24.025642 3.115662 -2.575309 2
24.025642 3.115662 -2.575309 2
24.025642 3.115662 -2.575309 2
24.025642 3.115662 -2.575309 2
24.025642 3.115662 -2.575309 2
24.025642 3.115662 -2.575309 2
24.025642 3.115662 -2.575309 2
25.921078 6.226757 0.736879 2
25.921078 6.226757 0.736879 2
25.921078 6.226757 0.736879 2
25.921078 6.226757 0.736879 2
25.921078 6.226757 0.736879 2
26.422152 6.343838 0.549538 2
26.422152 6.343838 0.549538 2
26.422152 6.343838 0.549538 2
26.422152 6.343838 0.549538 2
26.422152 6.343838 0.549538 2
26.422152 6.343838 0.549538 2
26.422152 6.343838 0.549538 2
26.422152 6.343838 0.549538 2
26.422152 6.343838 0.549538 2
25.583090 6.024350 0.765326 2
25.583090 6.024350 0.765326 2
25.583090 6.024350 0.765326 2
25.583090 6.024350 0.765326 2
25.583090 6.024350 0.765326 2
25.583090 6.024350 0.765326 2
25.583090 6.024350 0.765326 2
25.583090 6.024350 0.765326 2
25.583090 6.024350 0.765326 2
20.842400 5.750062 1.003288 2
17.032995 2.234156 -1.294639 2
12.969893 1.226245 -0.623746 2
9.430727 4.444519 -0.251344 2
11.111007 9.939940 -0.153730 2
11.111007 9.939940 -0.153730 2
4.997198 1.343705 -0.802380 2
4.997198 1.343705 -0.802380 2
1.233448 5.630702 -0.439935 2
1.233448 5.630702 -0.439935 2
1.233448 5.630702 -0.439935 2
1.233448 5.630702 -0.439935 2
0.662283 5.873115 0.242628 2
-0.845650 2.163765 -1.294731 2
-0.845650 2.163765 -1.294731 2
-0.845650 2.163765 -1.294731 2
1.060425 5.830947 -0.119365 2
-0.032256 1.788266 -1.368644 2
-3.368678 7.163862 -0.648291 2
-3.368678 7.163862 -0.648291 2
-3.368678 7.163862 -0.648291 2
0.123745 4.319747 -0.624388 2
-0.079269 3.107322 -0.954040 2
2.513480 6.733367 -1.334619 2
0.085345 4.930881 -0.730344 2
0.085345 4.930881 -0.730344 2
0.296092 2.324599 -1.117783 2
-0.655349 4.260649 -0.969339 2
2.199944 6.455912 -0.802446 2
0.823057 7.070687 -1.057724 2
0.502378 3.475407 -0.748288 2
0.738857 3.692850 -1.167083 2
1.835696 6.171373 -0.910217 2
1.835696 6.171373 -0.910217 2
-0.905648 4.471289 0.014632 2
0.360468 3.294227 -1.266127 2
1.986620 4.405187 -0.733560 2
1.986620 4.405187 -0.733560 2
1.986620 4.405187 -0.733560 2
1.696551 6.425086 -1.206455 2
0.452890 4.233075 -2.006860 2
1.025550 4.707278 -0.728642 2
-0.138219 3.561283 -0.704157 2
-0.138219 3.561283 -0.704157 2
-0.138219 3.561283 -0.704157 2
-0.324105 2.549688 -1.163330 2
1.362883 4.910613 -1.289166 2
1.253593 7.437243 -1.462216 2
-0.669789 1.766113 -1.190986 2
0.333199 4.033660 -1.496720 2
1.830050 6.042322 -0.675304 2
0.747857 3.720484 -1.005756 2
1.003841 4.164709 -1.122077 2
0.684767 3.703300 -0.987142 2
-0.307093 2.660574 -1.112092 2
-0.307093 2.660574 -1.112092 2
-0.307093 2.660574 -1.112092 2
1.323077 3.984752 -1.611129 2
0.442873 4.186482 -1.724163 2
0.020382 4.651264 -0.975071 2
0.020382 4.651264 -0.975071 2
0.020382 4.651264 -0.975071 2
-0.407876 2.922460 -1.334028 2
-0.407876 2.922460 -1.334028 2
-0.407876 2.922460 -1.334028 2
0.081776 4.191352 -1.085854 2
0.081776 4.191352 -1.085854 2
-0.346637 2.148941 -1.153079 2
1.909881 0.565755 -0.864477 2
2.419637 6.018353 -1.221972 2
-0.711635 4.306754 -1.161910 2
0.387691 4.469593 -1.078200 2
-0.396497 2.615214 -0.704441 2
1.893291 6.210524 -0.482877 2
1.893291 6.210524 -0.482877 2
0.679096 3.742714 -1.923707 2
-0.276073 1.773023 -1.462290 2
-0.065752 2.665408 -1.475686 2
1.617522 6.413942 -0.589305 2
1.617522 6.413942 -0.589305 2
0.183629 3.639338 -1.292487 2
-0.544038 3.463323 -0.071756 2
2.570049 6.834075 -1.087588 2
2.570049 6.834075 -1.087588 2
-1.103904 2.832369 -0.722971 2
0.010030 2.263192 -1.106234 2
0.010030 2.263192 -1.106234 2
0.010030 2.263192 -1.106234 2
1.206342 7.615774 -1.428598 2
0.393446 3.697879 -0.910644 2
-0.264303 3.578419 -0.470342 2
2.139779 6.128059 -0.013525 2
2.139779 6.128059 -0.013525 2
2.139779 6.128059 -0.013525 2
0.610710 2.416979 -1.309752 2
-0.117609 2.821922 -0.849719 2
1.891954 6.131730 -0.800866 2
1.891954 6.131730 -0.800866 2
0.901889 3.213822 -1.770660 2
4.291404 3.996837 -0.289109 2
5.521984 1.738821 -1.255159 2
7.421281 4.367725 -0.688755 2
7.421281 4.367725 -0.688755 2
7.421281 4.367725 -0.688755 2
7.421281 4.367725 -0.688755 2
7.421281 4.367725 -0.688755 2
7.421281 4.367725 -0.688755 2
7.421281 4.367725 -0.688755 2
24.981859 3.353636 -0.711882 2
24.981859 3.353636 -0.711882 2
24.981859 3.353636 -0.711882 2
24.981859 3.353636 -0.711882 2
24.981859 3.353636 -0.711882 2
24.981859 3.353636 -0.711882 2
24.981859 3.353636 -0.711882 2
24.981859 3.353636 -0.711882 2
24.981859 3.353636 -0.711882 2
24.981859 3.353636 -0.711882 2
24.981859 3.353636 -0.711882 2
24.981859 3.353636 -0.711882 2
24.981859 3.353636 -0.711882 2
24.981859 3.353636 -0.711882 2
24.438278 7.653306 1.890556 2
25.536621 5.836796 1.314242 2
25.536621 5.836796 1.314242 2
25.536621 5.836796 1.314242 2
25.536621 5.836796 1.314242 2
25.536621 5.836796 1.314242 2
25.536621 5.836796 1.314242 2
25.536621 5.836796 1.314242 2
24.832594 6.842137 1.538415 2
24.832594 6.842137 1.538415 2
24.832594 6.842137 1.538415 2
24.832594 6.842137 1.538415 2
24.832594 6.842137 1.538415 2
24.832594 6.842137 1.538415 2
24.832594 6.842137 1.538415 2
24.832594 6.842137 1.538415 2
24.832594 6.842137 1.538415 2
24.832594 6.842137 1.538415 2
24.832594 6.842137 1.538415 2
24.832594 6.842137 1.538415 2
24.832594 6.842137 1.538415 2
24.832594 6.842137 1.538415 2
24.832594 6.842137 1.538415 2
24.832594 6.842137 1.538415 2
24.832594 6.842137 1.538415 2
24.832594 6.842137 1.538415 2
24.832594 6.842137 1.538415 2
24.832594 6.842137 1.538415 2
24.832594 6.842137 1.538415 2
24.832594 6.842137 1.538415 2
24.832594 6.842137 1.538415 2
24.832594 6.842137 1.538415 2
24.832594 6.842137 1.538415 2
24.832594 6.842137 1.538415 2
26.282814 5.748579 1.480734 2
26.282814 5.748579 1.480734 2
26.282814 5.748579 1.480734 2
26.282814 5.748579 1.480734 2
26.282814 5.748579 1.480734 2
26.282814 5.748579 1.480734 2
26.282814 5.748579 1.480734 2
26.282814 5.748579 1.480734 2
26.282814 5.748579 1.480734 2
26.282814 5.748579 1.480734 2
26.282814 5.748579 1.480734 2
26.282814 5.748579 1.480734 2
26.282814 5.748579 1.480734 2
26.282814 5.748579 1.480734 2
26.282814 5.748579 1.480734 2
26.282814 5.748579 1.480734 2
26.282814 5.748579 1.480734 2
26.282814 5.748579 1.480734 2
26.282814 5.748579 1.480734 2
26.282814 5.748579 1.480734 2
24.947510 6.676284 1.410482 2
24.947510 6.676284 1.410482 2
24.947510 6.676284 1.410482 2
24.947510 6.676284 1.410482 2
24.947510 6.676284 1.410482 2
24.947510 6.676284 1.410482 2
24.947510 6.676284 1.410482 2
24.947510 6.676284 1.410482 2
24.947510 6.676284 1.410482 2
24.947510 6.676284 1.410482 2
24.947510 6.676284 1.410482 2
24.947510 6.676284 1.410482 2
25.471027 5.554706 1.156411 2
25.471027 5.554706 1.156411 2
25.471027 5.554706 1.156411 2
25.471027 5.554706 1.156411 2
25.471027 5.554706 1.156411 2
25.471027 5.554706 1.156411 2
25.471027 5.554706 1.156411 2
25.471027 5.554706 1.156411 2
25.471027 5.554706 1.156411 2
25.471027 5.554706 1.156411 2
25.471027 5.554706 1.156411 2
25.471027 5.554706 1.156411 2
25.471027 5.554706 1.156411 2
25.471027 5.554706 1.156411 2
10.223588 3.940616 -0.850324 2
10.223588 3.940616 -0.850324 2
14.666197 13.573143 1.503371 2
4.829533 4.329146 0.164268 2
4.829533 4.329146 0.164268 2
4.829533 4.329146 0.164268 2
4.829533 4.329146 0.164268 2
-1.886477 5.015111 -1.227274 2
-1.886477 5.015111 -1.227274 2
-1.886477 5.015111 -1.227274 2
-1.886477 5.015111 -1.227274 2
0.285527 4.776265 -1.095799 2
-0.283244 2.921996 -1.916432 2
-0.283244 2.921996 -1.916432 2
0.551744 4.217334 -0.463341 2
0.551744 4.217334 -0.463341 2
-0.145387 3.056402 -0.722916 2
0.769236 4.682844 -1.709267 2
0.769236 4.682844 -1.709267 2
1.193787 4.541442 -1.195402 2
0.265060 0.954389 -1.514711 2
-0.597523 3.167957 -1.264219 2
-0.597523 3.167957 -1.264219 2
-0.007435 3.644618 -0.831752 2
-0.007435 3.644618 -0.831752 2
-0.284372 3.160120 -0.801480 2
1.666723 5.977420 -1.167423 2
0.091600 4.434027 -0.577130 2
0.412207 2.681561 -1.186780 2
0.412207 2.681561 -1.186780 2
2.316156 6.218538 -0.643829 2
2.316156 6.218538 -0.643829 2
1.552316 7.341820 -1.048859 2
0.436544 4.249152 -0.826743 2
0.481988 3.950703 -0.988668 2
0.556662 4.065228 -0.800908 2
0.556662 4.065228 -0.800908 2
-1.087766 4.107392 -0.034459 2
0.260659 3.375702 -1.117170 2
-0.096510 2.377301 -0.988464 2
-3.216259 0.156175 -0.007942 2
-3.216259 0.156175 -0.007942 2
0.438346 3.771280 -1.730171 2
0.438346 3.771280 -1.730171 2
-0.135615 5.315612 0.126413 2
1.869599 6.424472 -0.751172 2
1.869599 6.424472 -0.751172 2
0.086068 3.542130 -1.216173 2
-0.526669 3.328757 -0.434986 2
-0.526669 3.328757 -0.434986 2
-0.526669 3.328757 -0.434986 2
-0.526669 3.328757 -0.434986 2
1.604671 4.169673 -0.253601 2
0.019896 4.598122 -1.224491 2
1.737353 5.527539 -1.214210 2
-1.194087 4.118695 0.147435 2
-0.617527 2.533674 -0.598822 2
-0.617527 2.533674 -0.598822 2
-2.301445 0.814160 -0.536431 2
0.826260 4.361925 -1.171525 2
0.826260 4.361925 -1.171525 2
-0.382323 1.943534 -1.357875 2
-0.018169 3.298805 -0.451920 2
-0.268124 5.482572 0.133197 2
-0.268124 5.482572 0.133197 2
0.019847 4.177831 -1.026771 2
-0.562293 3.706639 -0.427414 2
1.298823 4.927396 -0.683341 2
-0.468582 3.323355 -1.163890 2
1.007152 5.882171 0.920994 2
-0.376765 2.326337 -0.924800 2
-0.376765 2.326337 -0.924800 2
2.291573 6.661513 -0.705306 2
-0.879958 8.627935 -0.264021 2
0.260044 3.669545 -1.014067 2
0.927989 3.728667 0.698318 2
1.404056 5.721848 -0.609584 2
0.806220 3.740380 -1.185163 2
0.806220 3.740380 -1.185163 2
0.634579 3.549672 -1.413638 2
0.090824 3.062809 -0.609716 2
-1.963157 1.334345 -0.448265 2
2.861138 8.172124 -1.508650 2
0.888641 4.252997 -1.755884 2
0.695639 4.416255 -0.931830 2
0.695639 4.416255 -0.931830 2
1.164869 4.309234 -0.632437 2
1.164869 4.309234 -0.632437 2
0.299573 3.515830 -1.163045 2
-0.357652 2.894923 -0.439901 2
2.432012 7.089609 -1.083937 2
1.522570 6.833208 -1.283729 2
1.522570 6.833208 -1.283729 2
1.112792 5.825024 -0.459864 2
1.112792 5.825024 -0.459864 2
2.423658 6.348375 -1.219282 2
2.423658 6.348375 -1.219282 2
4.705397 4.409518 -1.533275 2
9.486455 4.160097 0.839276 2
9.486455 4.160097 0.839276 2
9.486455 4.160097 0.839276 2
17.809359 8.338336 -1.002101 2
19.880682 1.994131 -1.600117 2
19.880682 1.994131 -1.600117 2
19.880682 1.994131 -1.600117 2
26.015949 2.055285 -3.382231 2
26.015949 2.055285 -3.382231 2
26.015949 2.055285 -3.382231 2
26.015949 2.055285 -3.382231 2
26.015949 2.055285 -3.382231 2
26.015949 2.055285 -3.382231 2
26.015949 2.055285 -3.382231 2
26.015949 2.055285 -3.382231 2
26.015949 2.055285 -3.382231 2
26.015949 2.055285 -3.382231 2
26.015949 2.055285 -3.382231 2
26.015949 2.055285 -3.382231 2
26.015949 2.055285 -3.382231 2
26.015949 2.055285 -3.382231 2
28.685614 3.895496 -2.082530 2
28.685614 3.895496 -2.082530 2
28.685614 3.895496 -2.082530 2
28.685614 3.895496 -2.082530 2
28.685614 3.895496 -2.082530 2
28.685614 3.895496 -2.082530 2
28.685614 3.895496 -2.082530 2
28.685614 3.895496 -2.082530 2
28.685614 3.895496 -2.082530 2
28.685614 3.895496 -2.082530 2
28.685614 3.895496 -2.082530 2
28.685614 3.895496 -2.082530 2
28.685614 3.895496 -2.082530 2
28.685614 3.895496 -2.082530 2
28.685614 3.895496 -2.082530 2
28.685614 3.895496 -2.082530 2
28.685614 3.895496 -2.082530 2
28.685614 3.895496 -2.082530 2
28.685614 3.895496 -2.082530 2
28.685614 3.895496 -2.082530 2
28.685614 3.895496 -2.082530 2
28.685614 3.895496 -2.082530 2
28.685614 3.895496 -2.082530 2
28.685614 3.895496 -2.082530 2
28.685614 3.895496 -2.082530 2
28.685614 3.895496 -2.082530 2
28.685614 3.895496 -2.082530 2
28.685614 3.895496 -2.082530 2
28.685614 3.895496 -2.082530 2
28.685614 3.895496 -2.082530 2
28.685614 3.895496 -2.082530 2
28.685614 3.895496 -2.082530 2
28.685614 3.895496 -2.082530 2
28.685614 3.895496 -2.082530 2
28.685614 3.895496 -2.082530 2
28.685614 3.895496 -2.082530 2
28.685614 3.895496 -2.082530 2
28.685614 3.895496 -2.082530 2
28.685614 3.895496 -2.082530 2
28.685614 3.895496 -2.082530 2
28.685614 3.895496 -2.082530 2
28.685614 3.895496 -2.082530 2
28.685614 3.895496 -2.082530 2
28.685614 3.895496 -2.082530 2
28.685614 3.895496 -2.082530 2
28.685614 3.895496 -2.082530 2
28.685614 3.895496 -2.082530 2
28.685614 3.895496 -2.082530 2
28.685614 3.895496 -2.082530 2
28.685614 3.895496 -2.082530 2
28.685614 3.895496 -2.082530 2
28.672562 4.556066 -1.816866 2
28.672562 4.556066 -1.816866 2
28.672562 4.556066 -1.816866 2
28.672562 4.556066 -1.816866 2
28.672562 4.556066 -1.816866 2
28.672562 4.556066 -1.816866 2
28.672562 4.556066 -1.816866 2
28.672562 4.556066 -1.816866 2
28.672562 4.556066 -1.816866 2
28.672562 4.556066 -1.816866 2
28.672562 4.556066 -1.816866 2
28.672562 4.556066 -1.816866 2
28.672562 4.556066 -1.816866 2
28.672562 4.556066 -1.816866 2
27.421011 6.062134 -0.578611 2
27.421011 6.062134 -0.578611 2
29.852459 2.686398 -2.748800 2
29.852459 2.686398 -2.748800 2
29.852459 2.686398 -2.748800 2
29.385372 3.256454 -1.944214 2
29.385372 3.256454 -1.944214 2
29.385372 3.256454 -1.944214 2
29.385372 3.256454 -1.944214 2
28.756977 4.398906 -2.474203 2
28.756977 4.398906 -2.474203 2
28.452116 4.501793 -1.763791 2
28.452116 4.501793 -1.763791 2
28.452116 4.501793 -1.763791 2
25.510443 3.647615 -2.281291 2
25.510443 3.647615 -2.281291 2
22.430618 4.668795 -0.174413 2
22.430618 4.668795 -0.174413 2
18.851303 3.918431 0.300903 2
10.053046 4.734341 -0.264918 2
10.053046 4.734341 -0.264918 2
3.516987 -4.348283 -1.947028 2
3.516987 -4.348283 -1.947028 2
2.202726 6.257674 -0.889541 2
2.202726 6.257674 -0.889541 2
5.640319 0.915264 0.044939 2
5.640319 0.915264 0.044939 2
5.640319 0.915264 0.044939 2
0.662594 5.207956 -1.452909 2
0.662594 5.207956 -1.452909 2
-0.869515 4.830987 0.861386 2
-0.869515 4.830987 0.861386 2
-0.869515 4.830987 0.861386 2
0.034266 2.473178 -0.898929 2
0.034266 2.473178 -0.898929 2
0.034266 2.473178 -0.898929 2
0.034266 2.473178 -0.898929 2
-1.858412 5.257721 -2.428561 2
-1.858412 5.257721 -2.428561 2
0.392903 6.638751 -0.541602 2
1.773226 6.608642 -0.330397 2
1.773226 6.608642 -0.330397 2
-0.262125 7.061821 -2.153702 2
-0.262125 7.061821 -2.153702 2
1.591341 8.279505 -1.356688 2
1.591341 8.279505 -1.356688 2
-0.448067 5.342630 0.294352 2
-0.448067 5.342630 0.294352 2
-0.034619 2.910627 -0.952426 2
2.091565 6.603899 -0.778700 2
2.091565 6.603899 -0.778700 2
-0.312866 2.109373 -1.126932 2
-0.312866 2.109373 -1.126932 2
-1.088448 2.835237 -0.285480 2
-0.219354 5.012428 0.142281 2
0.739073 3.791396 -1.434335 2
2.154892 6.785648 -0.731761 2
2.154892 6.785648 -0.731761 2
2.154892 6.785648 -0.731761 2
2.154892 6.785648 -0.731761 2
0.113399 3.348045 -1.063270 2
2.050436 4.900818 -0.123424 2
2.050436 4.900818 -0.123424 2
2.050436 4.900818 -0.123424 2
2.050436 4.900818 -0.123424 2
1.218720 5.928785 -0.482882 2
1.218720 5.928785 -0.482882 2
0.158870 3.193274 -1.633966 2
0.413602 3.925844 -1.079999 2
0.413602 3.925844 -1.079999 2
-1.407046 2.186707 -0.659034 2
-1.407046 2.186707 -0.659034 2
0.956357 3.870106 -1.517951 2
0.956357 3.870106 -1.517951 2
0.956357 3.870106 -1.517951 2
1.775279 6.934787 -0.473485 2
1.775279 6.934787 -0.473485 2
0.044473 3.689699 -1.013207 2
0.044473 3.689699 -1.013207 2
1.561258 4.852972 0.023914 2
1.561258 4.852972 0.023914 2
0.131368 4.294628 -0.865542 2
-0.810122 2.154843 -1.323564 2
-0.810122 2.154843 -1.323564 2
1.357492 5.355720 -1.040399 2
1.357492 5.355720 -1.040399 2
0.232822 3.744662 -0.877426 2
0.232822 3.744662 -0.877426 2
-0.613165 3.072715 0.157372 2
1.224052 5.491668 -0.698149 2
1.224052 5.491668 -0.698149 2
-0.520900 1.711818 -1.682596 2
-0.520900 1.711818 -1.682596 2
1.328861 6.020491 -0.442020 2
1.328861 6.020491 -0.442020 2
0.404681 5.164924 -1.169466 2
-0.522360 3.295885 -0.433774 2
-0.522360 3.295885 -0.433774 2
0.026443 3.299996 -0.976834 2
0.026443 3.299996 -0.976834 2
-0.881524 2.301062 -1.135277 2
-0.881524 2.301062 -1.135277 2
-0.580030 3.321340 -0.269973 2
1.485641 7.647037 -1.386431 2
1.485641 7.647037 -1.386431 2
-0.628960 2.382170 -0.710052 2
-0.628960 2.382170 -0.710052 2
1.756483 6.177245 -0.712943 2
1.756483 6.177245 -0.712943 2
0.098846 2.555789 -1.225742 2
-0.207232 2.524319 -0.906841 2
-0.207232 2.524319 -0.906841 2
0.553149 3.460638 0.229823 2
0.553149 3.460638 0.229823 2
4.760168 2.703017 -1.089997 2
4.760168 2.703017 -1.089997 2
7.468449 4.552573 -0.699302 2
7.468449 4.552573 -0.699302 2
7.468449 4.552573 -0.699302 2
7.468449 4.552573 -0.699302 2
7.468449 4.552573 -0.699302 2
7.468449 4.552573 -0.699302 2
7.468449 4.552573 -0.699302 2
7.468449 4.552573 -0.699302 2
7.468449 4.552573 -0.699302 2
7.468449 4.552573 -0.699302 2
7.468449 4.552573 -0.699302 2
7.468449 4.552573 -0.699302 2
7.468449 4.552573 -0.699302 2
7.468449 4.552573 -0.699302 2
7.468449 4.552573 -0.699302 2
7.468449 4.552573 -0.699302 2
7.468449 4.552573 -0.699302 2
7.468449 4.552573 -0.699302 2
7.468449 4.552573 -0.699302 2
7.468449 4.552573 -0.699302 2
7.468449 4.552573 -0.699302 2
7.468449 4.552573 -0.699302 2
7.468449 4.552573 -0.699302 2
7.468449 4.552573 -0.699302 2
7.468449 4.552573 -0.699302 2
7.468449 4.552573 -0.699302 2
7.468449 4.552573 -0.699302 2
7.468449 4.552573 -0.699302 2
7.468449 4.552573 -0.699302 2
7.468449 4.552573 -0.699302 2
7.468449 4.552573 -0.699302 2
7.468449 4.552573 -0.699302 2
7.468449 4.552573 -0.699302 2
7.468449 4.552573 -0.699302 2
7.468449 4.552573 -0.699302 2
7.468449 4.552573 -0.699302 2
7.468449 4.552573 -0.699302 2
7.468449 4.552573 -0.699302 2
7.468449 4.552573 -0.699302 2
7.468449 4.552573 -0.699302 2
7.468449 4.552573 -0.699302 2
7.468449 4.552573 -0.699302 2
7.468449 4.552573 -0.699302 2
7.468449 4.552573 -0.699302 2
7.468449 4.552573 -0.699302 2
7.468449 4.552573 -0.699302 2
7.468449 4.552573 -0.699302 2
7.468449 4.552573 -0.699302 2
7.468449 4.552573 -0.699302 2
7.468449 4.552573 -0.699302 2
7.468449 4.552573 -0.699302 2
7.468449 4.552573 -0.699302 2
7.468449 4.552573 -0.699302 2
7.468449 4.552573 -0.699302 2
29.758007 2.607874 -2.833731 2
29.758007 2.607874 -2.833731 2
29.758007 2.607874 -2.833731 2
29.758007 2.607874 -2.833731 2
29.758007 2.607874 -2.833731 2
29.758007 2.607874 -2.833731 2
29.758007 2.607874 -2.833731 2
28.220165 4.075229 -2.130892 2
28.220165 4.075229 -2.130892 2
28.220165 4.075229 -2.130892 2
28.220165 4.075229 -2.130892 2
28.220165 4.075229 -2.130892 2
28.220165 4.075229 -2.130892 2
28.220165 4.075229 -2.130892 2
28.220165 4.075229 -2.130892 2
28.220165 4.075229 -2.130892 2
28.220165 4.075229 -2.130892 2
28.220165 4.075229 -2.130892 2
28.220165 4.075229 -2.130892 2
28.220165 4.075229 -2.130892 2
28.220165 4.075229 -2.130892 2
28.220165 4.075229 -2.130892 2
28.220165 4.075229 -2.130892 2
28.220165 4.075229 -2.130892 2
28.220165 4.075229 -2.130892 2
28.220165 4.075229 -2.130892 2
28.220165 4.075229 -2.130892 2
28.220165 4.075229 -2.130892 2
28.220165 4.075229 -2.130892 2
28.220165 4.075229 -2.130892 2
28.220165 4.075229 -2.130892 2
28.220165 4.075229 -2.130892 2
28.220165 4.075229 -2.130892 2
28.220165 4.075229 -2.130892 2
28.220165 4.075229 -2.130892 2
28.220165 4.075229 -2.130892 2
28.220165 4.075229 -2.130892 2
28.220165 4.075229 -2.130892 2
28.220165 4.075229 -2.130892 2
28.220165 4.075229 -2.130892 2
28.220165 4.075229 -2.130892 2
28.220165 4.075229 -2.130892 2
28.220165 4.075229 -2.130892 2
28.220165 4.075229 -2.130892 2
28.220165 4.075229 -2.130892 2
28.220165 4.075229 -2.130892 2
28.220165 4.075229 -2.130892 2
28.220165 4.075229 -2.130892 2
28.220165 4.075229 -2.130892 2
28.220165 4.075229 -2.130892 2
28.220165 4.075229 -2.130892 2
28.220165 4.075229 -2.130892 2
28.220165 4.075229 -2.130892 2
28.220165 4.075229 -2.130892 2
28.220165 4.075229 -2.130892 2
28.220165 4.075229 -2.130892 2
28.220165 4.075229 -2.130892 2
28.220165 4.075229 -2.130892 2
28.220165 4.075229 -2.130892 2
-0.549419 4.251692 -0.666700 2
-0.549419 4.251692 -0.666700 2
1.956990 6.176660 0.219169 2
1.956990 6.176660 0.219169 2
-0.202197 2.242885 -0.749964 2
-0.202197 2.242885 -0.749964 2
-0.202197 2.242885 -0.749964 2
-0.202197 2.242885 -0.749964 2
-0.202197 2.242885 -0.749964 2
-0.172290 3.730476 -1.160105 2
-0.172290 3.730476 -1.160105 2
-0.172290 3.730476 -1.160105 2
-0.172290 3.730476 -1.160105 2
-0.172290 3.730476 -1.160105 2
-0.172290 3.730476 -1.160105 2
-0.172290 3.730476 -1.160105 2
-0.051761 4.663159 -0.921496 2
-0.051761 4.663159 -0.921496 2
0.430494 3.715271 -1.285127 2
0.430494 3.715271 -1.285127 2
1.452609 5.609897 0.295844 2
0.334643 3.297782 -0.929685 2
0.334643 3.297782 -0.929685 2
-0.199416 3.488459 -0.568828 2
-0.199416 3.488459 -0.568828 2
1.023875 4.056936 -1.376557 2
1.023875 4.056936 -1.376557 2
0.970234 4.226783 -1.506777 2
-0.369644 3.911509 -1.215992 2
-0.369644 3.911509 -1.215992 2
0.215568 3.499217 -0.946060 2
0.215568 3.499217 -0.946060 2
1.672539 7.213582 -0.911987 2
1.672539 7.213582 -0.911987 2
-0.315706 3.526468 -0.970806 2
-0.690409 2.054491 -1.435883 2
-0.690409 2.054491 -1.435883 2
0.337087 6.821897 -2.189506 2
0.337087 6.821897 -2.189506 2
0.379238 3.722588 -0.988596 2
0.379238 3.722588 -0.988596 2
-0.898051 3.321753 0.289507 2
-3.835229 -1.244048 -0.979186 2
-3.835229 -1.244048 -0.979186 2
0.160917 2.365556 -1.280582 2
0.160917 2.365556 -1.280582 2
-0.185468 4.462809 -0.269164 2
-0.185468 4.462809 -0.269164 2
-0.185468 4.462809 -0.269164 2
-0.118756 3.600102 -1.053883 2
-0.389497 3.598808 0.822141 2
2.206214 5.491003 -0.548119 2
2.206214 5.491003 -0.548119 2
2.206214 5.491003 -0.548119 2
2.206214 5.491003 -0.548119 2
-1.265469 3.484426 -2.041146 2
1.199146 4.324958 -0.878042 2
1.199146 4.324958 -0.878042 2
-0.327153 2.850495 -0.811033 2
-0.327153 2.850495 -0.811033 2
1.456122 5.628067 -0.668916 2
1.456122 5.628067 -0.668916 2
1.587972 5.658212 -1.120747 2
-0.101656 2.153397 -1.335042 2
-0.101656 2.153397 -1.335042 2
-0.030747 3.387183 -0.141306 2
-0.030747 3.387183 -0.141306 2
-1.434439 3.274999 -0.311102 2
-1.434439 3.274999 -0.311102 2
1.478361 5.287548 -0.552889 2
-0.493715 3.228621 -0.813343 2
-0.493715 3.228621 -0.813343 2
-0.464424 3.332029 -0.339108 2
-0.464424 3.332029 -0.339108 2
0.261898 3.454262 -0.123394 2
