2.108850 1.959594 -1.501134 2
0.636729 -0.043025 -2.665883 2
0.654413 -0.141401 -2.642098 2
0.654413 -0.141401 -2.642098 2
0.591467 0.037582 -2.563686 2
0.591467 0.037582 -2.563686 2
0.580949 -0.046811 -2.615246 2
-1.061041 1.289607 -1.510472 2
0.728481 -0.510799 -2.081949 2
0.728481 -0.510799 -2.081949 2
0.728481 -0.510799 -2.081949 2
0.434812 -0.820081 -1.922284 2
0.434812 -0.820081 -1.922284 2
0.591292 0.017844 -2.246969 2
1.755900 1.769316 -2.502762 2
1.755900 1.769316 -2.502762 2
1.755900 1.769316 -2.502762 2
1.755900 1.769316 -2.502762 2
-0.039438 -1.071360 -2.011799 2
-0.039438 -1.071360 -2.011799 2
-0.180393 -1.426962 -0.959194 2
-0.180393 -1.426962 -0.959194 2
5.614247 2.151831 -2.406259 2
1.165735 -0.452464 -1.104440 2
1.165735 -0.452464 -1.104440 2
1.709954 0.978170 -1.101666 2
1.709954 0.978170 -1.101666 2
1.590894 0.969999 -1.115601 2
2.398357 1.310553 -1.725397 2
2.398357 1.310553 -1.725397 2
2.112789 3.175497 -1.576121 2
2.112789 3.175497 -1.576121 2
3.202517 3.974975 -1.356209 2
3.202517 3.974975 -1.356209 2
0.576365 -0.056796 -1.593761 2
2.011648 1.459123 -1.964479 2
2.011648 1.459123 -1.964479 2
1.485919 2.208911 -0.999387 2
1.485919 2.208911 -0.999387 2
2.342144 3.655910 -2.014841 2
2.342144 3.655910 -2.014841 2
1.565639 1.415440 -1.400400 2
2.071552 2.578167 -1.582874 2
2.071552 2.578167 -1.582874 2
1.181820 -0.693329 -2.929792 2
1.181820 -0.693329 -2.929792 2
0.714188 1.033704 -1.504906 2
0.714188 1.033704 -1.504906 2
3.135768 3.776794 -1.370494 2
3.135768 3.776794 -1.370494 2
0.672229 0.700354 -1.379910 2
0.623102 0.520128 -0.984613 2
0.623102 0.520128 -0.984613 2
0.623102 0.520128 -0.984613 2
0.623102 0.520128 -0.984613 2
0.536225 0.444166 -1.227215 2
2.195939 2.351445 -1.647397 2
2.195939 2.351445 -1.647397 2
1.888605 5.554620 -0.632218 2
1.888605 5.554620 -0.632218 2
0.676852 0.035519 -1.198821 2
0.676852 0.035519 -1.198821 2
2.253353 1.577074 -1.684008 2
2.253353 1.577074 -1.684008 2
2.253353 1.577074 -1.684008 2
2.253353 1.577074 -1.684008 2
2.253353 1.577074 -1.684008 2
2.253353 1.577074 -1.684008 2
2.253353 1.577074 -1.684008 2
2.060484 3.291292 -1.501367 2
2.060484 3.291292 -1.501367 2
1.241113 3.119695 -0.377888 2
1.241113 3.119695 -0.377888 2
1.241113 3.119695 -0.377888 2
2.116286 4.057387 -1.048098 2
2.116286 4.057387 -1.048098 2
1.559290 1.162505 -0.589566 2
1.559290 1.162505 -0.589566 2
1.559290 1.162505 -0.589566 2
0.099096 0.397597 -2.000661 2
0.099096 0.397597 -2.000661 2
2.255515 1.614013 -1.770140 2
2.255515 1.614013 -1.770140 2
2.732715 4.016250 -1.474945 2
2.732715 4.016250 -1.474945 2
2.030344 1.376238 -2.107664 2
1.945515 3.050554 -1.433822 2
1.945515 3.050554 -1.433822 2
1.945515 3.050554 -1.433822 2
1.945515 3.050554 -1.433822 2
1.698372 1.820875 -2.199576 2
1.698372 1.820875 -2.199576 2
1.698372 1.820875 -2.199576 2
1.698372 1.820875 -2.199576 2
0.318500 0.337161 -1.899014 2
1.709558 1.889391 -2.105186 2
1.709558 1.889391 -2.105186 2
4.769233 4.351085 -1.536284 2
4.769233 4.351085 -1.536284 2
0.496360 0.377744 -1.708011 2
0.496360 0.377744 -1.708011 2
0.496360 0.377744 -1.708011 2
1.860312 1.116585 -1.998438 2
1.860312 1.116585 -1.998438 2
4.965879 1.839004 -2.186046 2
5.367929 -0.965276 -2.468924 2
8.009742 4.539772 -1.201978 2
9.970636 3.898552 -1.696217 2
9.184943 1.952332 -2.510823 2
7.017780 -0.972318 -1.568484 2
8.086071 2.567853 -1.792973 2
8.086071 2.567853 -1.792973 2
8.282531 2.789366 -1.967276 2
8.282531 2.789366 -1.967276 2
7.879947 1.367430 -1.744949 2
7.879947 1.367430 -1.744949 2
7.879947 1.367430 -1.744949 2
7.879947 1.367430 -1.744949 2
7.879947 1.367430 -1.744949 2
7.879947 1.367430 -1.744949 2
7.879947 1.367430 -1.744949 2
7.879947 1.367430 -1.744949 2
7.879947 1.367430 -1.744949 2
7.879947 1.367430 -1.744949 2
7.879947 1.367430 -1.744949 2
7.879947 1.367430 -1.744949 2
7.879947 1.367430 -1.744949 2
7.879947 1.367430 -1.744949 2
7.879947 1.367430 -1.744949 2
7.879947 1.367430 -1.744949 2
7.879947 1.367430 -1.744949 2
7.879947 1.367430 -1.744949 2
7.879947 1.367430 -1.744949 2
7.879947 1.367430 -1.744949 2
7.879947 1.367430 -1.744949 2
7.879947 1.367430 -1.744949 2
7.879947 1.367430 -1.744949 2
7.879947 1.367430 -1.744949 2
7.879947 1.367430 -1.744949 2
7.879947 1.367430 -1.744949 2
7.879947 1.367430 -1.744949 2
7.879947 1.367430 -1.744949 2
7.879947 1.367430 -1.744949 2
7.879947 1.367430 -1.744949 2
7.879947 1.367430 -1.744949 2
7.879947 1.367430 -1.744949 2
7.879947 1.367430 -1.744949 2
7.879947 1.367430 -1.744949 2
7.879947 1.367430 -1.744949 2
7.879947 1.367430 -1.744949 2
7.879947 1.367430 -1.744949 2
7.879947 1.367430 -1.744949 2
7.879947 1.367430 -1.744949 2
7.879947 1.367430 -1.744949 2
7.879947 1.367430 -1.744949 2
7.879947 1.367430 -1.744949 2
7.879947 1.367430 -1.744949 2
7.879947 1.367430 -1.744949 2
8.142667 2.994152 -3.048315 2
8.142667 2.994152 -3.048315 2
8.142667 2.994152 -3.048315 2
9.703075 3.045569 -1.451679 2
9.500426 1.475570 -2.991462 2
9.500426 1.475570 -2.991462 2
9.479362 1.750354 -3.353704 2
9.479362 1.750354 -3.353704 2
8.222331 1.777357 -1.784290 2
9.581961 2.272816 -2.417324 2
9.581961 2.272816 -2.417324 2
9.581961 2.272816 -2.417324 2
9.581961 2.272816 -2.417324 2
9.581961 2.272816 -2.417324 2
8.593581 1.615173 -2.279386 2
8.593581 1.615173 -2.279386 2
8.593581 1.615173 -2.279386 2
8.593581 1.615173 -2.279386 2
8.593581 1.615173 -2.279386 2
9.458439 2.343965 -2.583849 2
9.458439 2.343965 -2.583849 2
8.770401 1.593477 -1.791676 2
8.770401 1.593477 -1.791676 2
8.770401 1.593477 -1.791676 2
8.770401 1.593477 -1.791676 2
8.770401 1.593477 -1.791676 2
8.892805 1.564654 -1.781438 2
8.892805 1.564654 -1.781438 2
8.892805 1.564654 -1.781438 2
9.771434 2.437121 -2.611621 2
9.771434 2.437121 -2.611621 2
8.712408 2.089973 -1.892180 2
8.712408 2.089973 -1.892180 2
8.712408 2.089973 -1.892180 2
9.293131 -0.691315 -3.075121 2
9.293131 -0.691315 -3.075121 2
8.740720 2.155946 -1.991727 2
8.740720 2.155946 -1.991727 2
8.740720 2.155946 -1.991727 2
8.740720 2.155946 -1.991727 2
9.758066 3.380974 -2.669916 2
7.628676 1.502670 -1.414356 2
7.628676 1.502670 -1.414356 2
7.628676 1.502670 -1.414356 2
7.628676 1.502670 -1.414356 2
7.628676 1.502670 -1.414356 2
0.903112 2.764611 -1.306858 2
5.479795 4.528906 -2.236316 2
2.482965 1.897826 -1.701957 2
2.482965 1.897826 -1.701957 2
2.263915 1.084245 -2.248797 2
2.263915 1.084245 -2.248797 2
2.577957 1.624291 -1.615320 2
2.046758 2.629678 -1.672790 2
1.357250 -0.083565 -2.038929 2
1.357250 -0.083565 -2.038929 2
3.092849 4.039944 -0.972335 2
3.092849 4.039944 -0.972335 2
0.395951 1.143259 -1.414419 2
0.395951 1.143259 -1.414419 2
2.292671 2.276367 -1.560825 2
2.292671 2.276367 -1.560825 2
2.292671 2.276367 -1.560825 2
0.736943 1.270435 -1.932120 2
0.736943 1.270435 -1.932120 2
2.734931 1.870395 -1.626884 2
2.734931 1.870395 -1.626884 2
6.848724 8.716011 -1.449312 2
6.848724 8.716011 -1.449312 2
2.022011 4.447127 -1.709824 2
2.023393 1.195779 -1.905730 2
2.023393 1.195779 -1.905730 2
6.309972 7.396453 -1.279615 2
1.820276 -0.810143 -2.553490 2
0.660488 0.261191 -1.648810 2
2.582782 2.278801 -1.787820 2
2.582782 2.278801 -1.787820 2
3.271697 3.500635 -1.324070 2
0.449482 -0.272381 -2.334440 2
0.449482 -0.272381 -2.334440 2
0.449482 -0.272381 -2.334440 2
2.587344 2.578444 -1.815950 2
3.108272 3.626215 -1.334360 2
0.062134 -0.471671 -2.679581 2
1.420609 0.522860 -1.568239 2
2.601888 3.355884 -1.826069 2
2.601888 3.355884 -1.826069 2
3.210500 3.575899 -1.350785 2
0.574076 -0.312487 -2.444684 2
0.574076 -0.312487 -2.444684 2
2.487306 3.335616 -1.793522 2
2.487306 3.335616 -1.793522 2
2.487306 3.335616 -1.793522 2
0.481783 -0.167079 -2.461653 2
1.537045 0.481198 -1.276572 2
2.579404 2.693984 -1.837143 2
2.579404 2.693984 -1.837143 2
3.359097 3.556315 -1.436948 2
1.675107 -0.407187 -2.067686 2
1.675107 -0.407187 -2.067686 2
2.578584 2.629755 -1.756130 2
2.578584 2.629755 -1.756130 2
3.307630 3.477267 -1.406823 2
0.801073 -0.104532 -1.990992 2
0.801073 -0.104532 -1.990992 2
2.764046 2.598388 -1.685073 2
3.447469 2.571265 -0.841626 2
3.447469 2.571265 -0.841626 2
1.217338 0.213059 -1.544634 2
1.315422 0.349135 -1.109720 2
1.315422 0.349135 -1.109720 2
3.336648 2.252251 -0.864514 2
3.336648 2.252251 -0.864514 2
0.747868 0.303123 -1.437528 2
0.252108 1.134463 -0.277970 2
2.746326 2.467747 -1.578591 2
2.746326 2.467747 -1.578591 2
3.788825 4.391365 -1.369714 2
0.437577 0.491780 -1.375666 2
0.437577 0.491780 -1.375666 2
2.177408 3.172287 -1.537548 2
2.177408 3.172287 -1.537548 2
2.177408 3.172287 -1.537548 2
1.091429 1.183074 -1.294122 2
3.125021 4.528082 -1.644768 2
3.125021 4.528082 -1.644768 2
3.125021 4.528082 -1.644768 2
2.028093 2.805988 -1.908983 2
0.350951 2.448068 -1.013800 2
0.350951 2.448068 -1.013800 2
2.499443 2.129220 -1.480950 2
2.499443 2.129220 -1.480950 2
2.177117 2.878914 -1.834088 2
2.177117 2.878914 -1.834088 2
0.429188 1.049944 -1.445523 2
1.169375 1.382541 -1.318620 2
1.169375 1.382541 -1.318620 2
1.169375 1.382541 -1.318620 2
0.128979 0.492994 -1.354518 2
1.886143 2.136911 -1.480870 2
1.886143 2.136911 -1.480870 2
1.886143 2.136911 -1.480870 2
1.886143 2.136911 -1.480870 2
1.886143 2.136911 -1.480870 2
1.886143 2.136911 -1.480870 2
4.472621 3.013873 -1.467863 2
4.472621 3.013873 -1.467863 2
5.053482 1.260868 -3.106292 2
6.140880 -1.380549 -2.043128 2
6.834840 1.845835 -1.482481 2
7.604409 3.238564 -1.173291 2
7.604409 3.238564 -1.173291 2
8.499862 -0.816094 -2.868923 2
8.499862 -0.816094 -2.868923 2
8.499862 -0.816094 -2.868923 2
10.239071 4.845726 -0.907171 2
10.239071 4.845726 -0.907171 2
8.850727 1.048829 -2.503736 2
8.850727 1.048829 -2.503736 2
8.937982 4.528838 -1.126767 2
8.937982 4.528838 -1.126767 2
8.937982 4.528838 -1.126767 2
9.159206 0.838105 -2.612929 2
9.159206 0.838105 -2.612929 2
9.159206 0.838105 -2.612929 2
9.159206 0.838105 -2.612929 2
9.159206 0.838105 -2.612929 2
9.159206 0.838105 -2.612929 2
8.489799 0.801501 -2.282595 2
8.702221 5.222309 -1.005531 2
8.702221 5.222309 -1.005531 2
8.702221 5.222309 -1.005531 2
8.702221 5.222309 -1.005531 2
8.462208 1.196311 -2.438811 2
8.462208 1.196311 -2.438811 2
8.462208 1.196311 -2.438811 2
8.462208 1.196311 -2.438811 2
8.046926 -0.303178 -2.901697 2
8.046926 -0.303178 -2.901697 2
8.046926 -0.303178 -2.901697 2
8.046926 -0.303178 -2.901697 2
8.046926 -0.303178 -2.901697 2
8.046926 -0.303178 -2.901697 2
8.255336 0.021762 -2.824076 2
8.255336 0.021762 -2.824076 2
8.255336 0.021762 -2.824076 2
8.255336 0.021762 -2.824076 2
8.255336 0.021762 -2.824076 2
7.843593 1.779037 -2.146769 2
7.843593 1.779037 -2.146769 2
7.843593 1.779037 -2.146769 2
7.843593 1.779037 -2.146769 2
7.823452 1.556062 -3.221466 2
7.823452 1.556062 -3.221466 2
7.751932 0.498609 -2.275918 2
7.751932 0.498609 -2.275918 2
7.751932 0.498609 -2.275918 2
8.111548 1.150503 -2.519112 2
7.997808 0.963205 -2.333001 2
8.955194 5.247419 -1.075185 2
8.955194 5.247419 -1.075185 2
8.955194 5.247419 -1.075185 2
8.103648 1.990301 -2.765886 2
8.103648 1.990301 -2.765886 2
8.103648 1.990301 -2.765886 2
8.103648 1.990301 -2.765886 2
8.544024 1.607635 -2.205953 2
8.553059 1.815074 -2.683112 2
8.286919 1.229477 -1.940084 2
8.286919 1.229477 -1.940084 2
9.860806 4.047812 -1.066063 2
9.860806 4.047812 -1.066063 2
8.748990 2.099327 -2.393503 2
8.509427 1.445917 -2.055721 2
8.509427 1.445917 -2.055721 2
8.092709 1.940343 -1.704478 2
8.398226 1.273219 -2.640014 2
8.398226 1.273219 -2.640014 2
8.089186 0.784742 -1.976035 2
8.540220 2.303597 -1.903962 2
8.540220 2.303597 -1.903962 2
8.173336 1.478757 -2.522315 2
8.098400 0.287195 -2.162659 2
8.403131 1.309648 -2.232852 2
8.458833 2.670412 -2.225803 2
8.458833 2.670412 -2.225803 2
8.386348 1.242657 -2.576468 2
8.386348 1.242657 -2.576468 2
9.065880 1.439400 -2.868428 2
9.065880 1.439400 -2.868428 2
8.187322 2.388438 -2.155997 2
8.523149 1.296494 -2.557593 2
8.174137 0.212159 -2.400535 2
8.322765 1.631482 -1.968471 2
8.322765 1.631482 -1.968471 2
10.208968 3.249411 -1.948183 2
8.605458 4.596232 -1.907541 2
8.605458 4.596232 -1.907541 2
8.605458 4.596232 -1.907541 2
8.605458 4.596232 -1.907541 2
10.039168 3.194364 -1.951786 2
7.416788 2.253505 -2.158484 2
5.563389 0.900517 -0.743950 2
5.563389 0.900517 -0.743950 2
5.208025 1.737458 -2.031256 2
-0.925224 1.647771 -1.550042 2
-0.925224 1.647771 -1.550042 2
0.971894 5.533988 -0.094908 2
0.971894 5.533988 -0.094908 2
3.446483 1.281898 -2.098522 2
4.284222 5.103682 -1.910212 2
1.556169 1.855357 -1.492743 2
2.329351 -0.018232 -0.717789 2
2.792679 3.126688 -1.504509 2
2.792679 3.126688 -1.504509 2
2.316610 5.448445 -0.769156 2
0.546564 -0.058012 -1.702437 2
0.546564 -0.058012 -1.702437 2
0.546564 -0.058012 -1.702437 2
0.546564 -0.058012 -1.702437 2
0.546564 -0.058012 -1.702437 2
0.675764 0.404669 -1.604460 2
2.031742 2.092330 -1.741641 2
2.031742 2.092330 -1.741641 2
1.409898 2.513965 -1.175772 2
1.754337 1.664423 -2.277601 2
1.754337 1.664423 -2.277601 2
2.080416 2.143028 -1.607511 2
2.080416 2.143028 -1.607511 2
2.080416 2.143028 -1.607511 2
2.233758 1.522983 -2.131628 2
2.233758 1.522983 -2.131628 2
2.362862 1.821949 -1.676850 2
2.362862 1.821949 -1.676850 2
3.362252 2.943156 -1.042939 2
1.888154 4.064944 -1.638346 2
1.888154 4.064944 -1.638346 2
0.561117 0.328866 -1.878247 2
0.561117 0.328866 -1.878247 2
0.561117 0.328866 -1.878247 2
1.169260 -0.671257 -2.901505 2
0.258767 0.786654 -1.981870 2
0.347712 0.107632 -1.945102 2
0.347712 0.107632 -1.945102 2
2.352197 3.005293 -1.667170 2
2.352197 3.005293 -1.667170 2
-0.177836 0.519802 -1.344389 2
-0.177836 0.519802 -1.344389 2
2.754030 3.331696 -1.735387 2
1.973720 0.403885 -0.692644 2
1.973720 0.403885 -0.692644 2
0.608883 -1.144271 -3.912060 2
0.678255 1.072755 -1.461312 2
2.250031 3.439363 -1.312669 2
2.250031 3.439363 -1.312669 2
2.250031 3.439363 -1.312669 2
2.250031 3.439363 -1.312669 2
0.548772 1.270602 -1.384305 2
2.244962 3.423661 -1.314179 2
2.244962 3.423661 -1.314179 2
0.606636 -1.095508 -3.881633 2
0.606636 -1.095508 -3.881633 2
0.604889 1.259214 -1.429494 2
0.604889 1.259214 -1.429494 2
-1.712899 3.188498 -0.969568 2
-1.712899 3.188498 -0.969568 2
-0.375218 -0.349927 -3.486034 2
0.046928 1.329852 -1.347385 2
0.046928 1.329852 -1.347385 2
0.671024 1.575057 -1.174357 2
0.178628 -0.742673 -3.493721 2
0.178628 -0.742673 -3.493721 2
0.204263 1.418560 -1.466600 2
0.204263 1.418560 -1.466600 2
0.148392 1.395282 -2.254807 2
0.148392 1.395282 -2.254807 2
0.119836 1.193792 -0.617499 2
0.050262 1.717105 -1.400415 2
0.050262 1.717105 -1.400415 2
0.326864 1.296687 -1.984847 2
0.326864 1.296687 -1.984847 2
1.750802 -0.432113 -2.583224 2
0.202093 1.402359 -1.390784 2
0.202093 1.402359 -1.390784 2
0.053597 1.643300 -2.096993 2
0.053597 1.643300 -2.096993 2
0.483189 -0.151708 -2.286118 2
0.483189 -0.151708 -2.286118 2
0.483189 -0.151708 -2.286118 2
0.570361 1.833876 -0.988334 2
0.570361 1.833876 -0.988334 2
0.813181 1.497426 -1.183836 2
0.347673 1.581634 -1.368026 2
0.347673 1.581634 -1.368026 2
0.449871 3.320324 -2.411993 2
0.852651 -0.426231 -2.297026 2
0.852651 -0.426231 -2.297026 2
0.852651 -0.426231 -2.297026 2
0.852651 -0.426231 -2.297026 2
0.698890 0.784176 -1.811635 2
0.698890 0.784176 -1.811635 2
0.698890 0.784176 -1.811635 2
0.698890 0.784176 -1.811635 2
0.698890 0.784176 -1.811635 2
9.529730 1.477325 -3.246333 2
9.529730 1.477325 -3.246333 2
11.884935 -0.133929 -2.800575 2
13.586036 -1.675206 -2.041611 2
13.586036 -1.675206 -2.041611 2
13.586036 -1.675206 -2.041611 2
13.586036 -1.675206 -2.041611 2
13.586036 -1.675206 -2.041611 2
13.586036 -1.675206 -2.041611 2
13.586036 -1.675206 -2.041611 2
13.586036 -1.675206 -2.041611 2
13.586036 -1.675206 -2.041611 2
16.637877 -0.480005 -3.262350 2
16.637877 -0.480005 -3.262350 2
16.637877 -0.480005 -3.262350 2
15.010492 0.248159 -3.250689 2
16.731693 -0.521857 -3.383073 2
16.023092 -0.051880 -3.467348 2
16.023092 -0.051880 -3.467348 2
16.023092 -0.051880 -3.467348 2
16.023092 -0.051880 -3.467348 2
16.023092 -0.051880 -3.467348 2
16.023092 -0.051880 -3.467348 2
16.023092 -0.051880 -3.467348 2
16.023092 -0.051880 -3.467348 2
16.023092 -0.051880 -3.467348 2
16.023092 -0.051880 -3.467348 2
16.647343 -0.399103 -3.585783 2
16.070234 -0.310278 -3.379170 2
16.070234 -0.310278 -3.379170 2
16.070234 -0.310278 -3.379170 2
16.070234 -0.310278 -3.379170 2
16.110979 -0.189347 -3.267740 2
16.110979 -0.189347 -3.267740 2
16.110979 -0.189347 -3.267740 2
16.110979 -0.189347 -3.267740 2
16.301218 -0.301045 -3.317390 2
16.301218 -0.301045 -3.317390 2
16.301218 -0.301045 -3.317390 2
16.301218 -0.301045 -3.317390 2
16.301218 -0.301045 -3.317390 2
16.301218 -0.301045 -3.317390 2
16.904364 -0.242009 -3.185863 2
16.904364 -0.242009 -3.185863 2
16.904364 -0.242009 -3.185863 2
15.365834 -0.033441 -3.368599 2
15.365834 -0.033441 -3.368599 2
16.453991 -0.345886 -3.358052 2
16.453991 -0.345886 -3.358052 2
16.484264 -0.840883 -3.151143 2
16.484264 -0.840883 -3.151143 2
16.484264 -0.840883 -3.151143 2
16.513908 -0.343703 -3.376757 2
16.513908 -0.343703 -3.376757 2
16.566458 -0.632371 -3.136889 2
16.566458 -0.632371 -3.136889 2
16.566458 -0.632371 -3.136889 2
16.055264 0.223746 -3.504810 2
16.055264 0.223746 -3.504810 2
16.529951 -0.637227 -3.220510 2
16.529951 -0.637227 -3.220510 2
16.529951 -0.637227 -3.220510 2
16.529951 -0.637227 -3.220510 2
16.529951 -0.637227 -3.220510 2
16.521852 -0.387188 -3.186912 2
16.521852 -0.387188 -3.186912 2
16.521852 -0.387188 -3.186912 2
16.521852 -0.387188 -3.186912 2
16.521852 -0.387188 -3.186912 2
16.521852 -0.387188 -3.186912 2
16.521852 -0.387188 -3.186912 2
16.521852 -0.387188 -3.186912 2
16.521852 -0.387188 -3.186912 2
16.521852 -0.387188 -3.186912 2
15.715095 -0.039204 -3.330509 2
15.715095 -0.039204 -3.330509 2
15.715095 -0.039204 -3.330509 2
15.715095 -0.039204 -3.330509 2
15.715095 -0.039204 -3.330509 2
15.715095 -0.039204 -3.330509 2
15.715095 -0.039204 -3.330509 2
15.715095 -0.039204 -3.330509 2
15.715095 -0.039204 -3.330509 2
15.883012 -0.141769 -2.926780 2
15.883012 -0.141769 -2.926780 2
15.883012 -0.141769 -2.926780 2
15.883012 -0.141769 -2.926780 2
15.883012 -0.141769 -2.926780 2
15.883012 -0.141769 -2.926780 2
15.722840 0.140087 -3.295653 2
16.374537 -0.390069 -3.426251 2
15.895691 0.057290 -2.957417 2
15.895691 0.057290 -2.957417 2
15.895691 0.057290 -2.957417 2
16.517626 -0.696712 -3.521451 2
16.517626 -0.696712 -3.521451 2
15.643946 0.274338 -3.015420 2
15.643946 0.274338 -3.015420 2
15.643946 0.274338 -3.015420 2
15.643946 0.274338 -3.015420 2
15.643946 0.274338 -3.015420 2
15.643946 0.274338 -3.015420 2
11.393575 3.174996 -1.882827 2
11.393575 3.174996 -1.882827 2
4.602819 2.611244 -3.287138 2
4.602819 2.611244 -3.287138 2
4.388562 -1.277428 -2.800076 2
4.388562 -1.277428 -2.800076 2
1.493016 1.978001 -0.520000 2
-0.321954 1.908954 -1.696280 2
-0.583917 0.639629 -1.939028 2
-0.583917 0.639629 -1.939028 2
-0.583917 0.639629 -1.939028 2
1.224899 1.140861 -2.192527 2
1.224899 1.140861 -2.192527 2
0.641333 -0.219100 -2.196625 2
0.641333 -0.219100 -2.196625 2
0.641333 -0.219100 -2.196625 2
0.641333 -0.219100 -2.196625 2
1.121253 0.555459 -2.103266 2
0.015404 0.099084 -2.017221 2
0.015404 0.099084 -2.017221 2
0.015404 0.099084 -2.017221 2
0.015404 0.099084 -2.017221 2
0.015404 0.099084 -2.017221 2
1.147900 0.440812 -2.324424 2
1.386268 0.915273 -1.346942 2
3.095014 3.826459 -1.648894 2
3.095014 3.826459 -1.648894 2
3.095014 3.826459 -1.648894 2
3.095014 3.826459 -1.648894 2
0.456510 0.879193 -1.541061 2
2.662819 2.534320 -1.432486 2
2.662819 2.534320 -1.432486 2
2.662819 2.534320 -1.432486 2
0.139452 -0.930597 -3.384990 2
0.357282 -0.310470 -2.102847 2
2.738412 2.979404 -1.760454 2
2.738412 2.979404 -1.760454 2
0.599947 -1.016683 -3.890828 2
0.599947 -1.016683 -3.890828 2
2.665589 3.162668 -1.730908 2
2.665589 3.162668 -1.730908 2
0.913618 2.283607 -0.682116 2
0.563507 -1.010953 -3.849986 2
0.563507 -1.010953 -3.849986 2
0.904710 1.538183 -1.075119 2
2.761573 3.143629 -1.799115 2
0.580820 -1.052476 -3.883949 2
0.580820 -1.052476 -3.883949 2
0.580820 -1.052476 -3.883949 2
1.175694 1.495657 -0.892058 2
1.175694 1.495657 -0.892058 2
1.175694 1.495657 -0.892058 2
1.175694 1.495657 -0.892058 2
1.175694 1.495657 -0.892058 2
1.175694 1.495657 -0.892058 2
1.175694 1.495657 -0.892058 2
1.175694 1.495657 -0.892058 2
1.175694 1.495657 -0.892058 2
1.175694 1.495657 -0.892058 2
1.175694 1.495657 -0.892058 2
1.175694 1.495657 -0.892058 2
1.175694 1.495657 -0.892058 2
1.175694 1.495657 -0.892058 2
1.175694 1.495657 -0.892058 2
1.175694 1.495657 -0.892058 2
1.175694 1.495657 -0.892058 2
1.175694 1.495657 -0.892058 2
1.175694 1.495657 -0.892058 2
1.175694 1.495657 -0.892058 2
1.175694 1.495657 -0.892058 2
1.175694 1.495657 -0.892058 2
1.175694 1.495657 -0.892058 2
1.175694 1.495657 -0.892058 2
1.175694 1.495657 -0.892058 2
1.175694 1.495657 -0.892058 2
1.175694 1.495657 -0.892058 2
1.175694 1.495657 -0.892058 2
1.175694 1.495657 -0.892058 2
1.175694 1.495657 -0.892058 2
1.175694 1.495657 -0.892058 2
1.175694 1.495657 -0.892058 2
1.175694 1.495657 -0.892058 2
1.175694 1.495657 -0.892058 2
1.175694 1.495657 -0.892058 2
1.175694 1.495657 -0.892058 2
1.175694 1.495657 -0.892058 2
1.175694 1.495657 -0.892058 2
1.175694 1.495657 -0.892058 2
1.175694 1.495657 -0.892058 2
1.175694 1.495657 -0.892058 2
1.175694 1.495657 -0.892058 2
1.175694 1.495657 -0.892058 2
1.175694 1.495657 -0.892058 2
1.175694 1.495657 -0.892058 2
1.175694 1.495657 -0.892058 2
1.175694 1.495657 -0.892058 2
1.175694 1.495657 -0.892058 2
1.175694 1.495657 -0.892058 2
1.175694 1.495657 -0.892058 2
1.175694 1.495657 -0.892058 2
1.175694 1.495657 -0.892058 2
1.175694 1.495657 -0.892058 2
12.310130 1.268608 -3.011120 2
12.310130 1.268608 -3.011120 2
12.310130 1.268608 -3.011120 2
12.310130 1.268608 -3.011120 2
12.310130 1.268608 -3.011120 2
12.310130 1.268608 -3.011120 2
12.310130 1.268608 -3.011120 2
12.310130 1.268608 -3.011120 2
12.310130 1.268608 -3.011120 2
12.310130 1.268608 -3.011120 2
12.310130 1.268608 -3.011120 2
12.310130 1.268608 -3.011120 2
12.310130 1.268608 -3.011120 2
12.310130 1.268608 -3.011120 2
12.310130 1.268608 -3.011120 2
12.310130 1.268608 -3.011120 2
12.310130 1.268608 -3.011120 2
12.310130 1.268608 -3.011120 2
12.310130 1.268608 -3.011120 2
12.310130 1.268608 -3.011120 2
12.310130 1.268608 -3.011120 2
12.310130 1.268608 -3.011120 2
12.310130 1.268608 -3.011120 2
12.310130 1.268608 -3.011120 2
12.310130 1.268608 -3.011120 2
12.310130 1.268608 -3.011120 2
12.310130 1.268608 -3.011120 2
16.419992 -0.200670 -3.186672 2
16.419992 -0.200670 -3.186672 2
16.419992 -0.200670 -3.186672 2
16.419992 -0.200670 -3.186672 2
16.419992 -0.200670 -3.186672 2
16.419992 -0.200670 -3.186672 2
16.419992 -0.200670 -3.186672 2
16.133659 -0.871675 -3.486773 2
20.747580 4.612608 -1.367054 2
20.747580 4.612608 -1.367054 2
15.815387 0.287854 -3.334612 2
15.815387 0.287854 -3.334612 2
15.815387 0.287854 -3.334612 2
15.815387 0.287854 -3.334612 2
18.174957 2.725851 -2.203751 2
18.174957 2.725851 -2.203751 2
18.174957 2.725851 -2.203751 2
18.174957 2.725851 -2.203751 2
18.174957 2.725851 -2.203751 2
16.521635 -0.554394 -3.419298 2
16.521635 -0.554394 -3.419298 2
16.521635 -0.554394 -3.419298 2
21.434177 4.862503 -0.271322 2
21.434177 4.862503 -0.271322 2
21.434177 4.862503 -0.271322 2
16.442225 -0.425805 -3.377233 2
16.512289 -0.710678 -3.166525 2
16.512289 -0.710678 -3.166525 2
16.512289 -0.710678 -3.166525 2
16.465809 -0.421717 -3.347312 2
16.465809 -0.421717 -3.347312 2
16.465809 -0.421717 -3.347312 2
16.465809 -0.421717 -3.347312 2
16.465809 -0.421717 -3.347312 2
20.557335 3.769102 -1.411372 2
12.207633 -1.395275 -0.088924 2
16.474369 -0.642969 -3.201100 2
16.474369 -0.642969 -3.201100 2
11.421661 -0.424188 -0.336602 2
11.421661 -0.424188 -0.336602 2
19.713480 6.523531 0.708716 2
19.713480 6.523531 0.708716 2
19.713480 6.523531 0.708716 2
13.142061 -1.285219 -0.619333 2
13.142061 -1.285219 -0.619333 2
5.521158 5.317065 -2.314615 2
5.521158 5.317065 -2.314615 2
0.497614 1.687508 -1.221568 2
0.612296 0.134545 -2.139315 2
2.270109 2.339224 -0.359505 2
1.083602 0.649831 -2.094024 2
-0.107247 0.072348 -1.979781 2
-0.107247 0.072348 -1.979781 2
0.838653 1.222471 -1.242865 2
0.838653 1.222471 -1.242865 2
1.150967 0.539726 -2.187766 2
-0.000385 0.178290 -1.885395 2
-0.000385 0.178290 -1.885395 2
3.185023 3.803823 -1.817797 2
3.185023 3.803823 -1.817797 2
3.185023 3.803823 -1.817797 2
0.967198 0.546395 -2.235733 2
0.298306 -0.574848 -2.299439 2
1.211072 0.835948 -1.530564 2
2.370261 2.298349 -1.613503 2
0.656025 -0.840959 -3.130027 2
0.486223 -0.662821 -2.312931 2
0.944401 1.324913 -1.625604 2
2.850587 3.074208 -1.836907 2
2.850587 3.074208 -1.836907 2
2.850587 3.074208 -1.836907 2
2.850587 3.074208 -1.836907 2
1.538025 0.761207 -1.832388 2
1.538025 0.761207 -1.832388 2
1.538025 0.761207 -1.832388 2
1.155815 1.878672 -0.729698 2
1.155815 1.878672 -0.729698 2
1.834049 0.613099 -2.019309 2
1.834049 0.613099 -2.019309 2
1.202971 1.801456 -0.732904 2
1.202971 1.801456 -0.732904 2
1.202971 1.801456 -0.732904 2
1.202971 1.801456 -0.732904 2
1.202971 1.801456 -0.732904 2
1.202971 1.801456 -0.732904 2
1.202971 1.801456 -0.732904 2
1.202971 1.801456 -0.732904 2
1.202971 1.801456 -0.732904 2
1.202971 1.801456 -0.732904 2
1.202971 1.801456 -0.732904 2
1.202971 1.801456 -0.732904 2
1.202971 1.801456 -0.732904 2
1.202971 1.801456 -0.732904 2
1.202971 1.801456 -0.732904 2
1.202971 1.801456 -0.732904 2
1.202971 1.801456 -0.732904 2
1.202971 1.801456 -0.732904 2
1.202971 1.801456 -0.732904 2
1.202971 1.801456 -0.732904 2
1.202971 1.801456 -0.732904 2
1.202971 1.801456 -0.732904 2
1.174396 -2.644884 -1.592824 2
1.167827 2.844759 -0.447738 2
1.167827 2.844759 -0.447738 2
1.167827 2.844759 -0.447738 2
3.127580 1.509086 -0.388096 2
0.504021 1.300811 -0.745837 2
1.585317 2.045776 -0.647932 2
1.585317 2.045776 -0.647932 2
1.839661 1.612643 -0.627989 2
1.839661 1.612643 -0.627989 2
0.249269 1.486430 -0.650568 2
0.249269 1.486430 -0.650568 2
1.788961 2.067573 -0.650999 2
1.788961 2.067573 -0.650999 2
0.138610 0.166886 -2.186993 2
0.138610 0.166886 -2.186993 2
0.138610 0.166886 -2.186993 2
2.047703 1.953967 -0.635647 2
3.281341 1.805954 -0.270008 2
0.775706 1.560530 -1.227018 2
0.699763 1.552986 -0.933551 2
0.699763 1.552986 -0.933551 2
1.283362 3.306707 -0.400786 2
1.290505 2.706734 -0.364077 2
0.693653 -0.013579 -1.704833 2
2.166215 1.317734 -2.145883 2
2.166215 1.317734 -2.145883 2
2.166215 1.317734 -2.145883 2
2.166215 1.317734 -2.145883 2
11.137733 0.786386 -4.320563 2
11.137733 0.786386 -4.320563 2
12.292503 0.067476 -2.274446 2
12.292503 0.067476 -2.274446 2
12.292503 0.067476 -2.274446 2
20.320133 -0.220621 -4.206028 2
20.638821 -4.928648 -5.717768 2
20.638821 -4.928648 -5.717768 2
23.441767 3.505286 -0.348149 2
23.441767 3.505286 -0.348149 2
23.441767 3.505286 -0.348149 2
23.441767 3.505286 -0.348149 2
23.441767 3.505286 -0.348149 2
23.441767 3.505286 -0.348149 2
23.441767 3.505286 -0.348149 2
23.441767 3.505286 -0.348149 2
23.441767 3.505286 -0.348149 2
23.441767 3.505286 -0.348149 2
23.441767 3.505286 -0.348149 2
23.441767 3.505286 -0.348149 2
23.441767 3.505286 -0.348149 2
23.441767 3.505286 -0.348149 2
23.441767 3.505286 -0.348149 2
23.441767 3.505286 -0.348149 2
23.441767 3.505286 -0.348149 2
23.441767 3.505286 -0.348149 2
23.441767 3.505286 -0.348149 2
23.441767 3.505286 -0.348149 2
26.065508 3.640830 -0.785779 2
26.065508 3.640830 -0.785779 2
26.847666 0.697713 -2.640828 2
26.847666 0.697713 -2.640828 2
26.847666 0.697713 -2.640828 2
26.094038 2.533162 -1.260425 2
24.459566 2.224430 -1.482157 2
27.993225 3.074938 -2.102023 2
27.993225 3.074938 -2.102023 2
27.993225 3.074938 -2.102023 2
26.640856 3.344866 -0.915685 2
24.310688 2.450622 -1.420265 2
24.310688 2.450622 -1.420265 2
24.310688 2.450622 -1.420265 2
25.765247 1.031422 -2.098947 2
24.810715 4.832143 -1.243954 2
24.810715 4.832143 -1.243954 2
24.810715 4.832143 -1.243954 2
24.810715 4.832143 -1.243954 2
26.068722 0.983740 -2.214995 2
26.068722 0.983740 -2.214995 2
25.413464 1.297989 -1.973035 2
25.413464 1.297989 -1.973035 2
25.413464 1.297989 -1.973035 2
25.748657 1.142844 -2.218592 2
25.748657 1.142844 -2.218592 2
25.748657 1.142844 -2.218592 2
25.748657 1.142844 -2.218592 2
25.748657 1.142844 -2.218592 2
26.012718 1.041893 -2.246753 2
26.743931 3.369223 -1.451969 2
26.743931 3.369223 -1.451969 2
26.743931 3.369223 -1.451969 2
26.743931 3.369223 -1.451969 2
26.087784 1.142736 -2.296072 2
26.087784 1.142736 -2.296072 2
26.305552 2.990565 -1.337644 2
26.305552 2.990565 -1.337644 2
26.305552 2.990565 -1.337644 2
24.814993 2.334692 -1.486516 2
24.814993 2.334692 -1.486516 2
24.814993 2.334692 -1.486516 2
24.814993 2.334692 -1.486516 2
24.814993 2.334692 -1.486516 2
24.814993 2.334692 -1.486516 2
24.814993 2.334692 -1.486516 2
24.351603 2.492604 -1.316428 2
24.351603 2.492604 -1.316428 2
24.351603 2.492604 -1.316428 2
24.351603 2.492604 -1.316428 2
24.351603 2.492604 -1.316428 2
24.351603 2.492604 -1.316428 2
24.409985 2.462110 -1.285225 2
24.409985 2.462110 -1.285225 2
25.861246 1.160467 -2.201121 2
27.811268 4.913463 -0.135880 2
27.811268 4.913463 -0.135880 2
27.811268 4.913463 -0.135880 2
27.811268 4.913463 -0.135880 2
27.811268 4.913463 -0.135880 2
27.811268 4.913463 -0.135880 2
24.392830 2.496914 -1.321710 2
24.392830 2.496914 -1.321710 2
24.392830 2.496914 -1.321710 2
26.085629 1.017381 -2.290347 2
26.085629 1.017381 -2.290347 2
26.085629 1.017381 -2.290347 2
26.085629 1.017381 -2.290347 2
26.085629 1.017381 -2.290347 2
26.085629 1.017381 -2.290347 2
22.416779 1.894502 -1.530820 2
22.416779 1.894502 -1.530820 2
18.809587 2.527354 -1.732481 2
18.828821 3.546556 -1.749755 2
18.828821 3.546556 -1.749755 2
10.775652 1.919679 -0.505056 2
10.775652 1.919679 -0.505056 2
5.602724 4.170762 -1.311960 2
5.602724 4.170762 -1.311960 2
2.936636 -0.112122 -2.909826 2
2.936636 -0.112122 -2.909826 2
2.936636 -0.112122 -2.909826 2
-0.675498 0.796826 -3.329321 2
2.143000 0.021724 -2.410665 2
2.126154 2.405416 -1.246696 2
2.126154 2.405416 -1.246696 2
0.482094 -0.903020 -4.037318 2
0.482094 -0.903020 -4.037318 2
0.482094 -0.903020 -4.037318 2
2.269520 3.705776 -1.217334 2
2.269520 3.705776 -1.217334 2
-0.023322 -0.493558 -3.745116 2
-0.023322 -0.493558 -3.745116 2
0.619339 1.392937 -1.528075 2
2.355518 2.832820 -1.211787 2
2.355518 2.832820 -1.211787 2
2.909894 0.747028 -0.315402 2
0.509960 -0.365735 -3.653708 2
0.509960 -0.365735 -3.653708 2
2.372835 2.422977 -1.383174 2
2.372835 2.422977 -1.383174 2
-0.328013 0.572050 -3.368347 2
-0.328013 0.572050 -3.368347 2
1.962995 0.640134 -1.121139 2
2.031349 2.939645 -1.389807 2
2.031349 2.939645 -1.389807 2
1.647433 1.811157 -0.435421 2
0.364736 0.044329 -3.441221 2
0.364736 0.044329 -3.441221 2
1.766887 3.599572 -1.342634 2
1.766887 3.599572 -1.342634 2
0.135703 -0.809014 -3.798641 2
0.135703 -0.809014 -3.798641 2
0.135703 -0.809014 -3.798641 2
0.135703 -0.809014 -3.798641 2
0.135703 -0.809014 -3.798641 2
0.170594 -0.870966 -3.762592 2
0.170594 -0.870966 -3.762592 2
0.170594 -0.870966 -3.762592 2
0.170594 -0.870966 -3.762592 2
2.125407 4.155808 -2.079360 2
-0.043308 0.397658 -2.786315 2
-0.043308 0.397658 -2.786315 2
-0.043308 0.397658 -2.786315 2
3.206945 4.767517 -2.432045 2
3.206945 4.767517 -2.432045 2
2.106009 1.953818 -0.666788 2
0.643805 1.463207 0.129500 2
0.643805 1.463207 0.129500 2
0.643805 1.463207 0.129500 2
0.643805 1.463207 0.129500 2
-0.140311 0.227629 -1.918176 2
-0.140311 0.227629 -1.918176 2
1.931184 0.076857 0.120395 2
1.931184 0.076857 0.120395 2
1.931184 0.076857 0.120395 2
1.716051 2.061848 -0.634947 2
-0.041323 0.178810 -1.932847 2
-0.041323 0.178810 -1.932847 2
-0.041323 0.178810 -1.932847 2
-0.041323 0.178810 -1.932847 2
0.445950 0.025570 -1.643864 2
0.445950 0.025570 -1.643864 2
0.599887 1.135181 -1.092698 2
1.843747 1.413337 -1.294689 2
1.843747 1.413337 -1.294689 2
1.313601 0.537949 -1.118540 2
0.409260 1.851728 -1.039506 2
1.989922 2.311379 -0.527437 2
1.989922 2.311379 -0.527437 2
1.989922 2.311379 -0.527437 2
0.240002 0.072680 -1.847760 2
0.978915 1.156692 -1.241460 2
0.978915 1.156692 -1.241460 2
0.978915 1.156692 -1.241460 2
0.978915 1.156692 -1.241460 2
0.750456 1.063132 -0.935704 2
1.469552 0.771120 -1.475233 2
3.144061 3.985775 -1.887536 2
3.144061 3.985775 -1.887536 2
1.468369 2.729542 -0.961864 2
1.468369 2.729542 -0.961864 2
0.652351 1.021438 -1.254483 2
2.181494 2.907393 -1.690376 2
2.181494 2.907393 -1.690376 2
1.297523 1.040741 -2.051384 2
1.297523 1.040741 -2.051384 2
0.633658 1.348567 -1.144339 2
0.309348 0.850200 -1.536614 2
2.773975 2.653094 -1.788614 2
2.773975 2.653094 -1.788614 2
6.725975 0.013000 -2.701006 2
6.725975 0.013000 -2.701006 2
9.779300 2.163097 -2.014137 2
9.779300 2.163097 -2.014137 2
9.779300 2.163097 -2.014137 2
18.650908 -1.088130 -4.183081 2
18.650908 -1.088130 -4.183081 2
18.650908 -1.088130 -4.183081 2
18.650908 -1.088130 -4.183081 2
18.650908 -1.088130 -4.183081 2
25.633085 -0.345767 -3.690290 2
25.633085 -0.345767 -3.690290 2
24.675592 -0.732180 -3.677654 2
24.675592 -0.732180 -3.677654 2
24.675592 -0.732180 -3.677654 2
24.675592 -0.732180 -3.677654 2
24.675592 -0.732180 -3.677654 2
24.675592 -0.732180 -3.677654 2
24.675592 -0.732180 -3.677654 2
24.675592 -0.732180 -3.677654 2
24.675592 -0.732180 -3.677654 2
24.675592 -0.732180 -3.677654 2
24.675592 -0.732180 -3.677654 2
24.675592 -0.732180 -3.677654 2
24.675592 -0.732180 -3.677654 2
24.675592 -0.732180 -3.677654 2
24.675592 -0.732180 -3.677654 2
24.675592 -0.732180 -3.677654 2
24.675592 -0.732180 -3.677654 2
24.675592 -0.732180 -3.677654 2
24.675592 -0.732180 -3.677654 2
24.675592 -0.732180 -3.677654 2
24.675592 -0.732180 -3.677654 2
24.675592 -0.732180 -3.677654 2
24.675592 -0.732180 -3.677654 2
24.675592 -0.732180 -3.677654 2
24.675592 -0.732180 -3.677654 2
24.675592 -0.732180 -3.677654 2
24.675592 -0.732180 -3.677654 2
24.675592 -0.732180 -3.677654 2
24.675592 -0.732180 -3.677654 2
24.675592 -0.732180 -3.677654 2
24.675592 -0.732180 -3.677654 2
24.675592 -0.732180 -3.677654 2
24.675592 -0.732180 -3.677654 2
24.675592 -0.732180 -3.677654 2
24.675592 -0.732180 -3.677654 2
24.675592 -0.732180 -3.677654 2
24.675592 -0.732180 -3.677654 2
24.675592 -0.732180 -3.677654 2
24.675592 -0.732180 -3.677654 2
24.675592 -0.732180 -3.677654 2
24.675592 -0.732180 -3.677654 2
24.675592 -0.732180 -3.677654 2
24.675592 -0.732180 -3.677654 2
24.675592 -0.732180 -3.677654 2
24.675592 -0.732180 -3.677654 2
24.675592 -0.732180 -3.677654 2
24.675592 -0.732180 -3.677654 2
24.675592 -0.732180 -3.677654 2
24.675592 -0.732180 -3.677654 2
24.675592 -0.732180 -3.677654 2
24.675592 -0.732180 -3.677654 2
24.675592 -0.732180 -3.677654 2
24.675592 -0.732180 -3.677654 2
25.684139 1.328045 -2.064075 2
25.684139 1.328045 -2.064075 2
24.802925 1.244460 -2.212574 2
24.802925 1.244460 -2.212574 2
26.514011 4.005850 -0.842111 2
26.514011 4.005850 -0.842111 2
26.514011 4.005850 -0.842111 2
26.514011 4.005850 -0.842111 2
26.948019 4.421170 -1.566263 2
26.948019 4.421170 -1.566263 2
26.948019 4.421170 -1.566263 2
26.948019 4.421170 -1.566263 2
24.791664 0.326857 -2.315253 2
24.791664 0.326857 -2.315253 2
26.025059 1.251405 -2.078553 2
26.025059 1.251405 -2.078553 2
26.025059 1.251405 -2.078553 2
26.025059 1.251405 -2.078553 2
26.025059 1.251405 -2.078553 2
26.025059 1.251405 -2.078553 2
26.025059 1.251405 -2.078553 2
24.589636 0.533365 -2.929293 2
25.028242 1.205496 -2.147413 2
25.028242 1.205496 -2.147413 2
25.028242 1.205496 -2.147413 2
24.779413 0.244473 -3.276184 2
24.779413 0.244473 -3.276184 2
24.700922 1.618490 -2.061336 2
24.700922 1.618490 -2.061336 2
24.022802 0.115226 -3.726539 2
24.022802 0.115226 -3.726539 2
24.022802 0.115226 -3.726539 2
24.596161 0.532031 -2.898824 2
24.059101 -0.329635 -1.995101 2
24.059101 -0.329635 -1.995101 2
24.059101 -0.329635 -1.995101 2
24.059101 -0.329635 -1.995101 2
24.059101 -0.329635 -1.995101 2
12.600167 -0.148053 -2.269498 2
9.400106 4.882690 -1.906950 2
9.400106 4.882690 -1.906950 2
6.039604 6.879156 -8.766689 2
6.039604 6.879156 -8.766689 2
6.039604 6.879156 -8.766689 2
-1.302713 0.582342 -3.634447 2
-1.302713 0.582342 -3.634447 2
1.423169 0.598740 -2.530183 2
2.488985 1.375049 -1.288842 2
2.488985 1.375049 -1.288842 2
1.050867 2.289480 -0.732816 2
1.050867 2.289480 -0.732816 2
1.050867 2.289480 -0.732816 2
1.050867 2.289480 -0.732816 2
1.050867 2.289480 -0.732816 2
1.050867 2.289480 -0.732816 2
1.050867 2.289480 -0.732816 2
1.050867 2.289480 -0.732816 2
1.050867 2.289480 -0.732816 2
1.050867 2.289480 -0.732816 2
1.050867 2.289480 -0.732816 2
1.050867 2.289480 -0.732816 2
1.050867 2.289480 -0.732816 2
1.050867 2.289480 -0.732816 2
1.050867 2.289480 -0.732816 2
1.050867 2.289480 -0.732816 2
1.050867 2.289480 -0.732816 2
1.050867 2.289480 -0.732816 2
1.050867 2.289480 -0.732816 2
1.050867 2.289480 -0.732816 2
1.050867 2.289480 -0.732816 2
1.050867 2.289480 -0.732816 2
1.050867 2.289480 -0.732816 2
1.050867 2.289480 -0.732816 2
1.050867 2.289480 -0.732816 2
1.530574 0.287608 -3.555507 2
1.530574 0.287608 -3.555507 2
1.530574 0.287608 -3.555507 2
1.039986 1.734532 -0.971776 2
-0.147496 1.492179 -1.860204 2
0.292014 0.361774 -3.943323 2
1.984656 4.991119 -1.077345 2
3.925675 -1.110000 -1.716823 2
1.678961 -0.519945 -2.798494 2
1.106224 3.525745 -1.925891 2
1.106224 3.525745 -1.925891 2
1.653084 -0.588081 -2.937198 2
1.653084 -0.588081 -2.937198 2
1.653084 -0.588081 -2.937198 2
1.380690 3.247951 -1.885393 2
1.380690 3.247951 -1.885393 2
0.407728 0.659764 -2.720054 2
0.407728 0.659764 -2.720054 2
0.407728 0.659764 -2.720054 2
2.135027 3.751575 -1.748591 2
2.135027 3.751575 -1.748591 2
4.011972 4.764918 -2.129634 2
-0.028521 0.284983 -2.316505 2
-0.028521 0.284983 -2.316505 2
1.433605 3.210254 -1.890227 2
1.433605 3.210254 -1.890227 2
1.433605 3.210254 -1.890227 2
1.433605 3.210254 -1.890227 2
1.433605 3.210254 -1.890227 2
3.803874 2.370571 -1.118298 2
3.803874 2.370571 -1.118298 2
0.690424 0.378173 -1.639490 2
0.690424 0.378173 -1.639490 2
2.228245 2.824095 -2.143848 2
0.902748 3.618814 -1.929770 2
0.902748 3.618814 -1.929770 2
0.763503 0.208936 -1.686969 2
0.763503 0.208936 -1.686969 2
2.631796 4.239173 -1.389257 2
2.631796 4.239173 -1.389257 2
7.646683 9.779917 -1.598903 2
2.662181 3.663898 -1.441264 2
0.364009 1.221017 -1.394794 2
3.097693 5.238503 -1.945018 2
3.097693 5.238503 -1.945018 2
0.616219 -0.383314 -2.076456 2
0.616219 -0.383314 -2.076456 2
2.445625 3.184627 -2.272018 2
2.445625 3.184627 -2.272018 2
2.445625 3.184627 -2.272018 2
4.517096 2.833185 -3.684477 2
4.517096 2.833185 -3.684477 2
4.517096 2.833185 -3.684477 2
10.985062 6.647350 -1.588306 2
10.985062 6.647350 -1.588306 2
14.805288 -0.407903 -2.750916 2
14.805288 -0.407903 -2.750916 2
14.805288 -0.407903 -2.750916 2
23.654053 0.721737 -2.124525 2
23.654053 0.721737 -2.124525 2
23.654053 0.721737 -2.124525 2
23.654053 0.721737 -2.124525 2
23.654053 0.721737 -2.124525 2
23.654053 0.721737 -2.124525 2
23.654053 0.721737 -2.124525 2
23.654053 0.721737 -2.124525 2
23.654053 0.721737 -2.124525 2
23.654053 0.721737 -2.124525 2
23.654053 0.721737 -2.124525 2
23.654053 0.721737 -2.124525 2
23.654053 0.721737 -2.124525 2
23.654053 0.721737 -2.124525 2
23.654053 0.721737 -2.124525 2
23.654053 0.721737 -2.124525 2
23.654053 0.721737 -2.124525 2
32.415359 4.156461 -2.168895 2
32.415359 4.156461 -2.168895 2
32.415359 4.156461 -2.168895 2
32.415359 4.156461 -2.168895 2
32.415359 4.156461 -2.168895 2
33.754383 5.437510 -0.473836 2
33.754383 5.437510 -0.473836 2
33.754383 5.437510 -0.473836 2
33.754383 5.437510 -0.473836 2
33.754383 5.437510 -0.473836 2
32.083099 3.536733 -0.634480 2
32.083099 3.536733 -0.634480 2
32.083099 3.536733 -0.634480 2
32.083099 3.536733 -0.634480 2
32.083099 3.536733 -0.634480 2
31.718412 3.989278 -0.535945 2
31.718412 3.989278 -0.535945 2
31.718412 3.989278 -0.535945 2
31.718412 3.989278 -0.535945 2
31.823431 3.440405 -1.097175 2
31.823431 3.440405 -1.097175 2
31.823431 3.440405 -1.097175 2
31.823431 3.440405 -1.097175 2
31.823431 3.440405 -1.097175 2
31.296402 3.512089 -1.300037 2
31.296402 3.512089 -1.300037 2
31.296402 3.512089 -1.300037 2
31.296402 3.512089 -1.300037 2
31.296402 3.512089 -1.300037 2
31.296402 3.512089 -1.300037 2
32.618881 2.769551 -1.135930 2
32.618881 2.769551 -1.135930 2
32.618881 2.769551 -1.135930 2
32.618881 2.769551 -1.135930 2
32.328873 3.991676 -1.562403 2
32.328873 3.991676 -1.562403 2
32.328873 3.991676 -1.562403 2
32.328873 3.991676 -1.562403 2
32.328873 3.991676 -1.562403 2
32.328873 3.991676 -1.562403 2
32.328873 3.991676 -1.562403 2
32.328873 3.991676 -1.562403 2
32.328873 3.991676 -1.562403 2
32.328873 3.991676 -1.562403 2
32.328873 3.991676 -1.562403 2
34.469063 4.364262 -0.218189 2
34.469063 4.364262 -0.218189 2
34.469063 4.364262 -0.218189 2
34.469063 4.364262 -0.218189 2
34.469063 4.364262 -0.218189 2
32.086006 4.419235 -0.486169 2
32.086006 4.419235 -0.486169 2
32.086006 4.419235 -0.486169 2
32.086006 4.419235 -0.486169 2
32.086006 4.419235 -0.486169 2
32.587204 3.701433 -1.003147 2
32.587204 3.701433 -1.003147 2
32.587204 3.701433 -1.003147 2
32.587204 3.701433 -1.003147 2
32.312977 3.513725 -0.724282 2
32.312977 3.513725 -0.724282 2
32.312977 3.513725 -0.724282 2
32.312977 3.513725 -0.724282 2
32.312977 3.513725 -0.724282 2
32.312977 3.513725 -0.724282 2
31.424780 2.835114 -0.422150 2
31.424780 2.835114 -0.422150 2
31.424780 2.835114 -0.422150 2
31.424780 2.835114 -0.422150 2
31.424780 2.835114 -0.422150 2
31.424780 2.835114 -0.422150 2
31.424780 2.835114 -0.422150 2
31.424780 2.835114 -0.422150 2
31.424780 2.835114 -0.422150 2
31.424780 2.835114 -0.422150 2
31.424780 2.835114 -0.422150 2
31.424780 2.835114 -0.422150 2
31.424780 2.835114 -0.422150 2
31.424780 2.835114 -0.422150 2
20.940252 -0.419418 -2.764213 2
15.202725 0.391861 -3.021462 2
15.202725 0.391861 -3.021462 2
4.870839 -5.466517 -4.527267 2
4.870839 -5.466517 -4.527267 2
4.870839 -5.466517 -4.527267 2
4.980407 0.123064 -0.901235 2
4.980407 0.123064 -0.901235 2
3.529751 -0.651850 -2.247433 2
3.529751 -0.651850 -2.247433 2
3.682981 4.386767 -1.443173 2
3.682981 4.386767 -1.443173 2
5.190176 5.844942 0.901353 2
0.567469 3.229211 -1.916684 2
0.567469 3.229211 -1.916684 2
-0.609878 6.796010 -1.846215 2
-0.609878 6.796010 -1.846215 2
4.963470 4.237157 -1.545242 2
1.267992 -1.328259 -4.217510 2
1.267992 -1.328259 -4.217510 2
2.225431 5.178404 -1.667911 2
3.053419 2.419245 -2.041024 2
1.599859 1.715149 -1.018622 2
1.599859 1.715149 -1.018622 2
2.004396 2.822290 -1.872908 2
2.467073 2.751930 -1.904111 2
5.267772 4.825491 -2.937842 2
5.267772 4.825491 -2.937842 2
0.133185 3.078083 -2.209305 2
-0.065815 -0.004951 -2.636016 2
-0.065815 -0.004951 -2.636016 2
3.419058 0.866051 -1.398035 2
0.738828 -0.537648 -3.204513 2
0.652411 2.652256 -1.433268 2
2.078090 2.391821 -2.003422 2
2.078090 2.391821 -2.003422 2
3.897028 -1.549592 -2.133188 2
3.897028 -1.549592 -2.133188 2
2.140420 0.786207 -1.861979 2
2.140420 0.786207 -1.861979 2
2.140420 0.786207 -1.861979 2
2.335303 2.002896 -2.258031 2
2.335303 2.002896 -2.258031 2
0.911639 -0.264062 -1.156670 2
0.911639 -0.264062 -1.156670 2
2.145283 3.029775 -4.345145 2
0.926874 -0.424060 -2.810490 2
0.926874 -0.424060 -2.810490 2
0.926874 -0.424060 -2.810490 2
0.225758 0.069454 -1.665454 2
2.158670 4.233775 -1.749328 2
2.158670 4.233775 -1.749328 2
0.457494 3.155139 -1.447271 2
0.457494 3.155139 -1.447271 2
0.457494 3.155139 -1.447271 2
2.140128 4.233344 -1.586538 2
3.582693 2.741348 -2.316618 2
0.066804 -0.050818 -2.510196 2
0.066804 -0.050818 -2.510196 2
1.859069 2.404330 -2.200239 2
1.859069 2.404330 -2.200239 2
3.707887 3.126963 -2.339766 2
3.707887 3.126963 -2.339766 2
0.774186 1.206185 -2.062984 2
1.774652 2.591835 -2.105538 2
1.774652 2.591835 -2.105538 2
2.545768 1.365021 -1.971538 2
2.545768 1.365021 -1.971538 2
2.375346 0.199101 -1.848853 2
2.375346 0.199101 -1.848853 2
2.048517 2.466476 -2.110932 2
2.950414 3.914667 -2.429076 2
2.950414 3.914667 -2.429076 2
1.879787 1.645732 -2.363918 2
1.879787 1.645732 -2.363918 2
3.295842 2.203454 -1.532124 2
2.547297 3.691751 -2.301770 2
2.547297 3.691751 -2.301770 2
0.474878 -0.084761 -2.348224 2
0.474878 -0.084761 -2.348224 2
2.574648 1.108523 -2.015373 2
2.574648 1.108523 -2.015373 2
0.817568 -0.229212 -2.204880 2
0.817568 -0.229212 -2.204880 2
0.817568 -0.229212 -2.204880 2
2.606462 3.208032 -2.237845 2
2.606462 3.208032 -2.237845 2
0.714011 0.814664 -1.786968 2
0.714011 0.814664 -1.786968 2
2.010462 3.118533 -2.147018 2
2.010462 3.118533 -2.147018 2
3.157099 4.351106 -2.501595 2
1.256550 2.237042 -2.127640 2
1.256550 2.237042 -2.127640 2
1.045179 1.577522 -1.628244 2
1.045179 1.577522 -1.628244 2
3.599290 3.340586 -2.397875 2
3.599290 3.340586 -2.397875 2
5.873365 -0.767304 -2.966577 2
5.873365 -0.767304 -2.966577 2
5.873365 -0.767304 -2.966577 2
5.873365 -0.767304 -2.966577 2
5.873365 -0.767304 -2.966577 2
23.200628 -0.916173 -3.639393 2
23.200628 -0.916173 -3.639393 2
23.200628 -0.916173 -3.639393 2
23.200628 -0.916173 -3.639393 2
23.200628 -0.916173 -3.639393 2
23.200628 -0.916173 -3.639393 2
23.200628 -0.916173 -3.639393 2
23.200628 -0.916173 -3.639393 2
23.200628 -0.916173 -3.639393 2
23.200628 -0.916173 -3.639393 2
23.200628 -0.916173 -3.639393 2
23.200628 -0.916173 -3.639393 2
23.200628 -0.916173 -3.639393 2
23.200628 -0.916173 -3.639393 2
23.200628 -0.916173 -3.639393 2
23.200628 -0.916173 -3.639393 2
23.200628 -0.916173 -3.639393 2
23.200628 -0.916173 -3.639393 2
23.200628 -0.916173 -3.639393 2
23.200628 -0.916173 -3.639393 2
23.200628 -0.916173 -3.639393 2
23.200628 -0.916173 -3.639393 2
23.200628 -0.916173 -3.639393 2
23.200628 -0.916173 -3.639393 2
23.200628 -0.916173 -3.639393 2
23.200628 -0.916173 -3.639393 2
23.200628 -0.916173 -3.639393 2
23.200628 -0.916173 -3.639393 2
23.200628 -0.916173 -3.639393 2
23.200628 -0.916173 -3.639393 2
23.200628 -0.916173 -3.639393 2
23.200628 -0.916173 -3.639393 2
23.200628 -0.916173 -3.639393 2
23.200628 -0.916173 -3.639393 2
23.200628 -0.916173 -3.639393 2
23.200628 -0.916173 -3.639393 2
23.200628 -0.916173 -3.639393 2
23.200628 -0.916173 -3.639393 2
23.200628 -0.916173 -3.639393 2
23.200628 -0.916173 -3.639393 2
23.200628 -0.916173 -3.639393 2
23.200628 -0.916173 -3.639393 2
23.200628 -0.916173 -3.639393 2
23.200628 -0.916173 -3.639393 2
23.200628 -0.916173 -3.639393 2
23.200628 -0.916173 -3.639393 2
23.200628 -0.916173 -3.639393 2
23.200628 -0.916173 -3.639393 2
23.200628 -0.916173 -3.639393 2
23.200628 -0.916173 -3.639393 2
23.200628 -0.916173 -3.639393 2
23.200628 -0.916173 -3.639393 2
23.200628 -0.916173 -3.639393 2
23.200628 -0.916173 -3.639393 2
23.200628 -0.916173 -3.639393 2
23.200628 -0.916173 -3.639393 2
23.200628 -0.916173 -3.639393 2
23.200628 -0.916173 -3.639393 2
23.200628 -0.916173 -3.639393 2
23.200628 -0.916173 -3.639393 2
23.200628 -0.916173 -3.639393 2
23.200628 -0.916173 -3.639393 2
23.200628 -0.916173 -3.639393 2
23.200628 -0.916173 -3.639393 2
23.200628 -0.916173 -3.639393 2
23.200628 -0.916173 -3.639393 2
23.200628 -0.916173 -3.639393 2
23.200628 -0.916173 -3.639393 2
23.200628 -0.916173 -3.639393 2
23.200628 -0.916173 -3.639393 2
23.200628 -0.916173 -3.639393 2
23.200628 -0.916173 -3.639393 2
23.200628 -0.916173 -3.639393 2
23.200628 -0.916173 -3.639393 2
23.200628 -0.916173 -3.639393 2
23.200628 -0.916173 -3.639393 2
23.200628 -0.916173 -3.639393 2
23.200628 -0.916173 -3.639393 2
23.200628 -0.916173 -3.639393 2
23.200628 -0.916173 -3.639393 2
23.200628 -0.916173 -3.639393 2
23.200628 -0.916173 -3.639393 2
23.200628 -0.916173 -3.639393 2
23.200628 -0.916173 -3.639393 2
23.200628 -0.916173 -3.639393 2
23.200628 -0.916173 -3.639393 2
23.200628 -0.916173 -3.639393 2
23.200628 -0.916173 -3.639393 2
23.200628 -0.916173 -3.639393 2
23.200628 -0.916173 -3.639393 2
23.200628 -0.916173 -3.639393 2
23.200628 -0.916173 -3.639393 2
23.200628 -0.916173 -3.639393 2
23.200628 -0.916173 -3.639393 2
23.200628 -0.916173 -3.639393 2
23.200628 -0.916173 -3.639393 2
21.067015 0.999318 -3.062127 2
21.067015 0.999318 -3.062127 2
25.841969 4.754439 -1.577702 2
25.841969 4.754439 -1.577702 2
25.841969 4.754439 -1.577702 2
7.873973 3.502838 -3.864461 2
7.873973 3.502838 -3.864461 2
3.589226 -2.068565 -1.907395 2
3.589226 -2.068565 -1.907395 2
4.963990 2.921301 -1.373424 2
4.963990 2.921301 -1.373424 2
4.963990 2.921301 -1.373424 2
4.899734 4.499811 -1.379032 2
4.899734 4.499811 -1.379032 2
1.728353 -0.854969 -3.082214 2
1.728353 -0.854969 -3.082214 2
2.765171 1.755993 -1.460352 2
2.765171 1.755993 -1.460352 2
3.483827 2.251799 -2.214984 2
1.816142 0.525305 -4.059848 2
1.816142 0.525305 -4.059848 2
1.823797 3.051756 -2.050976 2
1.823797 3.051756 -2.050976 2
4.761809 -0.931853 -1.125480 2
4.761809 -0.931853 -1.125480 2
1.342372 -0.530235 -3.566175 2
2.565634 1.262153 -1.563014 2
2.565634 1.262153 -1.563014 2
5.934092 -2.626894 -1.368258 2
5.934092 -2.626894 -1.368258 2
1.379791 -0.305344 -0.689467 2
2.264926 1.846233 -2.173452 2
2.264926 1.846233 -2.173452 2
2.966427 1.746218 -2.414344 2
2.966427 1.746218 -2.414344 2
3.419482 0.500844 -2.120137 2
3.419482 0.500844 -2.120137 2
-0.752171 0.517047 -3.575316 2
4.034211 3.307005 -2.409007 2
4.034211 3.307005 -2.409007 2
2.270031 2.272835 -2.381345 2
2.270031 2.272835 -2.381345 2
2.790168 2.127951 -2.328458 2
2.790168 2.127951 -2.328458 2
2.790168 2.127951 -2.328458 2
0.446581 -0.759107 -2.941652 2
1.125029 2.043899 -2.656309 2
3.950057 3.517869 -2.321396 2
3.950057 3.517869 -2.321396 2
0.612465 -0.914944 -2.783067 2
0.612465 -0.914944 -2.783067 2
0.892255 2.710923 -1.543159 2
1.964558 2.765575 -2.332923 2
1.964031 0.986413 -2.916317 2
0.899630 2.392531 -2.654185 2
0.899630 2.392531 -2.654185 2
3.317641 0.659926 -2.058652 2
3.317641 0.659926 -2.058652 2
1.955307 0.960732 -2.897988 2
1.955307 0.960732 -2.897988 2
0.760574 -0.369728 -2.973700 2
2.145049 2.351277 -2.419635 2
2.145049 2.351277 -2.419635 2
0.763592 -0.869638 -2.812311 2
0.763592 -0.869638 -2.812311 2
0.911137 2.925203 -1.538015 2
3.043338 0.838341 -2.140315 2
1.274242 2.105909 -3.052675 2
3.024926 2.729472 -2.208047 2
3.024926 2.729472 -2.208047 2
1.969449 2.686121 -2.336052 2
1.969449 2.686121 -2.336052 2
1.110656 2.290567 -3.128939 2
2.127193 0.960508 -2.780707 2
2.127193 0.960508 -2.780707 2
2.817090 1.202471 -1.866575 2
2.817090 1.202471 -1.866575 2
2.359240 2.098132 -2.650448 2
2.359240 2.098132 -2.650448 2
2.359240 2.098132 -2.650448 2
1.475984 -0.470965 -0.725993 2
2.263220 2.153848 -2.345012 2
2.137123 1.011333 -2.826839 2
2.137123 1.011333 -2.826839 2
0.786882 2.890907 -1.544160 2
0.786882 2.890907 -1.544160 2
3.038769 0.812502 -2.066444 2
3.038769 0.812502 -2.066444 2
0.164693 2.582827 -3.149514 2
