0.405691 -1.360232 0.139861 2
0.405691 -1.360232 0.139861 2
-0.506520 -0.625524 0.190839 2
-0.506520 -0.625524 0.190839 2
0.073095 0.534037 -0.060620 2
1.196698 -0.482468 0.175451 2
1.111305 0.218472 -0.098560 2
-0.982927 -0.544557 0.433147 2
0.819014 0.253339 -0.123486 2
0.978589 0.124724 0.089405 2
-0.494084 0.446322 0.124283 2
1.141764 -0.429670 0.242720 2
1.141764 -0.429670 0.242720 2
1.538455 2.020869 -0.605521 2
1.360402 0.216765 -0.075332 2
1.690941 0.297394 0.149711 2
1.715088 1.386987 0.622047 2
1.006385 0.093713 -0.283302 2
0.966169 0.142428 -0.590794 2
0.966169 0.142428 -0.590794 2
0.328707 0.464432 0.334984 2
0.760443 0.540615 -0.184316 2
0.016810 1.035722 0.403004 2
1.448892 0.092455 -0.179972 2
0.677706 0.513429 0.300085 2
0.832071 0.009984 0.286741 2
1.155716 0.034296 -0.130196 2
1.437737 0.144207 0.030492 2
0.552466 0.304805 -0.170270 2
0.870851 0.256040 0.239951 2
0.202541 -0.603089 0.638754 2
-0.054791 -0.821677 0.095239 2
1.137371 0.224736 0.171916 2
-0.231474 0.170694 0.458573 2
1.923398 0.011982 -0.082396 2
1.033403 0.074198 -0.066719 2
0.371673 1.450627 1.520706 2
0.371673 1.450627 1.520706 2
0.843807 0.375428 0.046781 2
1.097495 0.525278 0.169765 2
-0.618677 0.449330 0.637850 2
1.449903 0.152756 -0.269694 2
1.036807 0.210098 0.144924 2
1.182709 0.501581 0.099632 2
0.315090 0.833356 0.130625 2
1.031391 0.580397 0.068310 2
1.336777 1.015115 -0.025246 2
0.114561 0.348510 0.492437 2
1.606939 0.127098 0.053980 2
1.579780 0.062861 0.180404 2
0.254411 0.155409 -0.031480 2
1.048354 0.192684 -0.804427 2
-0.314756 -1.697986 0.138362 2
1.538258 0.004584 0.148886 2
-0.421067 1.200348 0.681001 2
1.583077 -0.037087 0.112904 2
1.133665 0.513331 0.192204 2
1.237978 0.057115 -0.557151 2
0.764445 -0.398059 0.136222 2
0.836204 0.831346 -0.073106 2
0.840368 0.275411 0.436940 2
-0.454908 -0.453869 0.151395 2
0.148913 0.018994 0.333780 2
1.643396 0.280519 0.220611 2
1.106579 0.075860 -0.022910 2
-0.326072 0.841474 0.722823 2
1.199277 0.219633 0.168774 2
-1.068817 0.069006 0.321052 2
0.693297 0.778871 0.148085 2
0.296631 0.179888 0.548961 2
1.206256 0.104131 -0.003615 2
1.142078 0.229369 0.250364 2
0.347169 0.021689 -0.556974 2
0.188364 0.926331 -0.132242 2
1.244534 0.995733 0.279913 2
1.531565 1.075945 -0.037785 2
1.863114 0.379228 0.339954 2
0.727020 0.795786 -0.155890 2
1.061041 -0.328959 -0.006615 2
0.151444 0.184613 -0.132713 2
-0.466616 0.587032 0.661866 2
1.121483 0.906455 -0.160153 2
0.785470 -0.647302 -0.029677 2
0.701810 -0.441330 -0.202786 2
0.070120 -0.110501 0.230213 2
1.773327 0.198720 -0.093077 2
1.103525 0.089349 0.071699 2
1.103525 0.089349 0.071699 2
0.184408 1.630807 0.127721 2
0.009831 -0.366510 -0.098728 2
1.387611 0.647770 -0.118402 2
-0.478546 -0.040595 0.432804 2
1.307217 -0.244758 -0.021047 2
-1.225606 1.114510 0.054986 2
-3.118757 0.760830 -0.117754 2
-4.948248 -0.563219 -0.708209 2
-4.689109 -0.948947 0.170932 2
-7.105665 0.072838 1.012278 2
-8.397819 0.336835 0.468491 2
-8.866486 0.134980 0.341431 2
-8.850514 0.959965 0.569734 2
-8.176382 1.305960 0.353409 2
-8.809346 -0.453198 0.575531 2
-9.406077 -1.495133 0.315942 2
-9.406077 -1.495133 0.315942 2
-9.184760 -0.056985 0.424455 2
-9.582295 1.004184 0.174790 2
-9.582295 1.004184 0.174790 2
-8.748862 0.817745 0.470717 2
-9.365453 0.393467 0.260503 2
-9.785483 -0.738248 -0.144541 2
-8.916810 -0.999469 0.675762 2
-8.907539 0.911167 0.313966 2
-8.230752 0.309408 -0.087604 2
-9.622421 0.538660 0.417008 2
-7.395773 -0.310735 -0.014485 2
-9.353966 0.028690 -0.241614 2
-9.864141 -0.752521 0.235360 2
-9.236105 -1.047674 0.552687 2
-9.236105 -1.047674 0.552687 2
-8.682584 0.287337 0.272183 2
-10.601536 0.724892 0.239816 2
-8.268705 -0.141658 0.342186 2
-9.202511 0.657321 0.271871 2
-9.202511 0.657321 0.271871 2
-10.159925 -0.511562 0.343283 2
-8.975019 -0.361628 0.388510 2
-8.836985 1.035325 0.260458 2
-8.836985 1.035325 0.260458 2
-8.836985 1.035325 0.260458 2
-8.836985 1.035325 0.260458 2
-9.361938 0.269375 -0.180664 2
-10.179452 -0.520927 0.204786 2
-9.233014 -0.503095 0.424161 2
-9.120692 0.815158 0.504618 2
-9.155295 0.230299 0.144181 2
-10.395119 0.682741 0.341328 2
-8.989469 0.921141 0.839571 2
-8.800961 0.424422 0.137586 2
-9.559319 -0.177231 0.369728 2
-9.601140 -0.525364 0.518614 2
-9.027289 0.189852 0.542524 2
-9.027289 0.189852 0.542524 2
-8.837787 0.575213 0.040040 2
-8.837787 0.575213 0.040040 2
-8.837787 0.575213 0.040040 2
-9.508842 0.563248 -0.123016 2
-9.508842 0.563248 -0.123016 2
-9.508842 0.563248 -0.123016 2
-9.508842 0.563248 -0.123016 2
-9.017093 0.089339 0.016417 2
-9.646419 0.442698 0.482236 2
-9.065250 0.715863 0.275096 2
-9.253956 0.507133 0.166201 2
-9.509776 -0.141347 0.506446 2
-9.954072 -0.540636 0.360951 2
-8.989950 -0.014442 0.607018 2
-9.030032 0.804113 0.292320 2
-9.739419 0.583271 -0.027402 2
-8.462229 0.442528 0.262408 2
-7.330885 -0.717726 -0.640292 2
-9.097384 -0.006958 -0.005896 2
-10.099452 -0.537939 0.259001 2
-9.244885 -0.799387 0.386852 2
-9.046958 0.284093 0.353805 2
-8.263914 0.239151 -0.167893 2
-10.348327 0.612333 0.381362 2
-8.774684 0.301507 0.682896 2
-8.851322 0.600178 0.491530 2
-9.442114 0.137308 0.670793 2
-9.436209 -0.621780 0.350870 2
-9.195010 -0.359788 0.432288 2
-8.897675 1.100679 0.242917 2
-8.936434 -2.130436 -0.051392 2
-9.950484 0.551257 0.194732 2
-7.507208 -0.217384 -0.056854 2
-9.445324 0.027829 -0.393927 2
-9.872274 -0.638878 0.211354 2
-9.354602 -1.001598 0.809470 2
-8.866303 0.458382 0.294960 2
-9.614474 0.028040 0.181577 2
-9.614474 0.028040 0.181577 2
-9.228822 1.292866 0.542844 2
-9.022266 0.510399 0.168663 2
-9.024760 0.022224 0.135915 2
-10.694067 -0.308476 0.314247 2
-8.846480 -1.077277 0.515994 2
-8.686427 0.758031 0.177986 2
-10.271411 0.158578 -0.058368 2
-8.839228 0.583899 0.482470 2
-8.656895 0.436296 0.270952 2
-8.845943 0.112007 -0.494849 2
-9.802547 -0.691961 0.194480 2
-10.037768 -6.473174 3.602244 2
-5.708860 -0.197902 -0.201813 2
-3.937212 -0.220618 -0.218871 2
-2.757384 -0.200576 -0.147515 2
-0.857204 -0.133218 -0.407058 2
-0.932819 0.273031 0.577842 2
-2.110181 0.132785 0.616054 2
-0.197917 0.860105 -0.140087 2
0.977151 1.239411 0.169639 2
1.705774 1.517670 0.452908 2
-0.781064 -0.515644 0.218836 2
0.664793 0.635112 0.304531 2
1.212197 0.219373 0.008539 2
0.561465 0.276775 -0.279081 2
0.216597 0.543102 0.381639 2
-0.652156 1.488265 -0.005199 2
0.439456 0.040369 0.214054 2
0.468318 0.170721 0.287396 2
0.313506 0.097134 0.329449 2
1.694156 -0.257597 -0.328231 2
0.289593 0.854347 0.294474 2
-0.547835 2.720842 -0.163182 2
-0.130879 0.619603 -0.188405 2
0.159236 1.180405 0.682548 2
-0.128795 0.083989 0.113393 2
-0.191383 0.571912 0.391392 2
1.387020 0.348674 -0.218229 2
1.813484 0.513701 -0.062026 2
0.644458 0.410485 -0.174050 2
0.521825 1.343862 -0.578326 2
0.391394 1.221865 0.186162 2
-0.150496 0.253714 0.279151 2
0.524749 0.620130 0.134641 2
0.206980 -0.110582 0.675669 2
1.033643 0.365134 -0.075338 2
1.411426 0.347434 0.220151 2
-1.734807 1.529139 0.308932 2
0.605600 0.532847 -0.088688 2
-2.964134 -1.304605 0.618256 2
-2.964134 -1.304605 0.618256 2
0.218847 0.048949 0.253610 2
0.218847 0.048949 0.253610 2
1.897789 0.183234 -0.189276 2
0.268609 0.269346 0.376011 2
0.268609 0.269346 0.376011 2
-0.483775 1.535029 0.029745 2
-0.478833 -0.540729 -0.031485 2
1.023378 1.355287 0.582370 2
-0.626545 0.277497 0.397738 2
1.242047 -0.169064 -0.186589 2
-0.006638 1.007835 0.472683 2
0.676428 0.052432 -0.212493 2
-1.016408 0.150350 -0.254607 2
-0.799403 -1.269702 0.394080 2
-0.763368 -0.861655 0.038760 2
-0.666654 0.036086 0.283696 2
0.048392 0.199752 0.466458 2
1.257283 0.309152 -0.013116 2
0.866572 0.118483 -0.052049 2
-1.480930 0.062524 0.736307 2
1.186866 0.627612 -0.091376 2
-0.375322 -0.022281 0.270722 2
1.612034 1.421999 0.072531 2
0.393358 0.240454 0.425116 2
1.346308 0.513131 0.005838 2
0.971571 0.189894 0.161205 2
-0.355674 0.037791 -0.260950 2
-0.260593 0.326218 0.334104 2
-0.068173 -0.305882 0.536379 2
0.464294 -0.533661 0.189864 2
-0.198182 -0.367685 0.005414 2
-0.757417 0.530731 0.659941 2
1.412163 -0.268133 -0.434315 2
0.913816 0.366256 -0.135456 2
0.153627 0.797665 1.107855 2
0.224700 1.279673 -0.070362 2
0.332589 1.387910 0.874971 2
0.656973 1.403810 0.151349 2
0.060750 0.297163 0.448984 2
2.065574 0.120554 -0.310285 2
1.310784 1.015586 0.125265 2
1.099502 0.166975 -0.609314 2
-0.198024 -0.203627 -0.191885 2
-0.451148 0.994206 -0.056647 2
1.074510 -0.193986 0.312685 2
0.270591 -0.116427 -0.029828 2
-0.060639 0.060191 0.315507 2
1.293850 0.049217 0.251038 2
0.489477 0.137678 0.192740 2
1.751087 -0.058458 0.346561 2
0.381003 0.929904 0.061438 2
0.916932 0.816049 0.143293 2
0.784005 0.989422 0.101428 2
0.939904 0.422967 0.439490 2
0.864799 1.096650 0.067305 2
1.935437 -0.042234 -0.262707 2
0.378163 0.404627 -0.242115 2
0.815705 -0.044373 -0.006096 2
0.506086 1.534281 -0.040629 2
0.624319 -0.598418 0.253689 2
2.902330 0.847559 -0.131558 2
3.836149 -0.094423 0.353481 2
7.047402 -0.708421 -0.312304 2
6.371984 -0.151160 0.063255 2
7.330386 0.480462 1.350172 2
8.577866 -0.060493 -0.193249 2
9.690880 0.920309 -0.351306 2
9.230082 0.494051 0.655567 2
8.909434 0.343869 0.791954 2
9.889991 -0.227145 -0.485633 2
10.497808 -1.447587 -0.776156 2
9.086780 0.553007 -0.254494 2
8.631185 1.162451 0.974888 2
9.656103 1.183208 0.314388 2
9.670768 0.734600 -0.215798 2
10.819604 0.402972 0.194508 2
6.724684 -1.040069 -0.346847 2
13.744290 -3.223605 -0.941738 2
11.669475 -2.106862 -0.736689 2
8.860191 0.828457 -0.167087 2
8.604305 0.119997 0.162406 2
8.604305 0.119997 0.162406 2
10.267490 0.071262 -0.526349 2
9.691775 -0.680043 0.026674 2
10.066285 0.314197 -0.366870 2
9.429069 -0.258808 -0.655935 2
8.461854 0.169455 -0.151370 2
8.090186 0.393101 0.494029 2
9.563508 0.811854 -0.253448 2
9.693206 0.552821 -0.362718 2
10.859514 1.138427 -0.059297 2
6.384660 -0.055096 0.176746 2
13.747989 -2.613840 -0.875015 2
11.022304 -1.832936 -0.711820 2
8.871925 0.304492 -0.032662 2
9.259510 -0.013075 -0.114235 2
9.651994 0.838471 -0.359160 2
10.417588 -0.021153 -0.573746 2
10.493000 -0.240098 -0.298598 2
9.682091 -0.353983 -0.455699 2
12.351982 -2.311095 -0.774986 2
9.213891 0.119343 0.083984 2
7.883801 0.793605 0.730854 2
9.708589 0.881902 -0.127558 2
9.554646 0.538932 -0.043507 2
10.094059 0.024241 0.218951 2
10.814003 -0.613584 0.070200 2
13.976006 -3.111339 -0.920876 2
11.447798 -1.622965 -0.775133 2
8.787120 0.328923 0.107765 2
9.449974 0.256574 -0.041879 2
9.535246 0.896591 -0.369690 2
10.406372 0.171456 -0.278219 2
10.383974 0.339441 0.310809 2
8.785723 -0.612673 -0.058213 2
12.455187 -2.133859 -0.723679 2
7.659008 0.133012 0.048210 2
9.420231 1.152398 -0.133264 2
9.589590 0.871530 -0.205521 2
9.767901 0.637717 -0.276367 2
9.963044 0.524897 -0.351716 2
6.391068 -0.914692 -0.094499 2
9.968147 -0.578070 -0.307224 2
12.518173 -2.438411 -0.716641 2
8.236526 0.366566 0.088156 2
8.751594 0.151709 -0.063856 2
9.727148 0.888227 -0.384284 2
9.727148 0.888227 -0.384284 2
10.689717 0.695287 -0.092946 2
9.143936 -0.778074 -0.063673 2
12.090064 -2.321889 -0.690435 2
9.201207 0.212396 0.147842 2
8.079385 0.750766 0.632102 2
9.413781 0.092764 -0.107194 2
9.085540 1.281073 -0.235830 2
10.141784 0.326207 -0.608253 2
9.793519 -0.677990 -0.094990 2
9.878125 -0.433839 -0.397114 2
12.266818 -2.148615 -0.791890 2
8.696549 0.243702 -0.122181 2
9.049900 0.334890 0.090462 2
9.441376 0.871776 -0.263758 2
10.308578 0.515292 -0.162051 2
10.856640 0.374114 0.164298 2
6.609416 -0.620660 -0.382649 2
13.028158 -2.082484 -0.603187 2
9.289155 0.143623 -0.129056 2
8.669478 0.998151 -0.246342 2
8.862875 0.032190 -0.055038 2
9.952229 0.506507 -0.100034 2
9.918211 0.039250 -0.491155 2
9.908607 -0.669665 -0.089569 2
10.123191 -0.122269 -0.264214 2
13.116686 -3.201613 -1.137049 2
9.249712 -0.124134 -0.361756 2
8.429680 0.450678 0.170461 2
9.667323 0.821496 -0.200629 2
10.121235 0.179153 -0.325531 2
10.624598 0.698979 -0.085620 2
6.562418 -0.860887 0.103237 2
8.131755 -0.521572 -0.242137 2
9.860863 -2.623903 -0.901139 2
7.579952 -1.401326 0.470938 2
2.838221 -0.090188 -0.943622 2
1.876611 0.574992 0.185417 2
1.047851 -0.986736 0.329355 2
1.003215 -0.288986 0.556440 2
1.435044 0.559659 -0.215829 2
1.560346 -0.021807 -0.200837 2
2.050755 0.691954 -0.192200 2
1.745502 1.876981 -0.637240 2
0.996027 0.825472 -0.251362 2
1.566270 0.023078 0.204874 2
0.954890 0.926858 0.223697 2
-0.050384 0.261689 0.458491 2
2.424416 -0.459735 -0.047220 2
1.302563 0.060455 -0.158922 2
0.753565 0.711528 0.430394 2
0.388738 0.321710 0.064939 2
0.819070 -0.915075 0.307776 2
1.236564 0.229122 0.111992 2
-0.617993 -0.592789 0.220215 2
0.471561 0.189831 0.338915 2
1.121828 -0.928099 -0.329972 2
1.114153 0.274552 0.164179 2
1.750379 0.768509 -0.298079 2
0.998288 0.143949 0.170555 2
-0.149630 -0.308370 0.266142 2
1.104480 0.857200 0.076022 2
0.855792 -0.050840 0.174152 2
2.056620 0.350671 0.028851 2
1.509395 0.323485 0.063620 2
-0.052631 0.740868 0.364997 2
-0.765059 0.476437 0.660171 2
0.613482 -0.915395 0.294074 2
0.504253 -0.580654 0.083270 2
0.454678 -0.230352 0.083930 2
0.005825 0.182389 0.386269 2
2.342320 -0.364885 -0.238834 2
0.444169 0.233393 0.492811 2
0.444169 0.233393 0.492811 2
0.167848 1.574170 -0.012957 2
0.490781 -0.310333 0.305388 2
1.112888 0.932505 0.149569 2
0.172178 0.321848 0.448982 2
2.041418 -0.135494 -0.229774 2
1.088371 -0.142362 0.063724 2
0.291629 0.304325 -0.033718 2
1.296668 -0.270366 -0.341339 2
1.096201 -0.053510 0.132549 2
1.512926 0.089485 0.210522 2
-0.275814 -0.126647 0.277842 2
0.059380 0.337119 0.374941 2
1.375151 -0.438102 -0.227996 2
1.630756 -0.087729 -0.357871 2
1.709890 0.344303 0.394734 2
1.709890 0.344303 0.394734 2
1.249225 0.755178 0.137806 2
0.957554 0.980694 0.048170 2
0.413713 -0.359611 0.082967 2
1.544667 0.257066 -0.447356 2
1.944286 -0.124890 -0.611512 2
0.692146 0.087037 -0.448601 2
2.424567 -0.367542 -0.146839 2
0.851970 1.210763 0.157873 2
0.800905 -0.508422 0.255551 2
1.322654 0.824944 0.118934 2
0.052152 0.094046 0.406604 2
2.328389 -0.176928 -0.191312 2
0.681047 0.511188 0.420754 2
0.153586 0.706738 0.825487 2
1.167976 0.652718 -0.083271 2
0.965318 1.433022 0.061194 2
1.245723 1.130044 0.026416 2
0.598145 0.208617 -0.067528 2
1.647469 -0.647170 -0.029343 2
1.241559 0.267798 0.078485 2
1.328920 0.029951 -0.625335 2
-0.228619 -0.657755 -0.492439 2
-0.783902 1.528449 0.032895 2
1.345800 0.456153 0.434432 2
0.628183 0.462632 0.237624 2
0.862435 0.032272 0.282326 2
1.437574 0.153365 -0.110707 2
1.820671 -0.383631 -0.062104 2
1.885747 0.398696 -0.016079 2
1.206358 0.649244 0.004446 2
1.193762 0.999086 0.203253 2
0.711240 0.674423 0.318518 2
2.280132 0.276581 -0.430544 2
0.204050 -0.138873 0.079559 2
1.930831 0.120731 -0.088871 2
0.395559 0.512351 -0.090465 2
0.684131 -0.510669 0.184274 2
0.594920 1.591532 -0.024454 2
0.594920 1.591532 -0.024454 2
1.120015 -0.132115 0.092338 2
0.305520 0.322274 0.410444 2
2.035616 -0.321381 -0.380359 2
0.960288 0.277281 0.054680 2
-2.772300 -0.699594 -0.468310 2
-2.772300 -0.699594 -0.468310 2
-4.189354 -0.343068 0.353987 2
-7.581798 0.596583 0.330889 2
-10.021297 0.663193 0.472001 2
-12.438854 0.372092 0.614367 2
-9.321614 1.592599 0.012538 2
-9.726213 2.214075 0.352567 2
-10.524893 0.131096 0.318955 2
-15.569174 -0.683636 0.727985 2
-14.215483 0.022418 0.405251 2
-13.818706 0.525219 0.395923 2
-14.363809 0.485457 0.226126 2
-14.940471 0.111417 0.361954 2
-14.940471 0.111417 0.361954 2
-14.940471 0.111417 0.361954 2
-14.940471 0.111417 0.361954 2
-15.972144 -0.712502 0.568638 2
-14.234447 0.339463 0.253062 2
-15.106301 0.235942 0.426751 2
-15.490354 1.133454 0.395801 2
-15.490354 1.133454 0.395801 2
-15.984644 -0.107667 0.766299 2
-13.075116 1.326748 0.675718 2
-15.731264 -0.374585 0.505379 2
-12.108058 -1.417560 1.263318 2
-14.364146 0.594419 0.672068 2
-14.862426 0.490291 0.290056 2
-10.920099 0.837555 0.381030 2
-10.920099 0.837555 0.381030 2
-13.538447 -0.048940 0.148451 2
-13.403841 0.271551 0.188907 2
-12.882934 0.046402 0.538797 2
-15.428486 -0.155461 0.286392 2
-14.665265 0.534491 0.278255 2
-14.433256 0.264778 0.519402 2
-15.713850 0.056433 0.610784 2
-15.713850 0.056433 0.610784 2
-11.556934 1.522026 0.320182 2
-12.803745 0.299143 0.612510 2
-12.459904 -1.247830 1.344149 2
-12.865706 0.899299 0.354079 2
-14.592628 0.317289 0.236880 2
-14.592628 0.317289 0.236880 2
-14.592628 0.317289 0.236880 2
-14.592628 0.317289 0.236880 2
-14.592628 0.317289 0.236880 2
-14.592628 0.317289 0.236880 2
-14.592628 0.317289 0.236880 2
-14.592628 0.317289 0.236880 2
-15.253305 1.363677 1.045609 2
-15.253305 1.363677 1.045609 2
-15.253305 1.363677 1.045609 2
-15.014672 0.545658 0.362417 2
-15.014672 0.545658 0.362417 2
-15.014672 0.545658 0.362417 2
-15.014672 0.545658 0.362417 2
-15.014672 0.545658 0.362417 2
-13.244448 1.905311 -0.408767 2
-14.886095 -1.362141 0.213636 2
-10.773779 1.609090 -0.443723 2
-11.906886 0.426504 0.243951 2
-16.295099 0.730076 -0.004091 2
-14.329122 0.359426 0.511542 2
-14.250212 0.823392 0.255341 2
-15.098249 -0.265237 0.094541 2
-14.137074 1.249707 1.517846 2
-14.137074 1.249707 1.517846 2
-12.448898 -0.654724 0.597642 2
-11.772629 0.101834 0.129308 2
-12.400181 -1.652758 1.129207 2
-12.971503 0.846399 0.225773 2
-14.505122 0.457958 -0.002111 2
-13.479712 2.597743 -0.452152 2
-13.479712 2.597743 -0.452152 2
-12.484043 2.774471 -0.545946 2
-12.017336 0.678037 0.430746 2
-15.445456 -0.181741 0.250411 2
-15.283152 -0.073261 0.203322 2
-14.649188 0.343696 0.405962 2
-15.190388 0.232091 0.286037 2
-15.190388 0.232091 0.286037 2
-15.190388 0.232091 0.286037 2
-11.169724 1.558355 0.198237 2
-12.344903 0.297303 0.181747 2
-3.063293 -5.703157 1.302326 2
-12.779215 0.793526 0.417692 2
-14.679357 0.340236 0.263890 2
-14.941709 0.888544 0.425086 2
-14.941709 0.888544 0.425086 2
-14.941709 0.888544 0.425086 2
-14.941709 0.888544 0.425086 2
-13.242990 -0.332228 0.521337 2
-13.242990 -0.332228 0.521337 2
-14.244992 0.697620 0.240736 2
-14.329505 0.317617 0.362853 2
-14.329505 0.317617 0.362853 2
-14.329505 0.317617 0.362853 2
-14.329505 0.317617 0.362853 2
-14.329505 0.317617 0.362853 2
-15.653807 -0.057133 1.134948 2
-11.841629 1.157161 0.186193 2
-13.450599 -0.335530 0.370801 2
-10.748799 -0.230357 0.511840 2
-6.136107 -0.438130 -0.235267 2
-5.921873 -0.156385 0.152111 2
-4.847129 -0.476171 -0.128893 2
-2.953159 -1.297233 0.070219 2
-1.481230 -0.097209 0.557045 2
-0.569431 1.257405 -0.258995 2
-1.458787 -0.505172 -0.758028 2
0.335276 -0.224183 0.133863 2
0.020778 0.485459 0.459076 2
-0.000710 0.195618 0.119246 2
-0.140681 2.357012 -0.122970 2
-0.193657 2.047986 0.330100 2
-0.130817 -0.146932 0.196599 2
0.566353 0.749397 0.152739 2
0.342771 -0.082310 0.155185 2
1.299240 0.128532 -0.071622 2
1.176804 -0.109632 -0.244095 2
-0.044835 0.567534 0.013602 2
0.876246 0.546693 -0.117470 2
0.876246 0.546693 -0.117470 2
0.076017 -0.619981 0.329239 2
-0.876678 0.869454 0.519408 2
0.796870 0.290260 0.215653 2
1.694079 0.012338 -0.173549 2
0.547321 0.228619 0.093831 2
0.547321 0.228619 0.093831 2
0.547321 0.228619 0.093831 2
-0.177713 -0.662884 -0.239007 2
0.788458 0.849881 0.242836 2
-0.450367 -0.114965 0.324577 2
1.317975 -0.935298 -0.371173 2
0.808285 0.427381 0.303002 2
-0.195061 0.544549 0.314435 2
-0.787402 0.417031 -0.286576 2
0.868459 -1.136422 0.149811 2
0.577158 0.193180 0.077017 2
-0.259259 0.016250 0.200085 2
0.026666 -0.004243 0.385039 2
1.581106 0.465324 -0.074894 2
1.381054 0.368721 -0.150532 2
1.029932 0.480945 1.010518 2
1.029932 0.480945 1.010518 2
-0.376089 -0.066281 0.395618 2
0.236707 0.456160 -0.116813 2
0.071480 0.044500 0.682787 2
1.320881 0.453726 0.348447 2
1.886553 0.509343 0.376675 2
0.133341 0.416836 0.014749 2
-0.173543 0.267195 0.195395 2
0.910327 -0.099736 0.441347 2
0.432075 -0.518491 0.162447 2
-0.339324 0.091635 0.553312 2
-0.339324 0.091635 0.553312 2
1.481170 0.026667 -0.464823 2
0.833856 -0.001514 -0.040689 2
-0.044996 0.822468 0.995870 2
0.121213 1.655487 0.033413 2
-0.639085 0.249808 0.459739 2
-0.456397 0.481050 0.704992 2
-0.456397 0.481050 0.704992 2
1.721520 0.090826 -0.056829 2
1.219039 0.881564 0.151574 2
0.875494 0.464568 -0.265184 2
-0.973956 0.135960 0.000408 2
1.052999 0.975181 -0.062085 2
0.701574 0.226715 0.139392 2
-0.830037 -0.772274 0.178506 2
-0.347491 0.102994 0.181152 2
1.055599 0.283981 0.302448 2
0.828730 0.016500 -0.179655 2
1.460702 0.234960 0.283830 2
0.661536 0.850197 0.242499 2
0.850498 0.962946 0.209399 2
0.573178 0.465858 0.098151 2
0.229747 -0.077462 0.359212 2
0.474052 0.530022 0.078528 2
1.976954 0.086174 0.060190 2
-0.111319 0.152274 -0.200648 2
0.116785 -0.698173 -0.087432 2
0.322924 1.612942 0.067334 2
0.869957 -0.430420 0.320069 2
1.083170 0.919057 0.185912 2
-0.255619 0.411700 0.550175 2
1.763265 -0.338644 -0.384146 2
1.092245 1.566053 0.481192 2
-3.512541 1.149256 0.703756 2
0.227007 0.376808 -0.221790 2
0.285860 0.867391 0.414661 2
0.503447 -0.268914 0.386362 2
-0.125023 0.201341 0.247511 2
0.910305 0.779974 -0.175322 2
0.908929 0.086840 -0.039487 2
0.674510 0.491637 -0.263874 2
0.674510 0.491637 -0.263874 2
0.362815 -0.374364 -0.010227 2
0.248980 -0.747449 0.312601 2
0.915067 1.042909 0.433752 2
0.806827 -0.085542 -0.073063 2
1.936837 -0.500346 -0.481680 2
4.132374 -0.565773 -0.211335 2
7.188847 0.676080 1.076125 2
8.323902 0.211851 -0.294002 2
9.861540 1.359576 -0.169998 2
12.252445 -0.580659 -0.484407 2
16.304832 1.736654 -0.446308 2
13.356660 -0.178984 0.026017 2
17.241114 -3.121966 -1.824266 2
15.440193 0.597861 0.467887 2
16.005316 0.253929 -0.176403 2
14.623022 0.163254 -0.050693 2
15.889973 0.916802 -0.203096 2
15.174890 0.521644 -0.060231 2
14.205800 -0.062110 0.183210 2
14.205800 -0.062110 0.183210 2
16.169857 0.776964 -0.113639 2
16.169857 0.776964 -0.113639 2
13.899405 -0.287804 -0.096575 2
15.790243 0.556444 0.118525 2
14.431475 0.137839 0.281776 2
13.865870 -0.476012 0.096931 2
14.125793 -0.823690 -0.392236 2
14.125793 -0.823690 -0.392236 2
19.547539 -2.774254 -0.674799 2
20.191446 -3.369781 -1.169057 2
15.512261 0.958081 0.375019 2
14.333360 0.278703 -0.432985 2
14.327432 0.077444 -0.310443 2
13.943586 -0.880507 -0.059414 2
20.529541 -2.920486 -0.939582 2
20.529541 -2.920486 -0.939582 2
14.779318 -0.047273 0.065201 2
14.779318 -0.047273 0.065201 2
14.770422 0.240958 0.196583 2
16.026251 0.957432 0.448738 2
15.150570 -0.377482 0.290226 2
14.388367 -0.355722 -0.242993 2
14.388367 -0.355722 -0.242993 2
19.352448 -2.576897 -0.692440 2
20.900492 -3.578668 -1.289526 2
15.492268 0.960757 0.479055 2
14.695336 0.269385 -0.605174 2
14.358418 0.161283 -0.292779 2
14.179981 -0.444225 -0.276069 2
14.179981 -0.444225 -0.276069 2
15.722583 -1.087750 -0.415330 2
14.721779 -0.122537 -0.166353 2
13.751326 0.144466 -0.005253 2
13.751326 0.144466 -0.005253 2
14.478864 -0.009938 0.091582 2
14.148807 -0.780523 -0.468002 2
14.148807 -0.780523 -0.468002 2
14.148807 -0.780523 -0.468002 2
20.210596 -2.680067 -0.763571 2
20.474724 -3.242380 -1.143981 2
15.728705 0.608108 0.510529 2
14.202229 0.352629 -0.440243 2
13.973157 -0.709235 0.022862 2
13.973157 -0.709235 0.022862 2
14.013034 0.069799 -0.053613 2
15.918556 -0.878915 -0.530180 2
16.311367 0.157905 -0.183592 2
14.382137 0.070884 -0.221334 2
14.236030 -0.153785 0.075063 2
16.083548 -0.423701 -0.139081 2
16.083548 -0.423701 -0.139081 2
13.563849 -0.382116 -0.370041 2
15.406410 -0.754532 -0.313568 2
20.069389 -2.194445 -0.417872 2
15.964839 -0.076135 -0.577300 2
15.500504 1.014288 0.556352 2
14.308626 -0.192563 0.017509 2
14.308626 -0.192563 0.017509 2
13.906207 -1.294380 0.041182 2
14.704866 -0.425219 -0.366421 2
14.704866 -0.425219 -0.366421 2
15.871128 0.200833 -0.123317 2
19.941608 -3.337763 -1.117005 2
15.149268 0.270205 0.277240 2
14.766109 0.482273 -0.090409 2
15.678505 -0.065678 0.031849 2
13.291861 -1.161566 -0.645930 2
14.303091 0.537533 -0.320883 2
20.211758 -2.679636 -0.896251 2
15.936660 0.054026 -0.314704 2
14.185424 0.105620 -0.482851 2
14.185424 0.105620 -0.482851 2
13.957425 -0.556905 0.099622 2
13.957425 -0.556905 0.099622 2
13.918216 -0.030970 0.042950 2
13.918216 -0.030970 0.042950 2
14.056164 0.344013 -0.035735 2
15.001974 0.152517 0.002297 2
15.001974 0.152517 0.002297 2
14.860332 0.144855 -0.463829 2
14.787313 0.447412 -0.140905 2
13.715084 -0.584584 -0.088679 2
12.859782 0.212834 0.212267 2
19.095596 -2.928525 -0.743511 2
11.655411 0.509109 0.117890 2
11.655411 0.509109 0.117890 2
9.313359 0.547171 -0.163069 2
7.039518 0.217377 -0.732357 2
4.223571 0.351218 -0.722991 2
2.532596 -0.400034 0.524637 2
1.938570 0.337546 -0.173330 2
2.983327 0.482911 0.404511 2
2.983327 0.482911 0.404511 2
0.746306 0.862764 -0.100366 2
-0.015037 1.299463 -0.247443 2
1.150825 -0.510978 0.039129 2
1.511039 -0.066214 -0.244943 2
1.237729 -0.581535 -0.190250 2
1.394527 -0.224672 -0.237245 2
1.394527 -0.224672 -0.237245 2
1.394527 -0.224672 -0.237245 2
0.638471 1.210150 -0.256373 2
-2.106309 -1.061334 -0.107210 2
1.236400 0.683912 0.184741 2
-0.756376 0.646743 0.522218 2
1.597137 -0.222204 -0.025644 2
1.597137 -0.222204 -0.025644 2
0.283449 0.147096 -0.179391 2
-0.117253 0.173221 0.185598 2
0.520366 -0.927779 0.364561 2
1.274272 -0.075181 0.248288 2
0.634051 0.269982 0.326259 2
1.346774 0.068045 -0.013240 2
1.346774 0.068045 -0.013240 2
0.674374 0.366018 -0.120646 2
0.650029 1.036405 0.975697 2
0.650029 1.036405 0.975697 2
-0.444185 0.021720 0.087719 2
1.322540 0.893935 -0.188156 2
1.315770 0.164113 0.032219 2
1.315770 0.164113 0.032219 2
1.862733 -0.071360 0.168564 2
0.309043 -0.007019 -0.234056 2
1.627302 -0.123637 -0.068203 2
1.327260 0.939723 0.179789 2
0.863118 -0.266681 0.177136 2
0.148506 -0.003387 0.463170 2
0.148506 -0.003387 0.463170 2
1.637338 -0.212262 -0.131980 2
0.319703 0.094555 0.110220 2
0.671449 0.701633 1.067771 2
1.257065 1.342011 -0.034267 2
0.966244 1.340784 0.085556 2
-0.638048 1.133991 0.715387 2
-0.638048 1.133991 0.715387 2
2.164243 0.703516 0.328025 2
2.164243 0.703516 0.328025 2
0.841701 0.384298 -0.369164 2
0.498500 -0.344993 0.025420 2
1.934370 -1.205102 -0.715749 2
1.157066 0.863314 0.126083 2
1.157066 0.863314 0.126083 2
1.377278 -0.026900 0.018774 2
1.377278 -0.026900 0.018774 2
0.896242 0.330800 0.191210 2
-0.075094 1.276682 -0.058076 2
0.564970 1.032878 0.388600 2
1.112311 1.247870 0.002247 2
1.112311 1.247870 0.002247 2
2.369615 0.521529 0.703888 2
1.124925 0.686492 -0.026642 2
1.778052 0.085783 -0.265291 2
0.560675 0.306864 -0.368659 2
0.572630 -0.877249 0.162248 2
0.409763 1.670123 0.063038 2
0.778137 -0.450977 0.241860 2
1.341749 0.491911 -0.013743 2
-0.170270 0.213724 0.504593 2
2.134725 -0.210929 -0.201684 2
1.410241 -0.186766 0.271990 2
1.410241 -0.186766 0.271990 2
1.438196 0.649345 0.162528 2
1.438196 0.649345 0.162528 2
-0.482833 -1.079758 0.219010 2
-0.613554 1.124572 0.580291 2
1.264936 0.405698 0.012512 2
1.132757 0.496085 -0.069738 2
0.824467 0.397568 -0.299870 2
1.219647 1.531942 0.104092 2
1.219647 1.531942 0.104092 2
1.103283 -0.101221 -0.058389 2
0.465098 -0.120672 0.079882 2
0.914492 0.027140 0.223173 2
1.408222 0.093348 -0.056741 2
1.186700 0.137232 0.138438 2
-0.169018 1.289521 0.127226 2
-0.169018 1.289521 0.127226 2
0.800269 -0.475749 -0.053428 2
1.015512 -0.209177 -0.065870 2
1.088641 0.139612 0.022622 2
1.088641 0.139612 0.022622 2
2.051394 0.047162 -0.129325 2
0.704387 0.171234 0.080963 2
0.704387 0.171234 0.080963 2
1.359024 -0.070703 0.422201 2
-2.996919 -0.507266 -0.421147 2
-5.584733 0.206354 0.121465 2
-10.971436 0.638806 0.180718 2
-11.398034 0.632413 0.917024 2
-10.314165 0.860860 0.745727 2
-10.314165 0.860860 0.745727 2
-16.168491 0.315146 0.432353 2
-17.970409 -0.278494 -0.603671 2
-18.864197 0.320974 0.859752 2
-19.415911 0.294748 0.075252 2
-20.205557 -0.351403 0.674099 2
-16.243778 1.096604 -0.174719 2
-16.243778 1.096604 -0.174719 2
-16.243778 1.096604 -0.174719 2
-17.692757 0.315607 0.320349 2
-16.186548 0.957441 -0.379521 2
-17.631111 0.952084 -0.144926 2
-19.449593 0.313039 -0.177461 2
-21.793636 1.274439 0.427453 2
-21.793636 1.274439 0.427453 2
-16.305164 0.380737 -0.460688 2
-16.305164 0.380737 -0.460688 2
-16.649553 0.358913 -0.277356 2
-19.145758 0.800330 -0.132677 2
-13.863614 2.274863 -1.064301 2
-19.432014 0.247811 -0.287324 2
-19.432014 0.247811 -0.287324 2
-17.145603 1.325256 -0.008634 2
-17.073124 -0.015789 0.516845 2
-16.153614 1.108930 0.037387 2
-16.153614 1.108930 0.037387 2
-14.916897 2.362966 -1.370352 2
-21.317883 -1.014470 0.075720 2
-21.317883 -1.014470 0.075720 2
-17.309671 0.774213 1.038755 2
-17.309671 0.774213 1.038755 2
-14.740703 0.166600 0.349588 2
-15.983327 0.165218 -0.001076 2
-16.116232 0.313549 0.189526 2
-14.559326 1.785765 -0.643955 2
-14.559326 1.785765 -0.643955 2
-20.083572 1.226042 0.532544 2
-20.083572 1.226042 0.532544 2
-20.083572 1.226042 0.532544 2
-18.940325 0.077893 -0.262584 2
-18.940325 0.077893 -0.262584 2
-14.879921 2.042632 -1.353469 2
-14.879921 2.042632 -1.353469 2
-19.082197 0.403527 0.042798 2
-19.082197 0.403527 0.042798 2
-19.082197 0.403527 0.042798 2
-19.842241 -0.199046 0.437230 2
-19.842241 -0.199046 0.437230 2
-13.851823 2.435964 -1.057516 2
-13.851823 2.435964 -1.057516 2
-19.287539 0.522126 -0.030859 2
-19.287539 0.522126 -0.030859 2
-13.275925 -2.941733 1.184427 2
-13.275925 -2.941733 1.184427 2
-18.863918 -0.051019 0.170523 2
-14.900316 1.690108 -0.909063 2
-14.900316 1.690108 -0.909063 2
-18.914207 0.291409 0.156664 2
-18.914207 0.291409 0.156664 2
-17.025528 0.523767 0.167473 2
-15.983458 1.632359 0.293909 2
-15.983458 1.632359 0.293909 2
-15.226166 0.429658 -0.415256 2
-15.226166 0.429658 -0.415256 2
-19.057112 0.405637 0.165602 2
-19.057112 0.405637 0.165602 2
-19.057112 0.405637 0.165602 2
-19.057112 0.405637 0.165602 2
-13.446450 -2.260346 1.543699 2
-15.119732 0.302797 0.080297 2
-15.119732 0.302797 0.080297 2
-17.385683 0.538299 0.385598 2
-17.385683 0.538299 0.385598 2
-20.736473 -0.476092 0.603192 2
-20.736473 -0.476092 0.603192 2
-20.736473 -0.476092 0.603192 2
-19.470911 0.295744 0.041872 2
-19.470911 0.295744 0.041872 2
-15.541069 3.130196 -0.772247 2
-15.541069 3.130196 -0.772247 2
-19.117981 0.231846 0.251814 2
-19.117981 0.231846 0.251814 2
-12.866770 -3.999564 0.537693 2
-17.265837 0.454623 0.688614 2
-17.265837 0.454623 0.688614 2
-16.492550 1.021339 -0.004313 2
-16.492550 1.021339 -0.004313 2
-16.754679 1.008763 0.382582 2
-18.904833 0.435903 0.344530 2
-18.904833 0.435903 0.344530 2
-19.528902 -0.369537 -0.434767 2
-19.528902 -0.369537 -0.434767 2
-18.658964 -0.034037 0.324310 2
-18.658964 -0.034037 0.324310 2
-15.318321 0.786910 -0.145645 2
-15.490609 -0.194664 0.108841 2
-10.823010 1.668427 0.008729 2
-7.721239 -0.497804 -0.167841 2
-7.721239 -0.497804 -0.167841 2
-7.721239 -0.497804 -0.167841 2
-7.721239 -0.497804 -0.167841 2
-3.659789 -0.808453 -0.137747 2
-0.562248 1.104658 -0.206986 2
0.029422 1.106897 0.383529 2
0.088850 0.248177 0.609379 2
0.088850 0.248177 0.609379 2
1.282030 0.774433 -0.126696 2
1.282030 0.774433 -0.126696 2
0.753909 1.838624 0.376204 2
-0.480341 -0.164826 0.183298 2
0.330039 0.426118 -0.019659 2
0.330039 0.426118 -0.019659 2
1.399413 0.194415 0.070359 2
0.138112 0.142031 -0.505401 2
0.138112 0.142031 -0.505401 2
-0.316494 0.242081 0.021784 2
0.900510 -0.765332 0.394117 2
1.102725 -0.274901 0.195323 2
1.672689 0.504180 -0.178058 2
-0.968034 -0.792078 -0.183362 2
1.280566 0.511358 0.294857 2
1.280566 0.511358 0.294857 2
1.655134 0.451921 0.415466 2
1.209714 1.077309 -0.108895 2
0.799267 1.540916 0.297833 2
0.117604 -0.287088 -0.096410 2
0.117604 -0.287088 -0.096410 2
1.141640 0.395264 -0.187945 2
1.141640 0.395264 -0.187945 2
0.700197 0.505116 -0.217635 2
0.142398 0.395577 0.076047 2
0.714914 1.568326 0.046411 2
1.288023 0.876512 0.099297 2
1.288023 0.876512 0.099297 2
1.574577 0.138454 0.046039 2
1.574577 0.138454 0.046039 2
1.062005 0.028922 0.165269 2
-1.513540 1.621608 0.300365 2
0.066060 1.169183 -0.002923 2
2.242697 -0.324167 -0.099420 2
2.242697 -0.324167 -0.099420 2
1.394310 0.367508 -0.075932 2
1.394310 0.367508 -0.075932 2
1.051756 0.006986 -0.127501 2
1.051756 0.006986 -0.127501 2
1.540226 2.178563 -0.543196 2
0.551555 -0.315720 -0.028151 2
0.551555 -0.315720 -0.028151 2
-0.571654 0.299035 0.824102 2
-0.571654 0.299035 0.824102 2
3.756412 -1.007696 -0.118303 2
0.994986 0.377569 0.321135 2
-0.100453 0.884388 0.629551 2
0.677537 -0.959234 0.448448 2
0.677537 -0.959234 0.448448 2
-0.089442 0.032737 0.331162 2
-0.089442 0.032737 0.331162 2
0.170621 0.017065 0.365333 2
1.519416 0.358380 -0.052507 2
0.634252 0.169388 0.208180 2
-0.430426 1.436165 0.057412 2
-0.430426 1.436165 0.057412 2
1.250083 0.867218 0.013196 2
1.250083 0.867218 0.013196 2
0.409091 -0.466666 0.023579 2
1.386573 0.260612 -0.023318 2
1.483518 0.682110 0.167755 2
0.537906 0.453690 -0.169651 2
0.537906 0.453690 -0.169651 2
0.360876 -0.654451 0.099810 2
0.360876 -0.654451 0.099810 2
1.664579 0.635156 0.316656 2
-0.103611 -0.121592 -0.236483 2
2.148129 -0.112906 -0.286738 2
0.837466 0.584704 0.979301 2
0.837466 0.584704 0.979301 2
1.471943 -0.315545 0.464633 2
1.471943 -0.315545 0.464633 2
1.595384 1.028561 -0.143258 2
0.118552 0.352447 0.492843 2
2.051788 -0.126476 -0.194546 2
1.058866 0.563101 0.347536 2
0.338054 -0.062693 -0.498311 2
1.028424 -0.191098 0.531465 2
1.028424 -0.191098 0.531465 2
1.133878 -0.062461 0.419624 2
0.666987 0.233697 0.137036 2
-0.289415 -0.608874 -0.147170 2
1.209064 -0.273418 -0.132895 2
1.209064 -0.273418 -0.132895 2
1.414425 0.848363 -0.154349 2
1.414425 0.848363 -0.154349 2
1.414425 0.848363 -0.154349 2
1.547329 1.091937 -0.121778 2
3.126336 0.058863 0.153092 2
9.009495 -1.087410 -0.152511 2
9.009495 -1.087410 -0.152511 2
11.607518 -0.078914 0.227062 2
11.607518 -0.078914 0.227062 2
13.151612 -0.245792 0.271135 2
18.569555 1.111697 -0.474896 2
20.313852 1.271816 0.628630 2
17.651590 -1.014585 -1.378983 2
17.651590 -1.014585 -1.378983 2
19.295626 1.703173 0.198393 2
19.295626 1.703173 0.198393 2
19.757549 2.188124 0.959370 2
19.757549 2.188124 0.959370 2
19.757549 2.188124 0.959370 2
19.099619 0.976547 0.104035 2
19.099619 0.976547 0.104035 2
21.815901 -0.355688 0.083487 2
21.815901 -0.355688 0.083487 2
21.815901 -0.355688 0.083487 2
19.315147 2.087136 0.831113 2
19.009851 0.258829 -1.119455 2
16.404926 -0.687425 -0.433278 2
18.883593 -1.268065 -0.125905 2
21.532932 -0.461956 -0.610089 2
21.532932 -0.461956 -0.610089 2
21.709114 0.861027 -0.101892 2
18.213688 2.034162 0.539639 2
18.507565 0.409123 -0.658701 2
19.087229 -0.487785 -0.395159 2
19.087229 -0.487785 -0.395159 2
15.871752 2.641806 0.371151 2
15.871752 2.641806 0.371151 2
15.871752 2.641806 0.371151 2
21.086277 0.782945 -0.671252 2
17.910639 0.993521 0.086536 2
16.867176 -0.026830 -1.341134 2
16.867176 -0.026830 -1.341134 2
17.396753 -2.315763 -1.234514 2
17.396753 -2.315763 -1.234514 2
17.396753 -2.315763 -1.234514 2
22.333353 1.157162 -0.034539 2
17.645786 1.269559 0.235031 2
17.698572 -0.871316 -0.598844 2
17.698572 -0.871316 -0.598844 2
16.918795 -1.867179 -1.471451 2
16.918795 -1.867179 -1.471451 2
16.918795 -1.867179 -1.471451 2
16.918795 -1.867179 -1.471451 2
23.040579 -1.663302 -1.609455 2
23.040579 -1.663302 -1.609455 2
23.040579 -1.663302 -1.609455 2
22.271963 2.277440 0.749195 2
22.271963 2.277440 0.749195 2
21.545265 -1.145031 -0.788071 2
21.545265 -1.145031 -0.788071 2
19.133829 1.481949 0.692208 2
17.311384 -0.090051 -0.283059 2
17.311384 -0.090051 -0.283059 2
17.335106 0.080299 -0.697781 2
17.335106 0.080299 -0.697781 2
14.304393 -3.731821 -1.485667 2
14.304393 -3.731821 -1.485667 2
17.526512 -0.194477 -0.798172 2
14.040337 -1.754458 -0.296367 2
14.040337 -1.754458 -0.296367 2
17.373608 -2.902923 -3.703501 2
17.373608 -2.902923 -3.703501 2
19.150970 -0.471038 -0.440249 2
19.150970 -0.471038 -0.440249 2
19.150970 -0.471038 -0.440249 2
19.150970 -0.471038 -0.440249 2
19.150970 -0.471038 -0.440249 2
19.150970 -0.471038 -0.440249 2
19.150970 -0.471038 -0.440249 2
16.055878 -1.128945 -2.046570 2
16.055878 -1.128945 -2.046570 2
16.897640 -3.992009 -3.427691 2
16.897640 -3.992009 -3.427691 2
16.897640 -3.992009 -3.427691 2
23.257874 3.391124 1.344334 2
23.257874 3.391124 1.344334 2
17.780416 -1.393377 0.394514 2
17.780416 -1.393377 0.394514 2
18.362543 -0.948599 -0.667936 2
19.620834 -0.891992 -1.028141 2
19.493338 1.175062 0.568217 2
18.053095 0.727631 -0.023979 2
18.053095 0.727631 -0.023979 2
17.307064 0.037966 -0.175150 2
17.307064 0.037966 -0.175150 2
20.117174 0.188823 -0.753681 2
19.721628 -0.722449 -0.891600 2
19.721628 -0.722449 -0.891600 2
20.131077 1.119109 0.983428 2
20.131077 1.119109 0.983428 2
14.599132 -0.465130 -2.505253 2
14.599132 -0.465130 -2.505253 2
18.689718 -1.095063 -0.748648 2
17.464962 0.206277 -0.276422 2
17.464962 0.206277 -0.276422 2
15.501349 0.833843 -0.403295 2
15.501349 0.833843 -0.403295 2
8.566033 0.389596 -0.055390 2
8.566033 0.389596 -0.055390 2
2.888687 -0.588180 0.732214 2
1.480485 0.152151 0.015108 2
1.480485 0.152151 0.015108 2
1.831170 -0.003818 -0.127814 2
1.831170 -0.003818 -0.127814 2
0.899550 0.910686 -0.145764 2
0.899550 0.910686 -0.145764 2
1.080040 0.631084 -0.317206 2
1.080040 0.631084 -0.317206 2
2.083163 1.214994 -0.213175 2
1.797588 0.171959 -0.176925 2
1.797588 0.171959 -0.176925 2
-0.159061 0.924444 0.114406 2
-0.159061 0.924444 0.114406 2
1.194510 0.095983 0.258703 2
1.569209 0.836723 0.126547 2
1.569209 0.836723 0.126547 2
1.466670 0.114811 -0.088189 2
1.466670 0.114811 -0.088189 2
0.512155 0.362540 -0.166334 2
0.512155 0.362540 -0.166334 2
-0.343854 -1.232980 0.416129 2
0.978707 -0.264685 0.248765 2
0.978707 -0.264685 0.248765 2
-0.290383 -0.099415 0.142954 2
-0.290383 -0.099415 0.142954 2
0.810398 0.489546 0.228725 2
0.810398 0.489546 0.228725 2
0.059459 1.594845 -0.021699 2
-0.136900 -1.477270 0.445587 2
-0.136900 -1.477270 0.445587 2
-0.035315 0.357611 0.515248 2
-0.035315 0.357611 0.515248 2
1.586499 0.179098 0.213748 2
1.586499 0.179098 0.213748 2
0.191957 -0.092267 -0.078942 2
1.039690 0.029976 0.022948 2
1.039690 0.029976 0.022948 2
0.492483 0.047524 -0.015809 2
0.492483 0.047524 -0.015809 2
1.596579 0.175700 0.231997 2
1.596579 0.175700 0.231997 2
1.128978 0.396267 0.348776 2
1.128978 0.396267 0.348776 2
1.180681 0.891719 0.115155 2
0.920568 0.900113 0.020552 2
0.920568 0.900113 0.020552 2
1.188956 0.340467 -0.106088 2
1.188956 0.340467 -0.106088 2
0.154938 0.448608 -0.023527 2
-0.401112 0.604865 0.699732 2
1.311058 -0.059658 -0.261479 2
0.676914 -0.630963 0.158786 2
0.676914 -0.630963 0.158786 2
-1.008126 -0.123417 0.333449 2
-1.008126 -0.123417 0.333449 2
1.949018 -0.442936 -0.418811 2
-0.025108 0.612719 0.589263 2
-0.025108 0.612719 0.589263 2
0.763744 1.429461 0.712657 2
0.763744 1.429461 0.712657 2
0.237452 0.305045 0.000158 2
0.237452 0.305045 0.000158 2
1.489016 0.299136 -0.196047 2
0.899598 0.366664 -0.406914 2
0.899598 0.366664 -0.406914 2
1.216231 -0.057526 0.050507 2
1.216231 -0.057526 0.050507 2
0.919268 0.782713 0.016316 2
0.919268 0.782713 0.016316 2
1.511793 0.205588 -0.000242 2
0.902767 0.148025 0.107945 2
0.902767 0.148025 0.107945 2
-0.221737 1.412507 -0.098055 2
-0.221737 1.412507 -0.098055 2
1.156309 0.789648 0.124490 2
1.156309 0.789648 0.124490 2
0.938554 0.660367 0.128162 2
1.931060 -0.269969 -0.229605 2
1.931060 -0.269969 -0.229605 2
0.310453 -0.818675 0.037658 2
0.310453 -0.818675 0.037658 2
0.344326 -0.930197 0.258888 2
0.344326 -0.930197 0.258888 2
-0.019727 0.448979 0.495579 2
1.918230 -0.276040 -0.273108 2
1.918230 -0.276040 -0.273108 2
-1.667475 0.754904 1.208277 2
-1.667475 0.754904 1.208277 2
1.281792 0.804884 0.265335 2
1.281792 0.804884 0.265335 2
3.012329 0.553359 0.184258 2
0.955056 -0.205799 -0.088801 2
0.955056 -0.205799 -0.088801 2
-0.545728 0.095503 0.065199 2
-0.545728 0.095503 0.065199 2
-3.044891 -1.637914 1.195080 2
-3.044891 -1.637914 1.195080 2
-10.903341 1.191054 0.226592 2
-16.239248 -0.798835 1.163922 2
-16.239248 -0.798835 1.163922 2
-17.268820 1.882919 -0.020243 2
-17.268820 1.882919 -0.020243 2
-20.527760 0.934409 -0.429460 2
-20.527760 0.934409 -0.429460 2
-26.742395 -0.013503 1.177385 2
-29.673037 0.050470 0.684061 2
-29.673037 0.050470 0.684061 2
-24.227089 2.470826 0.618485 2
-24.227089 2.470826 0.618485 2
-24.113344 0.897086 0.260412 2
-24.113344 0.897086 0.260412 2
-25.172808 0.628296 -0.007385 2
-26.273422 1.869165 0.676221 2
-29.960869 0.940187 0.572366 2
-29.757721 0.354480 0.435308 2
-29.757721 0.354480 0.435308 2
-24.871759 -0.667223 0.710056 2
-24.871759 -0.667223 0.710056 2
-27.120401 1.072433 0.432178 2
-29.238451 0.267195 0.798050 2
-29.238451 0.267195 0.798050 2
-28.411999 0.828929 0.371456 2
-28.411999 0.828929 0.371456 2
-24.945944 -0.269352 1.142315 2
-24.945944 -0.269352 1.142315 2
-24.517361 1.204663 -0.127521 2
-25.215708 0.902069 0.369428 2
-25.215708 0.902069 0.369428 2
-26.460072 2.889459 -1.187330 2
-28.678604 1.045058 0.480525 2
-26.332289 2.643967 0.451564 2
-26.332289 2.643967 0.451564 2
-26.982658 0.605224 0.185542 2
-25.075287 1.415582 -0.375212 2
-25.075287 1.415582 -0.375212 2
-19.894110 -2.168713 2.307880 2
-19.894110 -2.168713 2.307880 2
-29.566717 1.217012 0.790792 2
-29.566717 1.217012 0.790792 2
-28.412025 1.140806 0.886871 2
-26.313631 1.473286 -0.657355 2
-26.313631 1.473286 -0.657355 2
-26.313631 1.473286 -0.657355 2
-26.313631 1.473286 -0.657355 2
-24.932087 0.983036 0.464774 2
-24.932087 0.983036 0.464774 2
-24.932087 0.983036 0.464774 2
-24.932087 0.983036 0.464774 2
-24.932087 0.983036 0.464774 2
-26.085093 1.142922 0.171673 2
-26.085093 1.142922 0.171673 2
-20.967581 0.849387 -1.142347 2
-20.967581 0.849387 -1.142347 2
-25.506565 1.277051 0.047993 2
-25.103773 -0.528623 0.999190 2
-25.103773 -0.528623 0.999190 2
-25.624893 1.503883 -0.346614 2
-25.624893 1.503883 -0.346614 2
-19.841913 -2.243393 2.315960 2
-19.841913 -2.243393 2.315960 2
-29.374868 0.638928 0.553507 2
-21.928371 1.255584 0.836748 2
-21.928371 1.255584 0.836748 2
-25.436954 1.354827 -0.366673 2
-25.436954 1.354827 -0.366673 2
-25.889952 1.055382 0.414850 2
-25.889952 1.055382 0.414850 2
-28.739798 0.731495 0.280781 2
-26.103407 1.218518 0.490569 2
-25.006447 -0.254165 1.247000 2
-26.537071 1.517329 0.051267 2
-26.537071 1.517329 0.051267 2
-24.620998 0.894474 0.169277 2
-24.620998 0.894474 0.169277 2
-24.872391 1.973779 -1.144941 2
-29.812004 0.955653 0.749295 2
-29.812004 0.955653 0.749295 2
-25.469709 -0.325563 0.987476 2
-25.469709 -0.325563 0.987476 2
-25.005497 1.392284 -0.581827 2
-25.005497 1.392284 -0.581827 2
-25.397041 2.139211 -1.061280 2
-25.397041 2.139211 -1.061280 2
-29.611948 1.166479 0.768293 2
-28.427544 0.498360 0.584303 2
-28.427544 0.498360 0.584303 2
-25.357334 1.326820 -0.299205 2
-25.357334 1.326820 -0.299205 2
-25.708315 1.026305 0.730432 2
-22.965445 -0.652394 1.645266 2
-28.420433 0.593379 0.620853 2
-29.765446 1.106399 0.217702 2
-29.765446 1.106399 0.217702 2
-23.849216 1.142870 0.100549 2
-23.849216 1.142870 0.100549 2
-21.119686 0.910241 0.086019 2
-16.367472 1.317818 0.351633 2
-11.004852 4.416666 -1.416677 2
-12.724625 0.357942 -0.557342 2
-12.724625 0.357942 -0.557342 2
-6.587594 -0.671293 0.598882 2
-6.587594 -0.671293 0.598882 2
-5.022226 -0.794156 -0.797216 2
-1.919455 0.105454 0.140117 2
0.121876 1.678446 0.237051 2
-0.853104 -0.660601 -0.901682 2
-0.853104 -0.660601 -0.901682 2
-1.448438 -0.524116 0.154074 2
-1.448438 -0.524116 0.154074 2
0.014342 0.088093 -0.272242 2
0.699259 0.212167 0.380513 2
-0.041075 1.678637 0.186265 2
0.838409 0.493954 0.144418 2
0.838409 0.493954 0.144418 2
0.315549 0.779418 -0.561676 2
0.315549 0.779418 -0.561676 2
0.460866 0.067378 -0.127886 2
0.362484 0.199320 0.200940 2
0.191692 1.976790 -0.055225 2
0.191692 1.976790 -0.055225 2
0.191692 1.976790 -0.055225 2
0.448946 0.893396 -0.144752 2
0.448946 0.893396 -0.144752 2
0.930692 0.670696 0.253930 2
1.607102 0.038440 0.112188 2
0.019765 0.209431 -0.113779 2
-0.102172 0.081656 0.462959 2
-0.102172 0.081656 0.462959 2
0.888995 -0.343134 0.389305 2
0.888995 -0.343134 0.389305 2
-0.001016 0.208525 0.377015 2
1.380711 -0.284170 -0.119492 2
1.294563 -0.293264 0.150537 2
-2.611035 1.496044 0.707638 2
-2.611035 1.496044 0.707638 2
-0.038832 -1.590824 0.129589 2
-0.038832 -1.590824 0.129589 2
0.083552 0.096309 0.275943 2
1.006910 0.073429 -0.040857 2
1.063871 -1.037541 -0.543497 2
0.496910 0.247000 0.213065 2
0.463805 0.722228 0.532986 2
0.463805 0.722228 0.532986 2
0.463805 0.722228 0.532986 2
0.732566 0.545329 0.231145 2
0.399020 -0.389063 0.032666 2
1.002226 0.059103 0.062913 2
1.456033 0.565279 0.186057 2
1.456033 0.565279 0.186057 2
-0.910502 -0.314699 -0.064390 2
-0.910502 -0.314699 -0.064390 2
2.904076 -2.342402 -0.259567 2
1.499957 0.672501 -0.033241 2
-0.028096 0.381211 0.305645 2
1.540492 -0.203149 -0.145701 2
1.540492 -0.203149 -0.145701 2
1.417434 0.684727 0.158841 2
1.417434 0.684727 0.158841 2
0.968761 0.895119 0.429278 2
1.480326 -0.017933 -0.272584 2
0.611177 0.123430 0.206101 2
0.537832 0.056362 -0.044509 2
0.537832 0.056362 -0.044509 2
0.638541 0.179981 0.217276 2
0.638541 0.179981 0.217276 2
1.018458 0.474797 0.426643 2
-0.555125 -0.745239 0.554355 2
1.558082 0.959157 -0.074547 2
0.924193 0.010213 0.070927 2
0.924193 0.010213 0.070927 2
1.859641 0.169461 -0.243501 2
1.859641 0.169461 -0.243501 2
0.941124 0.636435 0.224274 2
1.203192 0.705527 0.088456 2
-0.077687 -1.305945 0.211304 2
1.204286 1.082759 0.130572 2
1.204286 1.082759 0.130572 2
1.455289 -0.299987 -0.206328 2
1.455289 -0.299987 -0.206328 2
-3.742136 0.531760 0.567237 2
1.876347 -1.689984 0.379499 2
-0.216559 1.258890 1.157544 2
0.798824 0.140875 0.380296 2
0.798824 0.140875 0.380296 2
21.884737 -0.167033 -0.787134 2
21.884737 -0.167033 -0.787134 2
30.087868 0.967834 0.361062 2
30.087868 0.967834 0.361062 2
34.660492 3.110527 3.942323 2
32.139347 1.003013 0.442948 2
28.413578 2.518989 0.319620 2
34.001701 3.017497 0.860236 2
34.001701 3.017497 0.860236 2
33.020451 2.051694 0.988711 2
33.020451 2.051694 0.988711 2
33.759514 -0.322501 -0.685427 2
33.501160 2.786701 1.316984 2
33.501160 2.786701 1.316984 2
31.144278 1.705046 1.120304 2
30.249735 1.875212 -0.064209 2
27.343534 1.010741 -0.186679 2
27.343534 1.010741 -0.186679 2
31.403078 1.614621 0.846231 2
31.750280 2.005905 0.948974 2
25.087725 -7.792278 -5.443527 2
35.908413 4.614894 2.236808 2
30.930723 1.482697 0.335753 2
29.021671 1.908567 0.833610 2
29.021671 1.908567 0.833610 2
34.142632 2.767022 1.065725 2
34.142632 2.767022 1.065725 2
33.520889 2.250402 1.418211 2
30.964018 1.124635 0.516744 2
37.125980 8.674045 4.630154 2
31.032818 1.518165 0.402052 2
31.032818 1.518165 0.402052 2
36.157642 -1.938944 -1.717769 2
33.553768 -0.074473 -0.749053 2
33.553768 -0.074473 -0.749053 2
32.929813 2.848972 1.138583 2
32.929813 2.848972 1.138583 2
34.200848 2.265512 1.975867 2
32.028229 1.946375 0.164463 2
36.138435 -2.239848 -1.489828 2
33.005848 2.435200 0.919700 2
32.770737 2.031050 1.226568 2
31.160728 2.607505 0.447432 2
27.515669 -1.539017 -1.010382 2
39.751751 8.439844 3.447373 2
31.060795 1.373261 0.233408 2
32.204880 2.017060 1.414574 2
26.282515 2.292431 0.560542 2
33.721863 2.734786 0.641423 2
33.585217 2.456797 1.518763 2
33.585217 2.456797 1.518763 2
31.165033 1.359112 0.451862 2
31.165033 1.359112 0.451862 2
29.820581 1.149067 0.263511 2
32.776836 1.391015 -0.607193 2
31.892178 1.868461 0.743020 2
30.885462 0.361105 0.455343 2
30.155085 0.608913 -0.318326 2
26.771027 -2.593351 -1.552126 2
26.771027 -2.593351 -1.552126 2
31.210873 1.242672 0.588174 2
30.300762 1.510847 0.654120 2
30.300762 1.510847 0.654120 2
34.907715 3.087061 1.337636 2
30.920492 1.544464 0.722470 2
28.307871 1.002643 -0.668859 2
28.307871 1.002643 -0.668859 2
36.952744 9.183369 2.625361 2
31.591066 2.014591 0.399327 2
28.639471 0.043241 -0.180297 2
28.508921 1.893446 0.342203 2
21.808262 2.144926 1.298569 2
19.998528 0.849532 -0.991532 2
19.998528 0.849532 -0.991532 2
15.216243 -1.328078 -0.229127 2
11.570953 -0.920331 -0.342662 2
9.035849 0.073521 1.023361 2
6.245652 0.122580 0.249606 2
7.883211 1.818367 0.744655 2
3.426983 -0.422588 -0.875018 2
3.426983 -0.422588 -0.875018 2
0.855451 0.412249 0.895965 2
0.317245 1.205867 1.017541 2
0.726269 0.018347 0.088292 2
1.338958 -0.319827 -0.282701 2
2.310137 0.660929 -0.097945 2
1.251424 0.117416 -0.377264 2
1.251424 0.117416 -0.377264 2
0.940587 -0.212500 -0.061914 2
0.940587 -0.212500 -0.061914 2
0.596556 0.616766 0.128626 2
0.708390 0.081290 0.401832 2
2.181710 -0.406097 -0.454369 2
1.252076 0.433158 0.090473 2
0.174136 0.415928 0.116768 2
-0.123279 0.919249 0.421164 2
0.204499 -0.506853 0.720399 2
0.867429 -0.271811 0.164484 2
0.683236 0.057408 0.284767 2
-0.339720 0.225686 0.523144 2
1.363295 -0.262425 -0.303663 2
0.524383 0.361486 0.010286 2
0.206704 0.631241 0.728612 2
0.317740 1.527692 -0.443684 2
0.963322 1.534520 0.237374 2
1.092446 0.861779 -0.147114 2
0.564098 0.390815 0.438757 2
1.450356 0.567331 -0.233887 2
2.044632 0.618897 -0.103166 2
1.021692 0.282846 -0.458287 2
1.108470 0.534921 -0.023027 2
0.344314 0.480232 -0.067837 2
0.877790 0.197569 0.398915 2
0.753356 0.617410 0.164616 2
-0.352376 0.274791 0.751888 2
1.152661 0.211389 0.044717 2
1.563087 0.320124 -0.051335 2
0.037912 0.399390 0.048996 2
1.109355 0.050455 0.049473 2
0.907993 -0.438121 0.393828 2
0.751829 -0.292441 0.184126 2
0.743503 0.099662 0.325712 2
-0.835793 -0.341525 0.336689 2
1.877107 -0.241803 -0.237682 2
0.743572 0.326354 0.025218 2
-0.180353 0.746379 0.793665 2
0.458329 0.376857 0.119495 2
0.685320 1.332916 0.246031 2
0.745441 1.130266 0.232605 2
0.096175 0.259895 0.598121 2
1.096372 0.904128 0.140210 2
1.032802 0.181577 0.025623 2
0.719724 0.411107 -0.300070 2
0.324257 1.900016 -0.440926 2
0.559001 1.582451 -0.035886 2
0.921032 0.355953 0.246581 2
1.107103 0.992970 0.266235 2
-0.233009 -0.256977 0.190906 2
1.324843 0.412627 -0.035922 2
1.204561 0.496580 0.021617 2
-0.246920 0.568792 0.105437 2
-0.504636 0.216917 -0.373140 2
0.692490 -0.818398 0.434683 2
0.352483 -0.623797 0.267757 2
0.506517 0.241083 0.420972 2
-0.598134 0.482139 0.607384 2
1.153638 -0.244084 -0.148243 2
1.153638 -0.244084 -0.148243 2
0.444992 0.581903 1.045290 2
1.068858 1.114333 -0.126934 2
1.264721 0.904724 0.262572 2
1.369593 1.068953 -0.016460 2
-0.298192 0.142570 -0.338961 2
1.252239 0.628941 -0.046761 2
1.225503 0.323367 0.150608 2
0.522290 0.464947 -0.357960 2
0.040820 -0.600164 -0.261230 2
0.231852 0.731315 0.130567 2
0.500692 0.117883 0.228780 2
0.648828 0.604170 0.254347 2
