2.447523 6.560101 -0.609228 2
2.447523 6.560101 -0.609228 2
0.542787 3.122859 -1.432994 2
0.672443 3.513393 -1.174493 2
-0.489211 4.443835 -0.191710 2
0.407025 3.563490 -1.365841 2
1.847024 5.261813 -1.382155 2
2.565387 6.740172 -1.103665 2
0.538175 3.563878 -1.572425 2
2.484488 6.294612 -1.167346 2
2.484488 6.294612 -1.167346 2
1.973211 5.731029 -0.934528 2
1.973211 5.731029 -0.934528 2
0.495947 6.389555 -2.482995 2
0.495947 6.389555 -2.482995 2
2.493415 6.471360 -1.093383 2
0.673065 4.296304 -1.929049 2
0.144008 5.140699 0.316804 2
0.144008 5.140699 0.316804 2
0.144008 5.140699 0.316804 2
0.517410 6.570753 -0.025773 2
1.572623 5.709631 -0.228365 2
1.572623 5.709631 -0.228365 2
0.453596 4.237692 -0.767354 2
0.664132 5.618176 -1.434580 2
-0.712415 5.753482 0.527437 2
0.051543 3.638829 -0.790775 2
0.362221 4.531017 -0.599009 2
0.362221 4.531017 -0.599009 2
0.563784 4.115580 -0.655209 2
-0.359447 4.044195 -0.617993 2
-0.359447 4.044195 -0.617993 2
-0.086462 3.907116 -1.070721 2
-0.307909 2.735405 -0.278925 2
0.460390 4.600035 -1.014882 2
-0.389099 6.872527 0.173440 2
1.358817 6.010190 -0.752009 2
-0.230533 3.373485 -0.494031 2
-0.076305 3.168389 -0.318085 2
0.350496 4.217420 -0.927129 2
0.350496 4.217420 -0.927129 2
0.271693 5.330466 -1.260553 2
-0.371678 3.414846 -0.689005 2
0.032752 3.186488 -0.551348 2
0.614432 4.239658 -1.159268 2
0.579535 5.338659 -0.614078 2
0.579535 5.338659 -0.614078 2
-0.246528 3.570249 -1.081317 2
-0.246528 3.570249 -1.081317 2
0.220129 3.507624 -1.144716 2
0.220129 3.507624 -1.144716 2
3.393340 7.686990 -1.114426 2
-0.963832 2.031534 -1.070193 2
-0.963832 2.031534 -1.070193 2
0.651210 4.181169 -1.029686 2
0.651210 4.181169 -1.029686 2
1.259619 4.772234 -1.219612 2
0.234251 4.415064 -0.335252 2
-0.021156 4.462783 -0.851836 2
-0.021156 4.462783 -0.851836 2
2.100666 6.885631 -0.686434 2
1.594644 5.784485 -0.230812 2
-0.777826 2.691391 -0.345982 2
0.415998 4.467280 -0.373793 2
0.643952 4.211168 -0.824959 2
0.643952 4.211168 -0.824959 2
-0.081348 3.448731 -1.429623 2
-0.407371 4.189131 0.064883 2
0.456464 4.766275 -0.351096 2
0.702511 4.963257 -0.556634 2
1.146795 5.069223 -1.624541 2
1.826794 6.885484 -1.854762 2
1.826794 6.885484 -1.854762 2
-0.201240 3.934642 -0.210150 2
1.446168 7.111845 -0.747298 2
2.417354 6.947896 -0.408486 2
2.719806 7.212544 -1.587555 2
0.282237 4.274801 -0.468031 2
1.558622 6.988533 -0.170489 2
0.987797 6.064037 -0.690225 2
-0.258417 3.335180 -0.787776 2
0.078619 3.055420 -0.639843 2
0.727513 4.352022 -0.756562 2
0.108164 4.626850 -0.615351 2
1.329971 5.579044 -0.733801 2
-0.418140 3.542852 -1.119316 2
0.078081 2.396647 -0.705907 2
0.471066 4.140037 -0.250439 2
0.471066 4.140037 -0.250439 2
0.851291 2.787040 -0.498966 2
-0.555126 2.918605 -0.966681 2
-0.075075 2.727815 -0.684217 2
-0.244841 3.910077 -0.019061 2
-0.244841 3.910077 -0.019061 2
1.227088 5.754850 -0.878327 2
0.603778 4.479454 -0.613029 2
2.598141 5.416840 -0.832659 2
2.834501 4.527352 -0.524993 2
5.180877 6.760910 -0.949800 2
6.611866 2.377967 -0.996067 2
8.239902 0.515549 -1.097720 2
6.932468 3.295114 0.261190 2
6.932468 3.295114 0.261190 2
6.932468 3.295114 0.261190 2
7.818330 3.169140 -0.860257 2
7.199044 3.358011 0.891750 2
8.126006 5.739580 0.522343 2
8.126006 5.739580 0.522343 2
7.026161 3.905425 -0.826842 2
7.438913 3.846076 -0.489567 2
7.746987 3.472487 1.195791 2
7.753661 4.726479 0.474302 2
7.753661 4.726479 0.474302 2
7.753661 4.726479 0.474302 2
7.874874 4.531248 -0.196823 2
7.886809 4.491314 0.298472 2
6.859922 3.841750 -0.270755 2
9.219295 4.398023 0.248808 2
9.219295 4.398023 0.248808 2
7.921592 3.968760 0.115956 2
8.152025 4.663919 -0.087135 2
8.621105 6.370253 0.673666 2
8.423706 4.869720 -0.494721 2
6.908001 3.751073 -0.504239 2
8.234696 3.195485 0.102256 2
8.379803 5.153748 -0.222566 2
8.379803 5.153748 -0.222566 2
7.016940 4.128533 0.034337 2
7.299673 4.388200 -0.863926 2
7.075530 2.926242 -0.705311 2
8.323598 6.047761 0.312529 2
8.159959 6.344790 -0.449297 2
8.159959 6.344790 -0.449297 2
7.764792 4.085106 -0.114815 2
7.027314 3.904634 0.967844 2
8.499837 5.562439 0.013432 2
8.243184 5.274767 -0.400369 2
6.729258 3.859356 0.704992 2
7.020017 2.881482 -0.430686 2
7.693017 4.395273 0.038739 2
9.206732 5.772944 0.468765 2
8.180308 5.116188 -0.448311 2
8.322950 4.422525 -0.654186 2
7.095754 3.593880 -0.054768 2
8.245081 5.346261 0.131115 2
8.133713 4.974656 -0.211170 2
8.791305 4.595064 0.111026 2
7.616693 3.712307 -0.822588 2
7.532440 3.636831 1.340229 2
7.943846 5.162612 0.500700 2
7.943846 5.162612 0.500700 2
7.624200 5.613341 0.402296 2
7.859686 4.701212 -0.738524 2
7.859686 4.701212 -0.738524 2
8.005235 5.949594 0.409334 2
7.901943 4.486864 -0.442872 2
7.901943 4.486864 -0.442872 2
7.857632 4.464952 -0.523707 2
8.447087 5.773266 -0.025902 2
8.437579 6.046556 0.292666 2
8.312360 4.721826 -0.312310 2
7.903987 4.427036 -0.781688 2
7.306870 3.529027 -0.091979 2
7.300592 3.994772 0.116597 2
7.300592 3.994772 0.116597 2
8.150814 4.908522 -0.386861 2
7.560740 3.671243 -0.658141 2
8.036065 4.258929 0.780186 2
7.659844 4.589646 -0.341579 2
8.685664 8.405537 1.551497 2
8.685664 8.405537 1.551497 2
7.244156 3.625912 -0.362020 2
7.244156 3.625912 -0.362020 2
8.188646 6.172102 0.818300 2
7.974247 5.790847 -0.409188 2
8.326604 4.364881 -0.369834 2
8.326604 4.364881 -0.369834 2
8.408781 5.633852 0.223932 2
8.408781 5.633852 0.223932 2
7.021539 2.812645 -1.077424 2
8.327373 4.326724 -0.440090 2
7.172214 4.116700 0.056905 2
7.584954 3.259632 -0.007373 2
7.584954 3.259632 -0.007373 2
8.255728 5.267254 -0.586516 2
7.996922 4.385173 -1.115845 2
7.507456 5.343012 1.161194 2
7.911302 5.996564 0.891708 2
7.911302 5.996564 0.891708 2
7.911302 5.996564 0.891708 2
7.720899 4.380817 -0.553217 2
7.720899 4.380817 -0.553217 2
7.897451 4.855909 -0.094681 2
8.926189 4.898090 0.241738 2
5.030193 2.259434 0.829448 2
6.212353 6.631797 -0.678583 2
6.212353 6.631797 -0.678583 2
6.212353 6.631797 -0.678583 2
1.890427 2.609726 -1.093181 2
0.668225 5.190071 -0.702687 2
1.610226 6.754334 -2.225427 2
1.313832 4.745245 -1.557109 2
1.313832 4.745245 -1.557109 2
1.313832 4.745245 -1.557109 2
0.214355 4.957356 -0.871051 2
0.842106 4.303454 -1.486440 2
0.741933 4.407311 -1.407498 2
0.741933 4.407311 -1.407498 2
1.000020 5.025872 -0.605499 2
0.144922 4.149575 -1.312067 2
0.144922 4.149575 -1.312067 2
1.278738 5.905090 -1.111466 2
1.278738 5.905090 -1.111466 2
2.068635 5.537847 -0.913579 2
1.326714 5.931014 -1.683566 2
0.244388 4.142712 -0.983089 2
0.244388 4.142712 -0.983089 2
0.244388 4.142712 -0.983089 2
0.303283 4.200865 -1.035943 2
0.528208 5.634022 -1.517525 2
0.351791 5.164152 -0.833694 2
2.787597 8.162986 -0.605856 2
2.787597 8.162986 -0.605856 2
0.853302 5.365445 -1.296314 2
-1.090214 4.603383 -1.106995 2
0.580180 4.475513 -0.710236 2
0.580180 4.475513 -0.710236 2
0.031132 6.483857 0.036488 2
0.012290 3.800929 -1.281007 2
-0.290402 3.032988 -0.608469 2
-0.161272 4.588998 -0.728791 2
-0.161272 4.588998 -0.728791 2
-0.161272 4.588998 -0.728791 2
1.062667 5.772467 -1.855012 2
-0.965139 3.910849 -1.323742 2
0.723489 5.205553 -0.592422 2
0.715940 5.409172 -1.319584 2
0.886874 5.639699 -1.100132 2
0.886874 5.639699 -1.100132 2
-0.116767 4.015194 -0.961344 2
2.650228 9.218672 -0.400519 2
2.650228 9.218672 -0.400519 2
0.266301 4.832525 -1.054605 2
0.266301 4.832525 -1.054605 2
1.288585 5.005874 -1.043906 2
0.200992 4.949308 -0.559668 2
0.200992 4.949308 -0.559668 2
0.133109 4.552796 -1.072967 2
0.133109 4.552796 -1.072967 2
0.133109 4.552796 -1.072967 2
0.133109 4.552796 -1.072967 2
0.133109 4.552796 -1.072967 2
-1.029546 1.140982 0.103682 2
-1.029546 1.140982 0.103682 2
1.274991 5.615174 -1.077635 2
1.274991 5.615174 -1.077635 2
1.274991 5.615174 -1.077635 2
1.274991 5.615174 -1.077635 2
-0.006271 4.394755 -0.704017 2
1.654571 6.490786 -0.720565 2
1.654571 6.490786 -0.720565 2
0.799738 5.170248 -0.822579 2
0.172708 4.177860 -0.744707 2
0.402729 4.888743 -0.858933 2
0.171321 4.068139 -0.703353 2
0.171321 4.068139 -0.703353 2
1.099923 5.279359 -1.045986 2
0.043230 3.880426 -0.865325 2
0.145738 4.902142 -0.736595 2
0.145738 4.902142 -0.736595 2
0.145738 4.902142 -0.736595 2
1.076883 5.461690 -1.465411 2
1.076883 5.461690 -1.465411 2
-0.106105 4.227828 -0.689300 2
-0.106105 4.227828 -0.689300 2
-0.106105 4.227828 -0.689300 2
-0.962341 6.010105 -0.554795 2
0.073746 4.405572 -1.009562 2
0.073746 4.405572 -1.009562 2
0.073746 4.405572 -1.009562 2
0.045472 4.691396 -1.213467 2
0.012047 3.615955 -1.200362 2
0.569855 4.830758 -1.043123 2
-0.350610 4.167942 -0.598395 2
-0.350610 4.167942 -0.598395 2
0.014681 4.399714 -0.720137 2
0.014681 4.399714 -0.720137 2
0.170730 4.063394 -1.281722 2
0.170730 4.063394 -1.281722 2
0.170730 4.063394 -1.281722 2
-0.155861 2.755131 -1.023310 2
-0.266210 3.177842 -0.872710 2
0.770718 5.193953 -1.232533 2
0.770718 5.193953 -1.232533 2
3.885787 5.806747 -0.568465 2
4.270051 4.559144 -1.395362 2
4.270051 4.559144 -1.395362 2
4.270051 4.559144 -1.395362 2
4.270051 4.559144 -1.395362 2
4.270051 4.559144 -1.395362 2
7.565966 2.560163 -0.483738 2
7.565966 2.560163 -0.483738 2
7.565966 2.560163 -0.483738 2
7.565966 2.560163 -0.483738 2
7.565966 2.560163 -0.483738 2
7.666800 3.613671 -0.383809 2
8.185451 3.399281 0.350710 2
8.185451 3.399281 0.350710 2
8.152061 5.614542 -1.151064 2
8.121242 4.789844 -0.847300 2
7.568202 3.830905 1.308777 2
7.568202 3.830905 1.308777 2
7.568202 3.830905 1.308777 2
7.568202 3.830905 1.308777 2
7.568202 3.830905 1.308777 2
7.568202 3.830905 1.308777 2
7.568202 3.830905 1.308777 2
8.365494 5.477595 -0.316784 2
8.273961 4.357967 -1.389785 2
8.421483 4.785898 -0.600425 2
8.421483 4.785898 -0.600425 2
8.421483 4.785898 -0.600425 2
8.421483 4.785898 -0.600425 2
8.421483 4.785898 -0.600425 2
7.488883 3.439453 -0.039567 2
7.488883 3.439453 -0.039567 2
7.488883 3.439453 -0.039567 2
7.488883 3.439453 -0.039567 2
7.488883 3.439453 -0.039567 2
7.849319 4.115842 0.854674 2
8.345716 3.501940 0.365360 2
8.345716 3.501940 0.365360 2
6.718982 3.816254 -0.389596 2
6.718982 3.816254 -0.389596 2
8.187514 3.845210 0.999181 2
8.313409 3.375825 0.720766 2
8.313409 3.375825 0.720766 2
8.198457 4.387723 -0.035435 2
7.288819 4.389936 -0.088715 2
7.285684 4.570145 1.018195 2
8.261507 3.546542 0.794270 2
8.261507 3.546542 0.794270 2
7.740051 4.251298 0.475144 2
7.159995 4.172258 0.632190 2
8.266519 3.512376 1.164519 2
8.476860 5.670502 0.054850 2
8.476860 5.670502 0.054850 2
8.210901 4.431325 -0.300304 2
7.002352 4.102675 -0.327390 2
7.510059 2.321590 0.502656 2
7.510059 2.321590 0.502656 2
7.780888 4.494967 -0.336154 2
7.780888 4.494967 -0.336154 2
8.222433 3.854367 0.512699 2
8.258295 3.853926 0.662064 2
8.258295 3.853926 0.662064 2
7.568736 5.131678 0.945010 2
7.568736 5.131678 0.945010 2
6.546222 3.472850 -0.464016 2
7.514719 3.848630 1.105999 2
7.514719 3.848630 1.105999 2
8.774199 4.760787 -0.327616 2
8.774199 4.760787 -0.327616 2
8.628958 4.399567 0.622272 2
8.566512 5.534612 0.195668 2
8.566512 5.534612 0.195668 2
8.084121 4.409400 -0.086125 2
7.134632 3.806470 -0.628802 2
7.077016 3.274354 -0.651760 2
7.955492 5.389543 0.316602 2
7.638622 4.291802 -0.034178 2
7.638622 4.291802 -0.034178 2
8.043256 3.754772 0.938337 2
8.438055 4.692373 0.207915 2
8.438055 4.692373 0.207915 2
7.255677 4.167872 -0.208442 2
7.255677 4.167872 -0.208442 2
8.108113 3.561403 1.291694 2
8.064345 3.516026 0.537244 2
8.064345 3.516026 0.537244 2
8.646621 4.311032 -0.146551 2
6.786962 4.216073 -0.108164 2
7.951961 4.521592 0.111732 2
8.370201 4.434344 0.340587 2
8.370201 4.434344 0.340587 2
6.248415 3.343547 0.629008 2
7.339387 3.745869 0.670932 2
7.597133 3.957974 0.407893 2
8.851366 5.651599 -0.030904 2
9.493566 6.411857 -0.012460 2
9.493566 6.411857 -0.012460 2
7.672398 3.713915 1.051892 2
5.976228 3.932449 0.593459 2
5.976228 3.932449 0.593459 2
9.657724 8.694448 0.654797 2
7.613625 7.299356 -0.770200 2
7.613625 7.299356 -0.770200 2
3.368411 5.454303 -0.340246 2
3.368411 5.454303 -0.340246 2
3.368411 5.454303 -0.340246 2
0.811168 3.381983 -0.585050 2
-0.231892 5.304355 -1.335131 2
-0.019534 2.741238 -1.075066 2
-0.019534 2.741238 -1.075066 2
3.058873 8.039117 0.151395 2
1.009084 5.554775 -2.019049 2
0.013748 4.201245 -1.359193 2
0.045934 4.503173 -0.440984 2
0.045934 4.503173 -0.440984 2
-0.196015 2.932257 -0.590491 2
-0.413819 2.923293 -0.985669 2
0.322946 4.174909 -1.103053 2
-0.426777 4.304581 -0.335175 2
-0.426777 4.304581 -0.335175 2
-0.426777 4.304581 -0.335175 2
0.266031 3.936624 -1.356566 2
1.005193 3.860173 0.334056 2
1.005193 3.860173 0.334056 2
1.005193 3.860173 0.334056 2
-0.095743 3.031506 -0.786187 2
0.692832 2.425602 -0.191186 2
-0.193297 3.053026 -0.316852 2
-0.193297 3.053026 -0.316852 2
-0.193297 3.053026 -0.316852 2
0.192343 4.185832 -0.238867 2
0.227495 5.041451 -0.639036 2
1.236154 4.676916 -0.208588 2
1.236154 4.676916 -0.208588 2
0.056479 3.341982 -0.595271 2
-0.822542 2.840653 0.090507 2
0.511572 3.926708 -0.410361 2
0.525230 4.469786 -0.799058 2
0.525230 4.469786 -0.799058 2
-0.135398 3.296047 -1.120459 2
-0.784687 2.663132 -0.316946 2
0.297366 4.355048 -0.577787 2
0.297366 4.355048 -0.577787 2
0.297366 4.355048 -0.577787 2
-0.328767 2.132055 -0.954609 2
-1.175288 4.099988 -1.122780 2
-0.253700 3.991822 -0.397667 2
-0.253700 3.991822 -0.397667 2
0.448052 3.663434 -0.612493 2
0.448052 3.663434 -0.612493 2
-0.263309 3.410889 -0.508241 2
-0.408244 3.285971 0.885421 2
-0.685891 3.061071 -0.608511 2
-0.685891 3.061071 -0.608511 2
-0.330556 3.216248 -0.183263 2
0.515006 4.703350 -0.959131 2
-0.561756 3.988015 -0.318828 2
-0.299316 3.160901 -0.474506 2
-0.299316 3.160901 -0.474506 2
0.131692 3.515388 -0.620389 2
0.131692 3.515388 -0.620389 2
0.131692 3.515388 -0.620389 2
0.131692 3.515388 -0.620389 2
-0.791582 2.498605 -0.882162 2
-0.570556 3.735414 0.001448 2
-0.144713 3.892540 -0.791617 2
4.589498 5.886858 -1.567342 2
4.589498 5.886858 -1.567342 2
-1.312378 5.110704 -1.259473 2
-1.312378 5.110704 -1.259473 2
0.132344 2.697151 0.842509 2
0.132344 2.697151 0.842509 2
-0.299872 3.010152 -1.017252 2
0.272963 4.793888 -0.735435 2
0.272963 4.793888 -0.735435 2
0.272963 4.793888 -0.735435 2
0.272963 4.793888 -0.735435 2
-0.176448 3.169804 -0.571347 2
-0.939230 2.859418 -0.398808 2
-0.939230 2.859418 -0.398808 2
-0.939230 2.859418 -0.398808 2
-0.939230 2.859418 -0.398808 2
-0.939230 2.859418 -0.398808 2
-0.939230 2.859418 -0.398808 2
-0.485076 3.495494 -0.632277 2
-0.485076 3.495494 -0.632277 2
0.808428 4.236586 -0.712913 2
-0.713017 2.914055 -0.986043 2
-0.713017 2.914055 -0.986043 2
-0.145586 3.125034 0.347099 2
-0.145586 3.125034 0.347099 2
-0.145586 3.125034 0.347099 2
-0.863666 2.458712 -0.464630 2
-0.272866 3.618361 -0.493845 2
-0.272866 3.618361 -0.493845 2
-0.272866 3.618361 -0.493845 2
-0.521796 3.201420 -1.166736 2
-0.521796 3.201420 -1.166736 2
0.526143 4.375328 -0.548459 2
-0.077607 4.665502 -0.585667 2
-0.077607 4.665502 -0.585667 2
1.753518 3.817308 -0.205248 2
1.753518 3.817308 -0.205248 2
1.753518 3.817308 -0.205248 2
1.753518 3.817308 -0.205248 2
1.753518 3.817308 -0.205248 2
11.401012 2.576474 -1.061072 2
11.401012 2.576474 -1.061072 2
11.401012 2.576474 -1.061072 2
11.401012 2.576474 -1.061072 2
15.984021 6.543801 -0.202135 2
16.742834 3.566718 -0.924582 2
16.742834 3.566718 -0.924582 2
16.742834 3.566718 -0.924582 2
16.742834 3.566718 -0.924582 2
14.950504 4.241553 -0.961191 2
14.950504 4.241553 -0.961191 2
14.950504 4.241553 -0.961191 2
14.950504 4.241553 -0.961191 2
14.950504 4.241553 -0.961191 2
14.950504 4.241553 -0.961191 2
14.950504 4.241553 -0.961191 2
14.950504 4.241553 -0.961191 2
14.950504 4.241553 -0.961191 2
14.950504 4.241553 -0.961191 2
14.950504 4.241553 -0.961191 2
14.950504 4.241553 -0.961191 2
14.950504 4.241553 -0.961191 2
14.950504 4.241553 -0.961191 2
14.950504 4.241553 -0.961191 2
14.950504 4.241553 -0.961191 2
14.950504 4.241553 -0.961191 2
14.950504 4.241553 -0.961191 2
14.950504 4.241553 -0.961191 2
14.950504 4.241553 -0.961191 2
14.950504 4.241553 -0.961191 2
14.950504 4.241553 -0.961191 2
14.950504 4.241553 -0.961191 2
14.950504 4.241553 -0.961191 2
14.950504 4.241553 -0.961191 2
14.950504 4.241553 -0.961191 2
14.950504 4.241553 -0.961191 2
14.950504 4.241553 -0.961191 2
14.950504 4.241553 -0.961191 2
14.950504 4.241553 -0.961191 2
14.950504 4.241553 -0.961191 2
14.950504 4.241553 -0.961191 2
14.950504 4.241553 -0.961191 2
14.950504 4.241553 -0.961191 2
14.950504 4.241553 -0.961191 2
14.950504 4.241553 -0.961191 2
14.950504 4.241553 -0.961191 2
14.950504 4.241553 -0.961191 2
14.950504 4.241553 -0.961191 2
14.950504 4.241553 -0.961191 2
14.950504 4.241553 -0.961191 2
14.950504 4.241553 -0.961191 2
14.950504 4.241553 -0.961191 2
14.950504 4.241553 -0.961191 2
14.950504 4.241553 -0.961191 2
14.950504 4.241553 -0.961191 2
14.950504 4.241553 -0.961191 2
14.950504 4.241553 -0.961191 2
14.950504 4.241553 -0.961191 2
14.950504 4.241553 -0.961191 2
14.950504 4.241553 -0.961191 2
14.950504 4.241553 -0.961191 2
14.950504 4.241553 -0.961191 2
16.885288 6.508371 -0.487113 2
16.885288 6.508371 -0.487113 2
16.885288 6.508371 -0.487113 2
16.885288 6.508371 -0.487113 2
16.885288 6.508371 -0.487113 2
16.655943 7.108202 -0.291246 2
16.655943 7.108202 -0.291246 2
16.655943 7.108202 -0.291246 2
16.655943 7.108202 -0.291246 2
16.655943 7.108202 -0.291246 2
16.600218 4.615921 -1.642312 2
16.600218 4.615921 -1.642312 2
16.600218 4.615921 -1.642312 2
16.600218 4.615921 -1.642312 2
16.600218 4.615921 -1.642312 2
16.600218 4.615921 -1.642312 2
16.600218 4.615921 -1.642312 2
16.600218 4.615921 -1.642312 2
16.600218 4.615921 -1.642312 2
16.600218 4.615921 -1.642312 2
16.600218 4.615921 -1.642312 2
16.600218 4.615921 -1.642312 2
16.600218 4.615921 -1.642312 2
16.600218 4.615921 -1.642312 2
16.600218 4.615921 -1.642312 2
16.600218 4.615921 -1.642312 2
16.600218 4.615921 -1.642312 2
16.600218 4.615921 -1.642312 2
16.600218 4.615921 -1.642312 2
16.600218 4.615921 -1.642312 2
16.600218 4.615921 -1.642312 2
16.600218 4.615921 -1.642312 2
16.600218 4.615921 -1.642312 2
16.600218 4.615921 -1.642312 2
16.600218 4.615921 -1.642312 2
16.600218 4.615921 -1.642312 2
16.600218 4.615921 -1.642312 2
16.600218 4.615921 -1.642312 2
16.600218 4.615921 -1.642312 2
16.600218 4.615921 -1.642312 2
0.583407 3.635471 -1.452406 2
0.583407 3.635471 -1.452406 2
0.583407 3.635471 -1.452406 2
-0.333541 2.763955 -1.327473 2
-0.333541 2.763955 -1.327473 2
-0.460163 3.474829 -1.530690 2
-0.460163 3.474829 -1.530690 2
1.388487 4.231498 0.240355 2
0.442358 3.580419 -1.549440 2
-1.123609 3.829461 -0.780796 2
-1.123609 3.829461 -0.780796 2
-1.123609 3.829461 -0.780796 2
0.534478 4.955146 -2.479102 2
0.534478 4.955146 -2.479102 2
-0.197073 3.893639 -0.555784 2
-0.197073 3.893639 -0.555784 2
-0.197073 3.893639 -0.555784 2
-0.510225 3.097339 -1.277875 2
-0.510225 3.097339 -1.277875 2
-0.510225 3.097339 -1.277875 2
-0.510225 3.097339 -1.277875 2
-0.510225 3.097339 -1.277875 2
-0.460132 3.208860 -1.197852 2
-0.583977 3.820517 -0.705686 2
0.279411 4.406651 -0.791163 2
0.279411 4.406651 -0.791163 2
-0.320761 3.193420 -0.822214 2
-0.320761 3.193420 -0.822214 2
-0.320761 3.193420 -0.822214 2
0.665252 4.234751 -2.114849 2
0.665252 4.234751 -2.114849 2
-0.820318 2.865617 -0.037660 2
-0.820318 2.865617 -0.037660 2
-0.820318 2.865617 -0.037660 2
-0.820318 2.865617 -0.037660 2
-0.820318 2.865617 -0.037660 2
-0.727580 2.967239 -2.010684 2
-0.912859 2.848670 -0.513829 2
0.485927 4.364087 -0.676445 2
0.485927 4.364087 -0.676445 2
-0.261550 3.248353 -1.286925 2
-0.261550 3.248353 -1.286925 2
-0.457216 3.172763 -0.627176 2
-0.457216 3.172763 -0.627176 2
-0.457216 3.172763 -0.627176 2
-0.457216 3.172763 -0.627176 2
-0.198948 2.993537 -0.872288 2
-0.198948 2.993537 -0.872288 2
-0.198948 2.993537 -0.872288 2
-0.198948 2.993537 -0.872288 2
-0.198948 2.993537 -0.872288 2
0.410528 4.060597 -1.196381 2
4.651687 10.027386 -0.035096 2
4.651687 10.027386 -0.035096 2
-0.592001 3.387714 -1.069821 2
-0.592001 3.387714 -1.069821 2
-0.435592 2.547935 -1.038560 2
0.102422 3.673467 -0.992787 2
-0.354625 4.278913 -0.512023 2
-0.369391 2.974872 -1.558784 2
-0.369391 2.974872 -1.558784 2
-0.007770 3.588236 -1.051104 2
-0.007770 3.588236 -1.051104 2
-0.007770 3.588236 -1.051104 2
-0.007770 3.588236 -1.051104 2
-0.960279 2.244339 -0.958174 2
0.088765 3.661417 -1.108376 2
0.088765 3.661417 -1.108376 2
1.629551 4.951838 -0.583900 2
1.629551 4.951838 -0.583900 2
-0.265271 3.960527 -1.121722 2
-0.265271 3.960527 -1.121722 2
0.943694 3.294190 -0.245024 2
-0.133065 3.685995 -0.930627 2
-0.133065 3.685995 -0.930627 2
0.514416 4.668091 -0.638647 2
0.514416 4.668091 -0.638647 2
1.741017 6.219038 -0.918100 2
1.741017 6.219038 -0.918100 2
-0.211118 3.175263 -1.212576 2
0.101757 4.117453 -0.696517 2
0.101757 4.117453 -0.696517 2
0.101757 4.117453 -0.696517 2
0.101757 4.117453 -0.696517 2
-0.739291 3.557850 -1.360749 2
-0.112772 2.460464 -0.894773 2
-0.112772 2.460464 -0.894773 2
-0.335431 3.766053 -0.752858 2
-0.335431 3.766053 -0.752858 2
-0.201843 2.704835 -1.224141 2
-0.201843 2.704835 -1.224141 2
0.601695 4.117720 -0.542664 2
0.601695 4.117720 -0.542664 2
0.601695 4.117720 -0.542664 2
7.104535 2.441305 -0.487280 2
7.104535 2.441305 -0.487280 2
12.080085 6.956017 -0.181476 2
12.080085 6.956017 -0.181476 2
12.080085 6.956017 -0.181476 2
15.151069 0.683327 -0.980724 2
15.151069 0.683327 -0.980724 2
15.151069 0.683327 -0.980724 2
15.151069 0.683327 -0.980724 2
15.324629 3.280423 -1.410015 2
15.324629 3.280423 -1.410015 2
15.324629 3.280423 -1.410015 2
15.324629 3.280423 -1.410015 2
15.324629 3.280423 -1.410015 2
15.324629 3.280423 -1.410015 2
15.324629 3.280423 -1.410015 2
15.324629 3.280423 -1.410015 2
15.324629 3.280423 -1.410015 2
15.324629 3.280423 -1.410015 2
15.324629 3.280423 -1.410015 2
15.324629 3.280423 -1.410015 2
15.324629 3.280423 -1.410015 2
15.324629 3.280423 -1.410015 2
15.324629 3.280423 -1.410015 2
15.324629 3.280423 -1.410015 2
15.324629 3.280423 -1.410015 2
15.324629 3.280423 -1.410015 2
15.324629 3.280423 -1.410015 2
15.324629 3.280423 -1.410015 2
15.324629 3.280423 -1.410015 2
15.324629 3.280423 -1.410015 2
15.324629 3.280423 -1.410015 2
15.324629 3.280423 -1.410015 2
15.324629 3.280423 -1.410015 2
15.324629 3.280423 -1.410015 2
15.324629 3.280423 -1.410015 2
15.324629 3.280423 -1.410015 2
15.324629 3.280423 -1.410015 2
15.324629 3.280423 -1.410015 2
15.324629 3.280423 -1.410015 2
15.324629 3.280423 -1.410015 2
15.324629 3.280423 -1.410015 2
15.324629 3.280423 -1.410015 2
15.324629 3.280423 -1.410015 2
15.324629 3.280423 -1.410015 2
15.324629 3.280423 -1.410015 2
15.324629 3.280423 -1.410015 2
15.324629 3.280423 -1.410015 2
15.324629 3.280423 -1.410015 2
15.324629 3.280423 -1.410015 2
15.324629 3.280423 -1.410015 2
15.324629 3.280423 -1.410015 2
15.324629 3.280423 -1.410015 2
15.324629 3.280423 -1.410015 2
15.324629 3.280423 -1.410015 2
15.324629 3.280423 -1.410015 2
15.324629 3.280423 -1.410015 2
15.324629 3.280423 -1.410015 2
15.324629 3.280423 -1.410015 2
15.324629 3.280423 -1.410015 2
15.324629 3.280423 -1.410015 2
15.324629 3.280423 -1.410015 2
15.324629 3.280423 -1.410015 2
15.324629 3.280423 -1.410015 2
15.324629 3.280423 -1.410015 2
16.034733 3.573532 -0.905178 2
16.034733 3.573532 -0.905178 2
15.678422 3.749471 -0.739884 2
15.678422 3.749471 -0.739884 2
15.678422 3.749471 -0.739884 2
15.823796 3.644936 -0.480580 2
15.823796 3.644936 -0.480580 2
16.762356 4.678508 0.003177 2
16.762356 4.678508 0.003177 2
16.762356 4.678508 0.003177 2
16.762356 4.678508 0.003177 2
16.762356 4.678508 0.003177 2
16.762356 4.678508 0.003177 2
16.762356 4.678508 0.003177 2
16.762356 4.678508 0.003177 2
16.762356 4.678508 0.003177 2
16.111267 3.680635 -0.870923 2
16.111267 3.680635 -0.870923 2
16.111267 3.680635 -0.870923 2
16.602772 3.322011 -0.284425 2
16.602772 3.322011 -0.284425 2
16.602772 3.322011 -0.284425 2
16.602772 3.322011 -0.284425 2
16.602772 3.322011 -0.284425 2
15.608792 3.108921 -1.075985 2
16.184650 3.929018 -0.739013 2
17.326382 4.720137 -0.196509 2
17.326382 4.720137 -0.196509 2
16.252483 3.504533 -0.287193 2
16.252483 3.504533 -0.287193 2
16.252483 3.504533 -0.287193 2
16.252483 3.504533 -0.287193 2
16.252483 3.504533 -0.287193 2
11.889557 3.555009 -0.122145 2
11.889557 3.555009 -0.122145 2
7.673877 4.868318 -0.738527 2
7.673877 4.868318 -0.738527 2
9.119062 8.206600 -0.427000 2
-5.801544 -9.723579 -1.429832 2
-5.801544 -9.723579 -1.429832 2
1.348761 7.113046 -0.346639 2
1.348761 7.113046 -0.346639 2
1.348761 7.113046 -0.346639 2
1.348761 7.113046 -0.346639 2
1.348761 7.113046 -0.346639 2
1.302319 6.864770 -1.003306 2
1.302319 6.864770 -1.003306 2
1.302319 6.864770 -1.003306 2
1.302319 6.864770 -1.003306 2
1.302319 6.864770 -1.003306 2
1.302319 6.864770 -1.003306 2
0.806812 6.024249 -0.682657 2
0.806812 6.024249 -0.682657 2
0.806812 6.024249 -0.682657 2
0.275608 3.117949 -1.238779 2
0.275608 3.117949 -1.238779 2
1.268646 6.395960 -0.670210 2
1.268646 6.395960 -0.670210 2
1.268646 6.395960 -0.670210 2
-0.032604 3.159012 -1.341708 2
-0.032604 3.159012 -1.341708 2
0.751340 5.519758 -0.251048 2
0.751340 5.519758 -0.251048 2
-0.036789 3.470362 -1.587507 2
-0.036789 3.470362 -1.587507 2
-0.036789 3.470362 -1.587507 2
-0.036789 3.470362 -1.587507 2
-0.036789 3.470362 -1.587507 2
-0.036789 3.470362 -1.587507 2
-0.036789 3.470362 -1.587507 2
-0.265682 6.225925 -1.543895 2
-0.265682 6.225925 -1.543895 2
-0.265682 6.225925 -1.543895 2
-0.265682 6.225925 -1.543895 2
-0.265682 6.225925 -1.543895 2
1.243931 5.830667 -1.041225 2
1.243931 5.830667 -1.041225 2
-0.071989 3.700055 -1.131481 2
-0.071989 3.700055 -1.131481 2
-0.071989 3.700055 -1.131481 2
2.969581 7.425238 -0.483907 2
-0.494992 3.799514 -0.856571 2
-0.333793 3.396916 -0.900487 2
-0.333793 3.396916 -0.900487 2
-0.343509 2.428990 -0.691223 2
-0.343509 2.428990 -0.691223 2
-0.343509 2.428990 -0.691223 2
-1.430200 0.732769 0.146946 2
0.432950 5.430200 -1.454890 2
0.432950 5.430200 -1.454890 2
0.432950 5.430200 -1.454890 2
0.432950 5.430200 -1.454890 2
0.432950 5.430200 -1.454890 2
0.432950 5.430200 -1.454890 2
1.008922 6.256571 -0.784435 2
1.008922 6.256571 -0.784435 2
1.008922 6.256571 -0.784435 2
1.008922 6.256571 -0.784435 2
1.040632 5.520466 -0.489037 2
1.040632 5.520466 -0.489037 2
1.040632 5.520466 -0.489037 2
1.040632 5.520466 -0.489037 2
0.268830 4.051222 -1.155092 2
1.994869 6.900198 0.208697 2
1.994869 6.900198 0.208697 2
2.370524 9.132227 -2.313631 2
2.370524 9.132227 -2.313631 2
0.071579 3.269298 -1.285819 2
-0.287314 2.550547 -1.538997 2
-0.287314 2.550547 -1.538997 2
-0.287314 2.550547 -1.538997 2
-0.287314 2.550547 -1.538997 2
-0.287314 2.550547 -1.538997 2
-0.287314 2.550547 -1.538997 2
-0.287314 2.550547 -1.538997 2
-0.287314 2.550547 -1.538997 2
-0.287314 2.550547 -1.538997 2
1.604269 6.339613 -0.396561 2
1.604269 6.339613 -0.396561 2
1.604269 6.339613 -0.396561 2
1.604269 6.339613 -0.396561 2
-0.410304 3.299066 -0.932158 2
-0.410304 3.299066 -0.932158 2
1.012632 1.534707 -0.727207 2
1.012632 1.534707 -0.727207 2
1.012632 1.534707 -0.727207 2
-0.151995 3.637474 -1.035154 2
-0.151995 3.637474 -1.035154 2
-0.151995 3.637474 -1.035154 2
-0.151995 3.637474 -1.035154 2
-0.151995 3.637474 -1.035154 2
-0.181228 3.390407 -1.005950 2
-0.181228 3.390407 -1.005950 2
3.046846 6.216132 -0.885532 2
3.046846 6.216132 -0.885532 2
10.688689 0.473034 -1.553180 2
10.688689 0.473034 -1.553180 2
10.688689 0.473034 -1.553180 2
10.688689 0.473034 -1.553180 2
10.688689 0.473034 -1.553180 2
10.688689 0.473034 -1.553180 2
10.688689 0.473034 -1.553180 2
10.688689 0.473034 -1.553180 2
10.688689 0.473034 -1.553180 2
10.688689 0.473034 -1.553180 2
10.688689 0.473034 -1.553180 2
10.688689 0.473034 -1.553180 2
10.688689 0.473034 -1.553180 2
10.688689 0.473034 -1.553180 2
10.688689 0.473034 -1.553180 2
10.688689 0.473034 -1.553180 2
10.688689 0.473034 -1.553180 2
10.688689 0.473034 -1.553180 2
10.688689 0.473034 -1.553180 2
10.688689 0.473034 -1.553180 2
10.688689 0.473034 -1.553180 2
10.688689 0.473034 -1.553180 2
10.688689 0.473034 -1.553180 2
10.688689 0.473034 -1.553180 2
10.688689 0.473034 -1.553180 2
10.688689 0.473034 -1.553180 2
10.688689 0.473034 -1.553180 2
10.688689 0.473034 -1.553180 2
10.688689 0.473034 -1.553180 2
10.688689 0.473034 -1.553180 2
10.688689 0.473034 -1.553180 2
10.688689 0.473034 -1.553180 2
10.688689 0.473034 -1.553180 2
10.688689 0.473034 -1.553180 2
10.688689 0.473034 -1.553180 2
10.688689 0.473034 -1.553180 2
10.688689 0.473034 -1.553180 2
10.688689 0.473034 -1.553180 2
10.688689 0.473034 -1.553180 2
10.688689 0.473034 -1.553180 2
10.688689 0.473034 -1.553180 2
26.101637 6.022530 1.105000 2
26.101637 6.022530 1.105000 2
26.101637 6.022530 1.105000 2
26.101637 6.022530 1.105000 2
26.101637 6.022530 1.105000 2
26.101637 6.022530 1.105000 2
26.101637 6.022530 1.105000 2
26.101637 6.022530 1.105000 2
26.101637 6.022530 1.105000 2
26.101637 6.022530 1.105000 2
26.101637 6.022530 1.105000 2
26.101637 6.022530 1.105000 2
26.101637 6.022530 1.105000 2
26.101637 6.022530 1.105000 2
26.101637 6.022530 1.105000 2
26.101637 6.022530 1.105000 2
26.101637 6.022530 1.105000 2
26.101637 6.022530 1.105000 2
26.101637 6.022530 1.105000 2
26.101637 6.022530 1.105000 2
26.101637 6.022530 1.105000 2
26.101637 6.022530 1.105000 2
24.715401 6.565079 1.448382 2
24.715401 6.565079 1.448382 2
24.715401 6.565079 1.448382 2
24.715401 6.565079 1.448382 2
24.715401 6.565079 1.448382 2
24.715401 6.565079 1.448382 2
24.715401 6.565079 1.448382 2
24.715401 6.565079 1.448382 2
24.715401 6.565079 1.448382 2
24.331944 6.182907 1.261470 2
24.331944 6.182907 1.261470 2
24.331944 6.182907 1.261470 2
24.331944 6.182907 1.261470 2
24.331944 6.182907 1.261470 2
24.331944 6.182907 1.261470 2
24.331944 6.182907 1.261470 2
24.331944 6.182907 1.261470 2
24.331944 6.182907 1.261470 2
24.331944 6.182907 1.261470 2
24.331944 6.182907 1.261470 2
24.331944 6.182907 1.261470 2
24.331944 6.182907 1.261470 2
24.331944 6.182907 1.261470 2
24.331944 6.182907 1.261470 2
24.331944 6.182907 1.261470 2
24.331944 6.182907 1.261470 2
24.331944 6.182907 1.261470 2
24.331944 6.182907 1.261470 2
24.331944 6.182907 1.261470 2
24.331944 6.182907 1.261470 2
24.331944 6.182907 1.261470 2
24.331944 6.182907 1.261470 2
24.331944 6.182907 1.261470 2
24.331944 6.182907 1.261470 2
24.331944 6.182907 1.261470 2
24.331944 6.182907 1.261470 2
24.331944 6.182907 1.261470 2
24.331944 6.182907 1.261470 2
24.331944 6.182907 1.261470 2
24.331944 6.182907 1.261470 2
12.558865 4.662780 0.386760 2
12.558865 4.662780 0.386760 2
12.558865 4.662780 0.386760 2
12.558865 4.662780 0.386760 2
0.511988 5.946244 1.153554 2
4.553100 -1.142842 -1.327664 2
4.553100 -1.142842 -1.327664 2
4.553100 -1.142842 -1.327664 2
4.553100 -1.142842 -1.327664 2
-0.114448 5.620440 -1.577967 2
-0.114448 5.620440 -1.577967 2
-0.114448 5.620440 -1.577967 2
-0.114448 5.620440 -1.577967 2
-0.114448 5.620440 -1.577967 2
-0.114448 5.620440 -1.577967 2
-0.114448 5.620440 -1.577967 2
-0.114448 5.620440 -1.577967 2
-0.114448 5.620440 -1.577967 2
-0.114448 5.620440 -1.577967 2
0.960742 5.564080 -0.509163 2
0.960742 5.564080 -0.509163 2
0.960742 5.564080 -0.509163 2
0.960742 5.564080 -0.509163 2
0.329656 3.369955 -1.400453 2
0.329656 3.369955 -1.400453 2
1.188935 5.343639 -0.071012 2
0.253167 3.251554 -0.777170 2
0.253167 3.251554 -0.777170 2
0.309358 3.739456 -1.513088 2
0.309358 3.739456 -1.513088 2
0.309358 3.739456 -1.513088 2
0.309358 3.739456 -1.513088 2
0.490337 3.741329 -1.684576 2
0.242892 6.251314 -2.180097 2
0.242892 6.251314 -2.180097 2
0.242892 6.251314 -2.180097 2
0.242892 6.251314 -2.180097 2
0.242892 6.251314 -2.180097 2
0.242892 6.251314 -2.180097 2
0.242892 6.251314 -2.180097 2
0.242892 6.251314 -2.180097 2
0.242892 6.251314 -2.180097 2
0.242892 6.251314 -2.180097 2
0.242892 6.251314 -2.180097 2
0.242892 6.251314 -2.180097 2
0.242892 6.251314 -2.180097 2
0.242892 6.251314 -2.180097 2
0.098944 4.331257 -1.161865 2
0.098944 4.331257 -1.161865 2
-0.342701 3.452899 -0.805173 2
-0.342701 3.452899 -0.805173 2
-0.107982 3.318420 -1.053310 2
-0.107982 3.318420 -1.053310 2
-0.107982 3.318420 -1.053310 2
-0.107982 3.318420 -1.053310 2
-0.107982 3.318420 -1.053310 2
-0.124578 3.845213 -1.074862 2
-0.124578 3.845213 -1.074862 2
-2.623148 5.718391 -4.113844 2
-2.623148 5.718391 -4.113844 2
-2.623148 5.718391 -4.113844 2
-2.623148 5.718391 -4.113844 2
-2.623148 5.718391 -4.113844 2
-2.623148 5.718391 -4.113844 2
-2.623148 5.718391 -4.113844 2
-2.623148 5.718391 -4.113844 2
-2.623148 5.718391 -4.113844 2
-2.623148 5.718391 -4.113844 2
-2.623148 5.718391 -4.113844 2
-2.623148 5.718391 -4.113844 2
0.190748 3.690863 -1.250184 2
0.190748 3.690863 -1.250184 2
0.190748 3.690863 -1.250184 2
0.190748 3.690863 -1.250184 2
0.212334 3.288013 -0.956627 2
0.376184 3.795794 -1.304020 2
0.376184 3.795794 -1.304020 2
0.376184 3.795794 -1.304020 2
0.376184 3.795794 -1.304020 2
0.376184 3.795794 -1.304020 2
0.376184 3.795794 -1.304020 2
0.376184 3.795794 -1.304020 2
0.376184 3.795794 -1.304020 2
0.376184 3.795794 -1.304020 2
0.376184 3.795794 -1.304020 2
0.376184 3.795794 -1.304020 2
0.376184 3.795794 -1.304020 2
0.376184 3.795794 -1.304020 2
0.376184 3.795794 -1.304020 2
0.376184 3.795794 -1.304020 2
0.376184 3.795794 -1.304020 2
1.495254 5.506449 -0.568546 2
1.495254 5.506449 -0.568546 2
1.495254 5.506449 -0.568546 2
1.495254 5.506449 -0.568546 2
3.523037 3.543764 0.400108 2
5.622241 1.660852 -1.914138 2
5.622241 1.660852 -1.914138 2
10.767744 8.725222 0.266048 2
10.767744 8.725222 0.266048 2
10.767744 8.725222 0.266048 2
10.767744 8.725222 0.266048 2
10.767744 8.725222 0.266048 2
10.767744 8.725222 0.266048 2
10.767744 8.725222 0.266048 2
10.767744 8.725222 0.266048 2
10.767744 8.725222 0.266048 2
10.767744 8.725222 0.266048 2
10.767744 8.725222 0.266048 2
10.767744 8.725222 0.266048 2
10.767744 8.725222 0.266048 2
10.767744 8.725222 0.266048 2
10.767744 8.725222 0.266048 2
10.767744 8.725222 0.266048 2
10.767744 8.725222 0.266048 2
10.767744 8.725222 0.266048 2
10.767744 8.725222 0.266048 2
10.767744 8.725222 0.266048 2
10.767744 8.725222 0.266048 2
10.767744 8.725222 0.266048 2
10.767744 8.725222 0.266048 2
10.767744 8.725222 0.266048 2
10.767744 8.725222 0.266048 2
10.767744 8.725222 0.266048 2
10.767744 8.725222 0.266048 2
10.767744 8.725222 0.266048 2
10.767744 8.725222 0.266048 2
10.767744 8.725222 0.266048 2
10.767744 8.725222 0.266048 2
10.767744 8.725222 0.266048 2
10.767744 8.725222 0.266048 2
10.767744 8.725222 0.266048 2
10.767744 8.725222 0.266048 2
10.767744 8.725222 0.266048 2
10.767744 8.725222 0.266048 2
10.767744 8.725222 0.266048 2
10.767744 8.725222 0.266048 2
10.767744 8.725222 0.266048 2
10.767744 8.725222 0.266048 2
10.767744 8.725222 0.266048 2
10.767744 8.725222 0.266048 2
10.767744 8.725222 0.266048 2
10.767744 8.725222 0.266048 2
10.767744 8.725222 0.266048 2
10.767744 8.725222 0.266048 2
10.767744 8.725222 0.266048 2
10.767744 8.725222 0.266048 2
10.767744 8.725222 0.266048 2
10.767744 8.725222 0.266048 2
10.767744 8.725222 0.266048 2
10.767744 8.725222 0.266048 2
10.767744 8.725222 0.266048 2
10.767744 8.725222 0.266048 2
10.767744 8.725222 0.266048 2
26.412098 6.412197 0.849613 2
26.412098 6.412197 0.849613 2
26.412098 6.412197 0.849613 2
26.412098 6.412197 0.849613 2
26.412098 6.412197 0.849613 2
26.412098 6.412197 0.849613 2
26.412098 6.412197 0.849613 2
26.412098 6.412197 0.849613 2
26.412098 6.412197 0.849613 2
26.412098 6.412197 0.849613 2
26.412098 6.412197 0.849613 2
26.789272 6.101039 1.539703 2
26.789272 6.101039 1.539703 2
26.789272 6.101039 1.539703 2
26.789272 6.101039 1.539703 2
26.789272 6.101039 1.539703 2
26.789272 6.101039 1.539703 2
26.789272 6.101039 1.539703 2
26.789272 6.101039 1.539703 2
26.789272 6.101039 1.539703 2
26.789272 6.101039 1.539703 2
26.789272 6.101039 1.539703 2
26.789272 6.101039 1.539703 2
26.789272 6.101039 1.539703 2
26.789272 6.101039 1.539703 2
26.789272 6.101039 1.539703 2
26.789272 6.101039 1.539703 2
26.789272 6.101039 1.539703 2
26.789272 6.101039 1.539703 2
26.789272 6.101039 1.539703 2
26.789272 6.101039 1.539703 2
26.789272 6.101039 1.539703 2
25.437876 6.506872 0.617206 2
25.437876 6.506872 0.617206 2
25.437876 6.506872 0.617206 2
25.437876 6.506872 0.617206 2
25.437876 6.506872 0.617206 2
25.437876 6.506872 0.617206 2
25.437876 6.506872 0.617206 2
25.437876 6.506872 0.617206 2
25.437876 6.506872 0.617206 2
25.437876 6.506872 0.617206 2
25.437876 6.506872 0.617206 2
25.437876 6.506872 0.617206 2
25.437876 6.506872 0.617206 2
25.437876 6.506872 0.617206 2
11.542635 -0.219001 -0.534034 2
5.675753 10.985189 -0.107295 2
5.675753 10.985189 -0.107295 2
5.675753 10.985189 -0.107295 2
5.675753 10.985189 -0.107295 2
5.675753 10.985189 -0.107295 2
5.675753 10.985189 -0.107295 2
-0.590702 6.939195 -2.306822 2
-0.590702 6.939195 -2.306822 2
-0.590702 6.939195 -2.306822 2
-0.590702 6.939195 -2.306822 2
-0.590702 6.939195 -2.306822 2
-0.590702 6.939195 -2.306822 2
-0.590702 6.939195 -2.306822 2
-0.590702 6.939195 -2.306822 2
0.281425 3.096595 -1.058725 2
0.281425 3.096595 -1.058725 2
2.214845 6.693964 -1.148609 2
2.214845 6.693964 -1.148609 2
2.214845 6.693964 -1.148609 2
2.214845 6.693964 -1.148609 2
-0.290194 2.737139 -1.351095 2
-0.290194 2.737139 -1.351095 2
-0.290194 2.737139 -1.351095 2
0.788305 4.412420 -0.071524 2
0.788305 4.412420 -0.071524 2
0.131181 6.302220 -2.116611 2
0.131181 6.302220 -2.116611 2
0.131181 6.302220 -2.116611 2
0.131181 6.302220 -2.116611 2
0.131181 6.302220 -2.116611 2
0.131181 6.302220 -2.116611 2
0.131181 6.302220 -2.116611 2
0.131181 6.302220 -2.116611 2
0.131181 6.302220 -2.116611 2
0.131181 6.302220 -2.116611 2
0.131181 6.302220 -2.116611 2
0.131181 6.302220 -2.116611 2
2.019278 6.571444 -1.010284 2
2.019278 6.571444 -1.010284 2
-0.217765 3.419389 -1.250883 2
-0.217765 3.419389 -1.250883 2
1.266585 5.535301 -0.507277 2
1.266585 5.535301 -0.507277 2
1.266585 5.535301 -0.507277 2
0.230475 3.573582 -1.374487 2
0.230475 3.573582 -1.374487 2
0.230475 3.573582 -1.374487 2
0.230475 3.573582 -1.374487 2
-0.787562 2.229136 -1.233855 2
-0.787562 2.229136 -1.233855 2
-0.787562 2.229136 -1.233855 2
-0.787562 2.229136 -1.233855 2
-0.787562 2.229136 -1.233855 2
-0.787562 2.229136 -1.233855 2
-0.787562 2.229136 -1.233855 2
-0.787562 2.229136 -1.233855 2
-0.787562 2.229136 -1.233855 2
-0.787562 2.229136 -1.233855 2
-0.306363 3.441564 -1.402510 2
-0.306363 3.441564 -1.402510 2
-0.445274 1.259954 -0.330189 2
-0.445274 1.259954 -0.330189 2
-0.445274 1.259954 -0.330189 2
1.161891 7.403523 -3.696555 2
1.161891 7.403523 -3.696555 2
1.162903 5.208014 -1.089329 2
1.162903 5.208014 -1.089329 2
0.175389 3.980887 -1.330364 2
0.175389 3.980887 -1.330364 2
0.175389 3.980887 -1.330364 2
0.175389 3.980887 -1.330364 2
0.175389 3.980887 -1.330364 2
0.619697 4.540844 -1.259888 2
0.619697 4.540844 -1.259888 2
0.619697 4.540844 -1.259888 2
0.619697 4.540844 -1.259888 2
0.619697 4.540844 -1.259888 2
0.475759 4.395380 -1.697570 2
0.475759 4.395380 -1.697570 2
1.743916 5.698185 -1.022849 2
1.743916 5.698185 -1.022849 2
0.339596 4.027624 -0.987771 2
0.339596 4.027624 -0.987771 2
0.339596 4.027624 -0.987771 2
0.407715 3.326620 -0.698115 2
0.407715 3.326620 -0.698115 2
0.224177 3.225650 -1.175385 2
0.224177 3.225650 -1.175385 2
-5.899687 0.639194 -2.595400 2
-5.899687 0.639194 -2.595400 2
-0.547264 2.475596 -2.576711 2
0.197233 3.136584 -1.304023 2
0.197233 3.136584 -1.304023 2
0.197233 3.136584 -1.304023 2
0.197233 3.136584 -1.304023 2
0.197233 3.136584 -1.304023 2
0.197233 3.136584 -1.304023 2
10.068209 0.176076 -1.314949 2
10.068209 0.176076 -1.314949 2
10.068209 0.176076 -1.314949 2
10.068209 0.176076 -1.314949 2
10.068209 0.176076 -1.314949 2
10.068209 0.176076 -1.314949 2
10.068209 0.176076 -1.314949 2
10.068209 0.176076 -1.314949 2
10.068209 0.176076 -1.314949 2
10.068209 0.176076 -1.314949 2
10.068209 0.176076 -1.314949 2
10.068209 0.176076 -1.314949 2
10.068209 0.176076 -1.314949 2
10.068209 0.176076 -1.314949 2
10.068209 0.176076 -1.314949 2
10.068209 0.176076 -1.314949 2
10.068209 0.176076 -1.314949 2
10.068209 0.176076 -1.314949 2
10.068209 0.176076 -1.314949 2
10.068209 0.176076 -1.314949 2
10.068209 0.176076 -1.314949 2
10.068209 0.176076 -1.314949 2
10.068209 0.176076 -1.314949 2
10.068209 0.176076 -1.314949 2
10.068209 0.176076 -1.314949 2
10.068209 0.176076 -1.314949 2
10.068209 0.176076 -1.314949 2
10.068209 0.176076 -1.314949 2
10.068209 0.176076 -1.314949 2
10.068209 0.176076 -1.314949 2
10.068209 0.176076 -1.314949 2
10.068209 0.176076 -1.314949 2
10.068209 0.176076 -1.314949 2
10.068209 0.176076 -1.314949 2
10.068209 0.176076 -1.314949 2
10.068209 0.176076 -1.314949 2
10.068209 0.176076 -1.314949 2
10.068209 0.176076 -1.314949 2
10.068209 0.176076 -1.314949 2
10.068209 0.176076 -1.314949 2
10.068209 0.176076 -1.314949 2
10.068209 0.176076 -1.314949 2
10.068209 0.176076 -1.314949 2
10.068209 0.176076 -1.314949 2
10.068209 0.176076 -1.314949 2
10.068209 0.176076 -1.314949 2
10.068209 0.176076 -1.314949 2
10.068209 0.176076 -1.314949 2
10.068209 0.176076 -1.314949 2
10.068209 0.176076 -1.314949 2
10.068209 0.176076 -1.314949 2
10.068209 0.176076 -1.314949 2
10.068209 0.176076 -1.314949 2
10.068209 0.176076 -1.314949 2
10.068209 0.176076 -1.314949 2
10.068209 0.176076 -1.314949 2
10.068209 0.176076 -1.314949 2
10.068209 0.176076 -1.314949 2
10.068209 0.176076 -1.314949 2
10.068209 0.176076 -1.314949 2
10.068209 0.176076 -1.314949 2
10.068209 0.176076 -1.314949 2
10.068209 0.176076 -1.314949 2
10.068209 0.176076 -1.314949 2
10.068209 0.176076 -1.314949 2
10.068209 0.176076 -1.314949 2
10.068209 0.176076 -1.314949 2
10.068209 0.176076 -1.314949 2
10.068209 0.176076 -1.314949 2
10.068209 0.176076 -1.314949 2
10.068209 0.176076 -1.314949 2
10.068209 0.176076 -1.314949 2
10.068209 0.176076 -1.314949 2
10.068209 0.176076 -1.314949 2
10.068209 0.176076 -1.314949 2
10.068209 0.176076 -1.314949 2
10.068209 0.176076 -1.314949 2
10.068209 0.176076 -1.314949 2
10.068209 0.176076 -1.314949 2
10.068209 0.176076 -1.314949 2
10.068209 0.176076 -1.314949 2
10.068209 0.176076 -1.314949 2
10.068209 0.176076 -1.314949 2
10.068209 0.176076 -1.314949 2
10.068209 0.176076 -1.314949 2
10.068209 0.176076 -1.314949 2
10.068209 0.176076 -1.314949 2
10.068209 0.176076 -1.314949 2
10.068209 0.176076 -1.314949 2
10.068209 0.176076 -1.314949 2
10.068209 0.176076 -1.314949 2
10.068209 0.176076 -1.314949 2
10.068209 0.176076 -1.314949 2
10.068209 0.176076 -1.314949 2
31.744141 4.823532 2.490947 2
31.744141 4.823532 2.490947 2
31.744141 4.823532 2.490947 2
31.744141 4.823532 2.490947 2
25.858051 8.377747 1.488818 2
25.858051 8.377747 1.488818 2
25.858051 8.377747 1.488818 2
18.300503 4.853664 -0.970608 2
18.300503 4.853664 -0.970608 2
18.300503 4.853664 -0.970608 2
18.300503 4.853664 -0.970608 2
18.300503 4.853664 -0.970608 2
18.300503 4.853664 -0.970608 2
18.300503 4.853664 -0.970608 2
18.300503 4.853664 -0.970608 2
18.300503 4.853664 -0.970608 2
0.107037 4.534534 -0.739666 2
0.107037 4.534534 -0.739666 2
0.107037 4.534534 -0.739666 2
0.107037 4.534534 -0.739666 2
0.107037 4.534534 -0.739666 2
0.543994 1.202985 -1.182906 2
0.543994 1.202985 -1.182906 2
-0.364509 1.838669 0.357855 2
-0.364509 1.838669 0.357855 2
-0.364509 1.838669 0.357855 2
-0.364509 1.838669 0.357855 2
-0.364509 1.838669 0.357855 2
-0.364509 1.838669 0.357855 2
-0.364509 1.838669 0.357855 2
3.703296 2.764044 -1.605002 2
3.703296 2.764044 -1.605002 2
-1.496593 1.597525 -0.957085 2
-0.055922 3.108265 -0.440715 2
-0.055922 3.108265 -0.440715 2
0.177648 3.057582 -1.252572 2
0.177648 3.057582 -1.252572 2
0.023681 1.877944 0.505432 2
0.023681 1.877944 0.505432 2
0.023681 1.877944 0.505432 2
-0.406010 2.614805 -1.132827 2
-0.406010 2.614805 -1.132827 2
0.790893 3.302455 -0.960825 2
0.790893 3.302455 -0.960825 2
0.790893 3.302455 -0.960825 2
0.790893 3.302455 -0.960825 2
-0.193467 2.026114 -0.564568 2
-0.193467 2.026114 -0.564568 2
-0.193467 2.026114 -0.564568 2
-0.193467 2.026114 -0.564568 2
-0.193467 2.026114 -0.564568 2
-1.160899 1.696918 -0.253174 2
-1.160899 1.696918 -0.253174 2
-1.160899 1.696918 -0.253174 2
1.589988 4.339311 -1.213533 2
1.589988 4.339311 -1.213533 2
-0.399984 2.454103 -0.095462 2
-0.399984 2.454103 -0.095462 2
-0.399984 2.454103 -0.095462 2
-0.399984 2.454103 -0.095462 2
-0.919443 1.123966 -0.431091 2
-0.017520 0.934137 -0.486652 2
-0.017520 0.934137 -0.486652 2
-0.017520 0.934137 -0.486652 2
-0.017520 0.934137 -0.486652 2
-0.017520 0.934137 -0.486652 2
-0.017520 0.934137 -0.486652 2
-0.132613 3.073317 0.080786 2
-0.132613 3.073317 0.080786 2
-0.132613 3.073317 0.080786 2
-0.359379 1.413417 -1.059213 2
-0.359379 1.413417 -1.059213 2
-0.359379 1.413417 -1.059213 2
-0.359379 1.413417 -1.059213 2
-0.638847 1.468807 -0.466459 2
-0.638847 1.468807 -0.466459 2
-0.638847 1.468807 -0.466459 2
2.179161 4.830659 -0.028661 2
2.179161 4.830659 -0.028661 2
-0.664278 1.333843 -0.583881 2
-0.664278 1.333843 -0.583881 2
-0.022887 2.749316 -0.592431 2
-0.022887 2.749316 -0.592431 2
-0.022887 2.749316 -0.592431 2
1.274339 3.377759 -1.074552 2
1.274339 3.377759 -1.074552 2
0.157300 0.510912 -0.895479 2
0.157300 0.510912 -0.895479 2
0.157300 0.510912 -0.895479 2
0.563908 2.342024 -0.876061 2
0.563908 2.342024 -0.876061 2
-0.237901 3.104036 -0.801823 2
-0.237901 3.104036 -0.801823 2
-1.203978 1.581310 -0.781962 2
-1.203978 1.581310 -0.781962 2
-1.203978 1.581310 -0.781962 2
-1.203978 1.581310 -0.781962 2
-1.203978 1.581310 -0.781962 2
-1.008284 1.648243 -0.413956 2
-1.008284 1.648243 -0.413956 2
2.336973 5.011814 -0.487470 2
2.336973 5.011814 -0.487470 2
2.238077 4.247601 -1.346530 2
5.644450 4.355912 -0.789356 2
5.644450 4.355912 -0.789356 2
7.556513 3.897603 0.516085 2
7.556513 3.897603 0.516085 2
7.556513 3.897603 0.516085 2
7.556513 3.897603 0.516085 2
24.525959 2.158297 -0.972583 2
24.525959 2.158297 -0.972583 2
24.525959 2.158297 -0.972583 2
24.525959 2.158297 -0.972583 2
24.525959 2.158297 -0.972583 2
24.525959 2.158297 -0.972583 2
24.525959 2.158297 -0.972583 2
24.525959 2.158297 -0.972583 2
24.525959 2.158297 -0.972583 2
24.525959 2.158297 -0.972583 2
24.525959 2.158297 -0.972583 2
24.525959 2.158297 -0.972583 2
24.525959 2.158297 -0.972583 2
24.525959 2.158297 -0.972583 2
24.525959 2.158297 -0.972583 2
24.525959 2.158297 -0.972583 2
24.525959 2.158297 -0.972583 2
24.525959 2.158297 -0.972583 2
24.525959 2.158297 -0.972583 2
24.525959 2.158297 -0.972583 2
24.525959 2.158297 -0.972583 2
24.525959 2.158297 -0.972583 2
24.525959 2.158297 -0.972583 2
24.525959 2.158297 -0.972583 2
24.525959 2.158297 -0.972583 2
24.525959 2.158297 -0.972583 2
24.525959 2.158297 -0.972583 2
24.525959 2.158297 -0.972583 2
24.525959 2.158297 -0.972583 2
24.525959 2.158297 -0.972583 2
24.525959 2.158297 -0.972583 2
24.525959 2.158297 -0.972583 2
24.525959 2.158297 -0.972583 2
24.525959 2.158297 -0.972583 2
24.525959 2.158297 -0.972583 2
24.525959 2.158297 -0.972583 2
24.525959 2.158297 -0.972583 2
24.525959 2.158297 -0.972583 2
24.525959 2.158297 -0.972583 2
24.525959 2.158297 -0.972583 2
24.525959 2.158297 -0.972583 2
24.525959 2.158297 -0.972583 2
24.525959 2.158297 -0.972583 2
24.525959 2.158297 -0.972583 2
24.525959 2.158297 -0.972583 2
24.525959 2.158297 -0.972583 2
24.525959 2.158297 -0.972583 2
24.525959 2.158297 -0.972583 2
24.525959 2.158297 -0.972583 2
24.525959 2.158297 -0.972583 2
24.525959 2.158297 -0.972583 2
24.525959 2.158297 -0.972583 2
24.525959 2.158297 -0.972583 2
24.525959 2.158297 -0.972583 2
24.525959 2.158297 -0.972583 2
24.525959 2.158297 -0.972583 2
24.525959 2.158297 -0.972583 2
24.525959 2.158297 -0.972583 2
24.525959 2.158297 -0.972583 2
24.525959 2.158297 -0.972583 2
24.525959 2.158297 -0.972583 2
24.525959 2.158297 -0.972583 2
24.525959 2.158297 -0.972583 2
24.525959 2.158297 -0.972583 2
24.525959 2.158297 -0.972583 2
24.525959 2.158297 -0.972583 2
24.525959 2.158297 -0.972583 2
24.525959 2.158297 -0.972583 2
24.525959 2.158297 -0.972583 2
24.525959 2.158297 -0.972583 2
24.525959 2.158297 -0.972583 2
24.525959 2.158297 -0.972583 2
24.525959 2.158297 -0.972583 2
24.525959 2.158297 -0.972583 2
24.525959 2.158297 -0.972583 2
24.525959 2.158297 -0.972583 2
24.525959 2.158297 -0.972583 2
24.525959 2.158297 -0.972583 2
24.525959 2.158297 -0.972583 2
24.525959 2.158297 -0.972583 2
24.525959 2.158297 -0.972583 2
24.525959 2.158297 -0.972583 2
24.525959 2.158297 -0.972583 2
24.525959 2.158297 -0.972583 2
24.525959 2.158297 -0.972583 2
24.525959 2.158297 -0.972583 2
24.525959 2.158297 -0.972583 2
24.525959 2.158297 -0.972583 2
24.525959 2.158297 -0.972583 2
24.525959 2.158297 -0.972583 2
24.525959 2.158297 -0.972583 2
24.525959 2.158297 -0.972583 2
24.525959 2.158297 -0.972583 2
24.525959 2.158297 -0.972583 2
24.525959 2.158297 -0.972583 2
24.525959 2.158297 -0.972583 2
24.525959 2.158297 -0.972583 2
24.525959 2.158297 -0.972583 2
20.548399 0.678207 -1.545048 2
20.548399 0.678207 -1.545048 2
20.548399 0.678207 -1.545048 2
12.593672 4.692539 0.053225 2
12.593672 4.692539 0.053225 2
12.593672 4.692539 0.053225 2
12.593672 4.692539 0.053225 2
1.056755 4.842199 -0.482065 2
1.056755 4.842199 -0.482065 2
1.056755 4.842199 -0.482065 2
1.056755 4.842199 -0.482065 2
1.056755 4.842199 -0.482065 2
-1.882485 1.992718 -0.750964 2
-1.882485 1.992718 -0.750964 2
0.448107 2.623625 -0.738007 2
0.448107 2.623625 -0.738007 2
2.325855 4.092965 -0.033651 2
-0.328995 0.783844 -0.624099 2
-0.328995 0.783844 -0.624099 2
-0.328995 0.783844 -0.624099 2
-0.328995 0.783844 -0.624099 2
-0.328995 0.783844 -0.624099 2
-0.328995 0.783844 -0.624099 2
0.105100 2.351522 -0.956575 2
0.105100 2.351522 -0.956575 2
0.105100 2.351522 -0.956575 2
0.105100 2.351522 -0.956575 2
0.105100 2.351522 -0.956575 2
0.105100 2.351522 -0.956575 2
0.105100 2.351522 -0.956575 2
0.105100 2.351522 -0.956575 2
4.957767 7.643618 -1.138983 2
4.957767 7.643618 -1.138983 2
-0.805804 1.968780 -0.559634 2
-0.805804 1.968780 -0.559634 2
1.181935 3.370572 -1.513120 2
-0.519131 1.344750 -0.580907 2
3.405770 -2.614753 -1.772140 2
3.405770 -2.614753 -1.772140 2
3.405770 -2.614753 -1.772140 2
3.405770 -2.614753 -1.772140 2
3.405770 -2.614753 -1.772140 2
-0.653152 2.794611 -0.402154 2
-0.672121 3.136622 -0.074145 2
-0.672121 3.136622 -0.074145 2
-0.672121 3.136622 -0.074145 2
0.051516 2.924119 -1.062477 2
-0.113051 0.789727 -0.670149 2
-0.113051 0.789727 -0.670149 2
-0.113051 0.789727 -0.670149 2
-0.437925 2.432550 -0.773470 2
0.030132 0.898628 -0.952634 2
0.030132 0.898628 -0.952634 2
0.030132 0.898628 -0.952634 2
0.030132 0.898628 -0.952634 2
0.030132 0.898628 -0.952634 2
-0.113415 0.995538 -0.735533 2
0.108902 0.893404 0.218016 2
0.108902 0.893404 0.218016 2
0.108902 0.893404 0.218016 2
0.108902 0.893404 0.218016 2
0.225894 2.304051 -0.826129 2
0.225894 2.304051 -0.826129 2
0.225894 2.304051 -0.826129 2
-0.112104 2.687061 -0.948818 2
-0.659301 1.597867 0.263822 2
0.179788 2.324510 -0.340073 2
0.179788 2.324510 -0.340073 2
0.351651 2.603240 -0.870424 2
0.351651 2.603240 -0.870424 2
-1.100757 1.106890 -0.749808 2
-0.388745 2.180560 -0.688919 2
-0.388745 2.180560 -0.688919 2
-0.388745 2.180560 -0.688919 2
-0.388745 2.180560 -0.688919 2
-0.388745 2.180560 -0.688919 2
-0.388745 2.180560 -0.688919 2
-0.507099 2.099081 -0.348615 2
0.866982 3.734303 -0.994022 2
-0.958535 1.013351 -1.495125 2
0.979794 3.436673 -1.407025 2
0.979794 3.436673 -1.407025 2
0.979794 3.436673 -1.407025 2
0.979794 3.436673 -1.407025 2
-0.453545 1.034234 -0.665881 2
-0.281209 1.515489 -1.038501 2
0.348315 3.323612 -0.441292 2
0.348315 3.323612 -0.441292 2
