0.987198 1.844084 -1.658446 2
0.987198 1.844084 -1.658446 2
-0.023311 -0.642669 -3.331517 2
0.797061 -1.026523 -3.510042 2
0.797061 -1.026523 -3.510042 2
-0.085166 -0.914963 -3.313346 2
-0.085166 -0.914963 -3.313346 2
0.715752 -0.254232 -2.194293 2
0.715752 -0.254232 -2.194293 2
0.413050 0.057286 -2.299404 2
1.030528 0.542919 -1.809534 2
1.030528 0.542919 -1.809534 2
0.527955 -0.019510 -2.676361 2
0.527955 -0.019510 -2.676361 2
0.739967 -0.618174 -1.741778 2
0.739967 -0.618174 -1.741778 2
0.228046 0.686848 -2.050101 2
0.621643 1.261736 -1.915397 2
0.621643 1.261736 -1.915397 2
1.110853 0.450579 -1.848609 2
1.110853 0.450579 -1.848609 2
0.134776 3.331903 -2.407468 2
0.134776 3.331903 -2.407468 2
1.593355 2.111595 -2.301069 2
0.595131 0.811400 -2.352300 2
0.595131 0.811400 -2.352300 2
1.976784 2.317662 -2.536012 2
1.976784 2.317662 -2.536012 2
1.570958 2.240054 -1.791746 2
1.570958 2.240054 -1.791746 2
2.400235 0.536488 -1.686526 2
2.814774 2.473716 -1.815364 2
2.814774 2.473716 -1.815364 2
2.814774 2.473716 -1.815364 2
2.814774 2.473716 -1.815364 2
2.814774 2.473716 -1.815364 2
2.814774 2.473716 -1.815364 2
2.814774 2.473716 -1.815364 2
1.957568 2.971363 -1.951882 2
1.957568 2.971363 -1.951882 2
3.279493 2.422318 -2.651045 2
3.279493 2.422318 -2.651045 2
1.854443 2.838412 -1.768113 2
1.854443 2.838412 -1.768113 2
2.164317 1.879685 -2.230057 2
4.429999 5.600810 -0.568714 2
4.429999 5.600810 -0.568714 2
1.360316 1.696834 -2.344265 2
1.360316 1.696834 -2.344265 2
1.858112 3.402947 -1.948397 2
1.858112 3.402947 -1.948397 2
2.554676 2.961381 -2.799708 2
1.890637 2.905153 -2.328893 2
1.890637 2.905153 -2.328893 2
2.219731 2.429693 -1.856298 2
2.219731 2.429693 -1.856298 2
2.758790 3.067735 -1.964782 2
2.758790 3.067735 -1.964782 2
1.711297 2.584695 -1.811032 2
1.788759 2.277256 -1.755995 2
1.788759 2.277256 -1.755995 2
1.788759 2.277256 -1.755995 2
1.788759 2.277256 -1.755995 2
0.504459 1.012184 -2.199931 2
0.504459 1.012184 -2.199931 2
1.129368 2.267111 -1.710697 2
1.129368 2.267111 -1.710697 2
1.129368 2.267111 -1.710697 2
1.129368 2.267111 -1.710697 2
1.129368 2.267111 -1.710697 2
3.602571 5.230266 -0.966072 2
3.602571 5.230266 -0.966072 2
2.588152 2.873309 -2.206722 2
2.588152 2.873309 -2.206722 2
1.692491 2.699541 -2.482375 2
1.692491 2.699541 -2.482375 2
1.692491 2.699541 -2.482375 2
2.036519 1.542463 -1.626229 2
2.036519 1.542463 -1.626229 2
1.729183 1.601178 -1.813203 2
2.092191 2.798552 -2.194557 2
2.092191 2.798552 -2.194557 2
2.092191 2.798552 -2.194557 2
2.092191 2.798552 -2.194557 2
4.992191 6.134488 -1.323925 2
4.992191 6.134488 -1.323925 2
1.937584 2.677630 -2.182701 2
1.937584 2.677630 -2.182701 2
1.937584 2.677630 -2.182701 2
0.817840 1.200037 -2.188784 2
0.817840 1.200037 -2.188784 2
2.070271 2.507944 -2.192667 2
2.070271 2.507944 -2.192667 2
1.432566 2.710567 -1.156733 2
1.260098 1.851769 -1.860752 2
1.260098 1.851769 -1.860752 2
4.994516 6.850918 -1.140178 2
4.994516 6.850918 -1.140178 2
1.765742 3.000845 -1.565099 2
1.765742 3.000845 -1.565099 2
3.749671 3.458758 -3.096174 2
3.749671 3.458758 -3.096174 2
3.749671 3.458758 -3.096174 2
7.653561 1.260904 -0.808582 2
7.653561 1.260904 -0.808582 2
8.793381 -1.464731 -0.677010 2
8.793381 -1.464731 -0.677010 2
8.523275 1.716699 -1.569276 2
8.523275 1.716699 -1.569276 2
8.523275 1.716699 -1.569276 2
6.868764 0.926701 -0.898306 2
6.868764 0.926701 -0.898306 2
8.710231 1.578836 -1.602622 2
8.710231 1.578836 -1.602622 2
8.109554 2.938518 -0.324242 2
8.413748 0.028617 -0.612685 2
8.413748 0.028617 -0.612685 2
10.290906 1.993223 -0.741413 2
10.290906 1.993223 -0.741413 2
10.037683 0.829132 -1.790159 2
10.037683 0.829132 -1.790159 2
8.530135 1.760983 -1.493455 2
9.590858 3.031216 -0.671363 2
9.590858 3.031216 -0.671363 2
9.209910 0.883484 -1.387527 2
9.209910 0.883484 -1.387527 2
7.508166 0.270281 -2.326472 2
7.508166 0.270281 -2.326472 2
9.861595 0.846351 -1.518636 2
9.161135 2.361156 -0.739202 2
7.679906 1.186759 -1.953706 2
7.678461 0.021670 -2.412134 2
7.678461 0.021670 -2.412134 2
9.857127 0.830706 -1.577178 2
9.857127 0.830706 -1.577178 2
7.635664 0.647380 -2.117466 2
7.813739 0.244753 -2.560285 2
9.742114 0.895053 -1.785186 2
9.742114 0.895053 -1.785186 2
9.742114 0.895053 -1.785186 2
9.152464 2.140861 -0.156557 2
9.152464 2.140861 -0.156557 2
9.018314 1.314596 -1.558007 2
8.844774 3.378694 -0.136031 2
8.844774 3.378694 -0.136031 2
10.496630 3.157138 -1.378346 2
10.496630 3.157138 -1.378346 2
9.714265 4.188800 -1.661579 2
9.714265 4.188800 -1.661579 2
10.334385 4.245647 0.025248 2
10.334385 4.245647 0.025248 2
10.334385 4.245647 0.025248 2
8.959291 1.848273 0.103373 2
8.959291 1.848273 0.103373 2
10.417184 6.368023 0.049982 2
10.417184 6.368023 0.049982 2
8.714002 1.434073 -2.187610 2
9.300215 1.249894 -0.768520 2
9.300215 1.249894 -0.768520 2
9.803452 4.479257 -1.756806 2
9.803452 4.479257 -1.756806 2
9.687990 3.930605 -2.169831 2
9.687990 3.930605 -2.169831 2
8.756206 0.985362 -1.461788 2
8.756206 0.985362 -1.461788 2
8.756206 0.985362 -1.461788 2
10.246188 3.390576 -2.294282 2
10.246188 3.390576 -2.294282 2
9.567675 2.849837 -1.644613 2
9.567675 2.849837 -1.644613 2
9.713312 4.047829 -1.631008 2
10.377196 2.234862 -1.970097 2
10.377196 2.234862 -1.970097 2
9.752872 3.444481 -1.491889 2
9.752872 3.444481 -1.491889 2
11.376474 5.298518 -0.866595 2
11.376474 5.298518 -0.866595 2
10.738102 4.371129 -2.071969 2
9.689191 2.762610 -1.370126 2
9.689191 2.762610 -1.370126 2
10.487659 4.397031 -1.138986 2
10.487659 4.397031 -1.138986 2
9.553003 3.768787 -1.720962 2
9.553003 3.768787 -1.720962 2
10.541094 4.233537 -1.256964 2
10.541094 4.233537 -1.256964 2
10.541094 4.233537 -1.256964 2
9.442953 3.657457 -1.556989 2
9.442953 3.657457 -1.556989 2
9.519710 0.989450 -1.208233 2
9.519710 0.989450 -1.208233 2
9.393204 4.219469 -1.688993 2
8.846116 3.101576 -2.011770 2
8.846116 3.101576 -2.011770 2
10.468124 4.672732 -1.265895 2
10.468124 4.672732 -1.265895 2
9.545650 3.537070 -1.189559 2
9.545650 3.537070 -1.189559 2
11.198964 3.359099 -1.860961 2
8.772754 5.149780 -1.051696 2
7.862301 5.525362 -0.721792 2
7.862301 5.525362 -0.721792 2
7.862301 5.525362 -0.721792 2
3.650231 1.749454 -1.572664 2
3.650231 1.749454 -1.572664 2
2.909264 2.534254 -2.025635 2
4.616824 3.919622 -1.556895 2
4.616824 3.919622 -1.556895 2
0.986495 1.211261 -2.188585 2
0.986495 1.211261 -2.188585 2
2.155407 1.936837 -1.243497 2
2.155407 1.936837 -1.243497 2
3.415787 4.712254 -0.744417 2
0.738257 0.888212 -2.579947 2
0.738257 0.888212 -2.579947 2
2.316975 2.380691 -1.200462 2
2.316975 2.380691 -1.200462 2
4.115982 6.668867 -1.047172 2
4.115982 6.668867 -1.047172 2
0.640093 1.381125 -1.304909 2
1.038909 2.758972 -1.037408 2
1.038909 2.758972 -1.037408 2
4.604281 8.232525 -3.054138 2
4.604281 8.232525 -3.054138 2
0.157194 1.100423 -1.732649 2
0.157194 1.100423 -1.732649 2
1.980126 2.551031 -1.740417 2
1.980126 2.551031 -1.740417 2
1.980126 2.551031 -1.740417 2
0.842708 0.562274 -1.401518 2
0.842708 0.562274 -1.401518 2
2.065439 2.872717 -1.654922 2
2.065439 2.872717 -1.654922 2
3.076514 3.899293 -1.094730 2
-0.063424 1.013050 -1.935498 2
-0.063424 1.013050 -1.935498 2
1.741799 2.479897 -1.769562 2
1.741799 2.479897 -1.769562 2
3.304214 3.586753 -1.022833 2
3.304214 3.586753 -1.022833 2
0.442239 1.234408 -1.216594 2
0.989788 2.009639 -1.910300 2
0.989788 2.009639 -1.910300 2
2.183773 4.807658 -2.052378 2
2.183773 4.807658 -2.052378 2
1.309331 1.487316 -1.770144 2
1.309331 1.487316 -1.770144 2
2.534162 3.946739 -0.613709 2
5.808409 8.364960 -2.593251 2
5.808409 8.364960 -2.593251 2
0.971061 0.881523 -1.610839 2
0.971061 0.881523 -1.610839 2
6.550759 8.000293 -0.494563 2
6.550759 8.000293 -0.494563 2
2.739074 3.456165 -1.435767 2
0.983766 0.569726 -1.554685 2
0.983766 0.569726 -1.554685 2
1.803037 2.073204 -1.734447 2
1.803037 2.073204 -1.734447 2
1.403158 3.638995 -0.617840 2
1.403158 3.638995 -0.617840 2
-0.034907 1.093107 -1.621278 2
1.898594 1.561690 -1.552389 2
1.597493 4.883185 -1.392032 2
1.597493 4.883185 -1.392032 2
1.597493 4.883185 -1.392032 2
-0.180606 1.251081 -1.308853 2
-0.180606 1.251081 -1.308853 2
4.535387 6.942317 -1.889392 2
7.000267 10.502032 -1.278047 2
3.914688 5.801349 -1.543067 2
0.585630 1.499931 -1.873215 2
-0.397408 2.242195 -1.045926 2
6.440354 10.109972 0.594181 2
6.440354 10.109972 0.594181 2
3.662889 4.267421 -1.516273 2
0.710457 1.045894 -1.382889 2
0.726486 1.167691 -1.619900 2
1.307575 2.197389 -1.466251 2
1.557027 3.876411 -2.200926 2
6.743392 8.020681 -1.112563 2
6.743392 8.020681 -1.112563 2
0.408058 1.654952 -1.405277 2
1.389606 1.405235 -1.342951 2
-0.451199 1.495602 -2.718930 2
8.276051 9.867505 -0.221971 2
-0.343947 0.976645 -1.974669 2
-0.216225 0.805256 -1.243771 2
2.209991 4.178722 -1.547402 2
-0.598790 1.741389 -2.048136 2
7.487959 6.438089 0.011135 2
3.890119 6.192924 -0.997510 2
-0.038587 0.921114 -1.311715 2
0.119045 1.106431 -1.253826 2
2.029395 1.952181 -1.653961 2
2.029395 1.952181 -1.653961 2
0.459931 1.825934 -1.629627 2
1.272157 1.322233 -1.572188 2
0.872957 1.475336 -1.921663 2
4.515367 4.883649 -0.681919 2
1.736698 4.137216 -2.234706 2
4.183180 4.069016 -0.967566 2
4.183180 4.069016 -0.967566 2
3.312060 -0.159286 -2.258668 2
7.493477 3.477309 -1.302359 2
7.493477 3.477309 -1.302359 2
7.493477 3.477309 -1.302359 2
8.389861 2.089037 -2.012009 2
8.273427 1.919465 -1.492279 2
8.273427 1.919465 -1.492279 2
9.807518 6.471728 -0.574381 2
8.962482 3.116585 -3.079859 2
9.396774 2.371488 -1.806805 2
8.291511 2.015855 0.439989 2
8.851663 3.628279 -1.688010 2
8.851663 3.628279 -1.688010 2
8.851663 3.628279 -1.688010 2
9.288586 3.090716 -1.084365 2
9.644216 4.563102 -1.829494 2
8.881285 3.540613 -1.620019 2
10.623669 5.284089 -1.310119 2
8.786972 3.606541 -1.536475 2
10.181485 4.884905 -1.847127 2
10.181485 4.884905 -1.847127 2
8.984047 3.340653 -2.031595 2
9.865930 5.354015 -1.543208 2
8.704512 3.827217 -1.256916 2
9.723772 4.496284 -1.195278 2
8.990083 3.588216 -1.759701 2
7.961895 3.156065 -1.118851 2
7.961895 3.156065 -1.118851 2
8.140589 3.352745 -1.972630 2
9.217702 4.257968 -1.855450 2
9.178946 3.602489 -1.703546 2
8.456217 3.003176 -0.942465 2
9.592235 1.644409 -1.006513 2
9.951018 6.028927 0.268190 2
9.951018 6.028927 0.268190 2
9.439007 3.613307 -1.624182 2
9.128418 3.243945 -0.694777 2
8.709440 3.287589 -1.912861 2
10.203502 5.277207 -1.210546 2
9.312148 3.627914 -1.467422 2
9.297893 3.189317 -1.644994 2
9.297893 3.189317 -1.644994 2
7.991409 2.931105 -1.030207 2
7.877445 4.223129 0.930879 2
7.877445 4.223129 0.930879 2
7.877445 4.223129 0.930879 2
7.877445 4.223129 0.930879 2
8.646324 1.893690 -1.224974 2
9.202972 4.976662 -1.716029 2
9.202972 4.976662 -1.716029 2
8.846862 4.111866 -1.276642 2
9.809041 3.466857 -1.966631 2
8.209053 2.842953 -1.120977 2
10.208867 5.437593 -1.027529 2
10.208867 5.437593 -1.027529 2
9.356826 4.776642 -1.949006 2
8.762897 3.075016 -1.900187 2
7.763835 2.165009 -1.192404 2
8.408526 1.641276 -1.446347 2
10.730732 6.125067 0.416177 2
9.058475 3.972118 -1.645204 2
9.786933 3.786642 -1.863551 2
9.786933 3.786642 -1.863551 2
8.941890 3.114603 -1.491997 2
10.717308 5.406795 -1.243929 2
10.717308 5.406795 -1.243929 2
9.884120 5.139172 -2.085639 2
9.851170 4.617727 -1.846412 2
7.805095 3.239467 -1.087763 2
7.805095 3.239467 -1.087763 2
8.998068 4.128786 -0.734036 2
8.998068 4.128786 -0.734036 2
8.998068 4.128786 -0.734036 2
8.998068 4.128786 -0.734036 2
8.998068 4.128786 -0.734036 2
8.998068 4.128786 -0.734036 2
8.998068 4.128786 -0.734036 2
8.838533 3.673092 -1.527663 2
8.105129 3.024624 -0.931169 2
8.105129 3.024624 -0.931169 2
8.881489 3.948635 -1.395790 2
9.356380 3.732726 -1.484546 2
8.612897 2.667161 -1.801435 2
8.612897 2.667161 -1.801435 2
10.250898 4.922838 -1.835552 2
10.097361 5.974866 0.243531 2
9.127134 3.123799 -1.449398 2
9.458196 3.131028 -1.619358 2
9.737058 3.638182 -1.509028 2
8.944214 3.235393 -1.822868 2
8.944214 3.235393 -1.822868 2
10.614263 5.324366 -1.324172 2
9.554635 4.878048 -1.898334 2
10.266931 4.715619 -2.295595 2
8.026746 3.163563 -1.075574 2
9.612160 5.164173 -1.732961 2
9.612160 5.164173 -1.732961 2
9.612160 5.164173 -1.732961 2
7.809272 -0.586370 -2.278889 2
3.225083 1.825724 -1.687680 2
2.426489 0.592606 -2.309528 2
0.891121 2.065870 -2.816513 2
0.891121 2.065870 -2.816513 2
-0.688951 1.653133 -2.372361 2
-0.688951 1.653133 -2.372361 2
1.855998 1.720419 -1.704987 2
2.254878 2.785708 -0.784040 2
8.218573 11.623318 -0.171196 2
0.171728 1.619959 -1.347791 2
-0.268506 0.926879 -1.413365 2
0.272163 1.146513 -1.185720 2
0.272163 1.146513 -1.185720 2
3.663738 7.082253 -2.238185 2
0.059673 0.726151 -2.108035 2
-0.380997 1.386312 -1.483052 2
-0.175875 2.035324 -0.927222 2
2.257092 1.372185 -1.278483 2
2.257092 1.372185 -1.278483 2
2.257092 1.372185 -1.278483 2
2.257092 1.372185 -1.278483 2
2.257092 1.372185 -1.278483 2
1.167133 1.604982 -1.630998 2
1.151113 4.184330 -1.931583 2
7.038916 8.617445 -0.774313 2
-0.169980 1.003444 -1.882119 2
-0.169980 1.003444 -1.882119 2
1.151764 1.712932 -1.762269 2
1.151764 1.712932 -1.762269 2
5.507062 6.292021 -0.996268 2
0.131213 0.863600 -1.877389 2
-0.179783 0.801252 -1.336001 2
2.531601 2.389030 -1.226004 2
2.531601 2.389030 -1.226004 2
2.251976 4.917401 -2.056410 2
0.111396 2.263455 -1.630007 2
0.070188 1.181919 -1.663948 2
0.365993 0.978723 -1.398909 2
1.059334 2.302207 -1.331952 2
5.325162 8.146514 -2.695604 2
5.325162 8.146514 -2.695604 2
0.142208 1.227198 -1.565257 2
0.142208 1.227198 -1.565257 2
0.878424 1.764577 -1.104609 2
2.443036 5.203767 -2.060881 2
3.702649 4.976088 -1.514367 2
0.909176 0.464961 -1.731452 2
0.909176 0.464961 -1.731452 2
2.429369 2.173612 -1.086993 2
3.568749 5.275170 -1.505936 2
3.568749 5.275170 -1.505936 2
0.573862 0.890352 -2.097308 2
0.459503 0.810967 -1.340657 2
1.657302 2.590121 -1.569393 2
1.657302 2.590121 -1.569393 2
0.820670 2.351153 -1.362963 2
0.458149 1.042914 -2.117076 2
-0.047673 1.050355 -1.567939 2
1.793632 2.787076 -1.539773 2
2.331190 4.393615 -1.500158 2
2.331190 4.393615 -1.500158 2
2.331190 4.393615 -1.500158 2
0.556141 1.768998 -1.586985 2
0.556141 1.768998 -1.586985 2
5.517868 5.754254 -0.638643 2
3.678232 7.242380 -2.675386 2
3.678232 7.242380 -2.675386 2
0.005735 0.893752 -1.502837 2
0.005735 0.893752 -1.502837 2
1.613080 3.686561 -1.625355 2
-0.322361 1.724574 -2.109237 2
-0.322361 1.724574 -2.109237 2
-0.322361 1.724574 -2.109237 2
1.090713 0.345310 -2.223923 2
0.562645 1.031938 -1.716831 2
0.562645 1.031938 -1.716831 2
-0.349784 1.624952 -1.904957 2
-0.325505 3.080009 -2.441030 2
-0.136704 1.870090 -1.296303 2
3.005601 1.479429 -1.724613 2
3.005601 1.479429 -1.724613 2
3.005601 1.479429 -1.724613 2
0.336311 2.031271 -2.034708 2
1.011859 2.242422 -2.151747 2
1.026619 2.513214 -1.503193 2
1.761958 2.108516 -1.587678 2
6.921274 5.942787 -0.190748 2
0.113204 1.700915 -2.158950 2
1.414928 2.782656 -2.722675 2
2.593371 0.759862 -1.636822 2
-0.085082 4.141094 -2.426831 2
1.568319 2.538957 -1.800152 2
1.568319 2.538957 -1.800152 2
0.859612 0.783908 -2.042698 2
-0.312716 2.955065 -2.314508 2
-0.277824 4.460691 -2.368295 2
-0.277824 4.460691 -2.368295 2
-0.277824 4.460691 -2.368295 2
1.509675 2.600638 -2.179632 2
0.477328 3.503744 -2.018191 2
5.751540 2.645601 -2.031306 2
5.751540 2.645601 -2.031306 2
11.483549 7.784578 -1.262093 2
11.483549 7.784578 -1.262093 2
12.632190 -2.239123 -1.895793 2
13.522998 0.868111 -0.985315 2
13.522998 0.868111 -0.985315 2
13.522998 0.868111 -0.985315 2
13.522998 0.868111 -0.985315 2
18.548819 1.274898 -2.110130 2
18.548819 1.274898 -2.110130 2
18.548819 1.274898 -2.110130 2
18.548819 1.274898 -2.110130 2
16.842157 2.991107 -1.270174 2
15.973155 1.926691 -1.822229 2
15.973155 1.926691 -1.822229 2
15.973155 1.926691 -1.822229 2
15.973155 1.926691 -1.822229 2
16.536264 3.123990 -1.104733 2
16.536264 3.123990 -1.104733 2
16.536264 3.123990 -1.104733 2
16.745235 3.184674 -1.503891 2
16.745235 3.184674 -1.503891 2
16.745235 3.184674 -1.503891 2
16.245733 2.989823 -2.512413 2
16.175056 3.245034 -2.672932 2
15.697079 3.348144 -2.377720 2
15.697079 3.348144 -2.377720 2
15.697079 3.348144 -2.377720 2
15.995804 3.134801 -2.466157 2
16.301094 0.441110 -2.785462 2
15.772488 3.084573 -2.087967 2
15.772488 3.084573 -2.087967 2
15.772488 3.084573 -2.087967 2
16.756838 1.975438 -2.113697 2
16.258688 2.007372 -2.129308 2
16.258688 2.007372 -2.129308 2
16.258688 2.007372 -2.129308 2
16.258688 2.007372 -2.129308 2
17.035103 1.845849 -2.265091 2
16.680323 1.808821 -2.232157 2
16.680323 1.808821 -2.232157 2
16.232458 3.256660 -2.322247 2
17.849276 3.950406 -0.740196 2
17.849276 3.950406 -0.740196 2
15.313177 0.606978 -3.844155 2
15.313177 0.606978 -3.844155 2
16.111206 3.235783 -2.370670 2
16.111206 3.235783 -2.370670 2
16.111206 3.235783 -2.370670 2
16.436699 3.184474 -2.576938 2
16.430336 3.104141 -2.502299 2
16.271439 3.083731 -2.219848 2
16.271439 3.083731 -2.219848 2
16.271439 3.083731 -2.219848 2
17.059517 3.280873 -1.561298 2
16.173996 3.127151 -2.308260 2
16.173996 3.127151 -2.308260 2
16.173996 3.127151 -2.308260 2
16.173996 3.127151 -2.308260 2
16.946259 2.974967 -1.404950 2
16.126270 1.946983 -2.035038 2
16.126270 1.946983 -2.035038 2
16.370649 3.004933 -2.538156 2
16.370649 3.004933 -2.538156 2
16.370649 3.004933 -2.538156 2
16.370649 3.004933 -2.538156 2
16.370649 3.004933 -2.538156 2
17.301414 3.056318 -2.213454 2
17.301414 3.056318 -2.213454 2
17.301414 3.056318 -2.213454 2
17.301414 3.056318 -2.213454 2
16.584949 3.154328 -2.580848 2
16.305471 3.028373 -2.463263 2
16.305471 3.028373 -2.463263 2
16.305471 3.028373 -2.463263 2
16.305471 3.028373 -2.463263 2
16.285299 3.187548 -2.494556 2
15.919289 2.964257 -2.199801 2
15.919289 2.964257 -2.199801 2
18.192614 4.935647 0.085334 2
16.955877 1.850782 -2.181340 2
16.501451 1.860410 -2.221203 2
16.501451 1.860410 -2.221203 2
16.501451 1.860410 -2.221203 2
16.501451 1.860410 -2.221203 2
15.988376 2.967191 -2.332508 2
16.110418 1.100101 -3.150643 2
15.045257 0.270196 -1.037751 2
16.160418 3.161169 -2.380652 2
18.512711 4.623597 -1.326021 2
18.512711 4.623597 -1.326021 2
18.512711 4.623597 -1.326021 2
18.512711 4.623597 -1.326021 2
18.512711 4.623597 -1.326021 2
18.512711 4.623597 -1.326021 2
18.512711 4.623597 -1.326021 2
18.512711 4.623597 -1.326021 2
18.512711 4.623597 -1.326021 2
18.512711 4.623597 -1.326021 2
18.512711 4.623597 -1.326021 2
18.512711 4.623597 -1.326021 2
9.319973 1.848982 -1.541787 2
5.976572 2.924431 -1.548185 2
5.976572 2.924431 -1.548185 2
5.976572 2.924431 -1.548185 2
-2.851101 -6.263113 -2.665278 2
3.237060 3.293341 -1.742875 2
-0.656091 2.561596 -1.213069 2
1.724652 -0.711724 -1.889554 2
2.178588 2.932172 -1.941247 2
2.178588 2.932172 -1.941247 2
2.443831 3.140238 -1.010918 2
1.323229 2.776069 -2.302089 2
1.099660 1.479010 -2.360628 2
1.362974 0.056595 -2.165763 2
1.721582 4.981661 -0.556990 2
1.164233 2.613589 -1.694091 2
0.733284 2.228819 -2.350911 2
1.246895 1.622373 -2.612571 2
2.468182 0.600259 -1.157219 2
1.397990 2.130136 -1.244616 2
3.138475 5.752431 -2.274687 2
1.182076 1.195076 -1.977757 2
1.067599 0.800012 -2.146891 2
-1.717346 5.063259 -2.416427 2
-0.076806 4.209513 -2.113617 2
2.012444 2.643883 -1.644726 2
1.018927 2.011316 -2.089274 2
1.117069 2.862766 -2.443862 2
0.892722 0.623146 -1.743954 2
0.892722 0.623146 -1.743954 2
1.559600 2.489489 -1.596264 2
1.297323 0.628466 -1.739110 2
0.727737 2.663667 -2.549395 2
-0.915492 3.303108 -2.267778 2
1.315989 0.858382 -1.946146 2
1.107257 1.999110 -1.441948 2
0.283558 0.403923 -1.907704 2
1.207697 2.112060 -2.164085 2
1.207697 2.112060 -2.164085 2
0.271503 0.653801 -1.810100 2
0.271503 0.653801 -1.810100 2
2.703969 -0.410246 -0.980198 2
1.281973 0.584892 -1.971483 2
0.556373 0.796903 -1.788365 2
0.556373 0.796903 -1.788365 2
0.963750 0.769941 -1.198140 2
0.983261 2.547730 -1.922817 2
1.602036 0.842773 -1.782853 2
0.012593 2.520240 -2.543582 2
0.052896 0.110407 -1.926874 2
1.694910 0.781110 -1.991508 2
1.373695 1.839870 -1.792305 2
1.656944 0.787040 -1.660493 2
1.002024 2.190897 -1.837152 2
0.669580 0.872210 -1.681352 2
0.706279 0.559939 -1.874894 2
0.786717 2.142336 -1.692600 2
1.812622 0.439521 -1.768213 2
0.517015 1.837009 -1.766023 2
0.625390 3.805895 -2.908029 2
1.177755 0.951083 -1.836306 2
2.247514 3.544919 -1.492532 2
4.111226 3.589659 -0.355639 2
-0.052948 0.272591 -1.937383 2
1.754987 3.127817 -2.373360 2
1.253784 -0.366777 -2.445590 2
1.068481 0.555453 -1.685064 2
1.236728 2.859241 -1.757542 2
1.284976 1.446155 -2.400177 2
0.872777 0.638064 -2.161656 2
0.507487 1.766057 -2.451599 2
-0.505329 4.510890 -2.191783 2
0.805561 2.716984 -1.896287 2
1.176982 0.714136 -1.738491 2
0.436099 2.665432 -2.550966 2
0.179611 0.311193 -1.996503 2
1.632428 4.269115 -1.541737 2
1.480374 2.225391 -1.520135 2
1.670689 1.829698 -2.126996 2
1.283607 2.181076 -2.247283 2
-0.672590 3.504937 -2.309176 2
0.559155 1.187072 -1.742976 2
1.268535 2.043641 -1.420959 2
1.903832 5.116636 -1.886222 2
1.184646 2.289465 -2.145870 2
1.654259 2.233050 -1.671476 2
1.555000 2.514836 -1.264762 2
2.591303 3.316159 -1.340520 2
3.115313 6.439467 -2.544899 2
1.355916 4.600500 -1.677454 2
0.373166 0.742949 -1.676062 2
-1.587068 4.877083 -2.519334 2
0.787050 5.541761 -2.053502 2
0.787050 5.541761 -2.053502 2
0.883839 1.994995 -2.047488 2
0.883839 1.994995 -2.047488 2
-0.521489 3.342754 -2.082036 2
4.336003 1.967375 -1.929429 2
4.336003 1.967375 -1.929429 2
6.517849 3.731988 0.386934 2
6.517849 3.731988 0.386934 2
10.514051 -1.565006 -2.402803 2
11.934312 0.935712 -1.326730 2
11.934312 0.935712 -1.326730 2
11.934312 0.935712 -1.326730 2
18.720352 1.226963 -2.616277 2
18.720352 1.226963 -2.616277 2
15.354118 3.222376 -2.101804 2
15.354118 3.222376 -2.101804 2
15.354118 3.222376 -2.101804 2
15.354118 3.222376 -2.101804 2
16.566788 1.681364 -2.062408 2
16.566788 1.681364 -2.062408 2
16.566788 1.681364 -2.062408 2
16.566788 1.681364 -2.062408 2
16.760601 2.138108 -2.224797 2
16.847704 1.729394 -2.076605 2
16.847704 1.729394 -2.076605 2
16.084528 3.186329 -2.389791 2
16.084528 3.186329 -2.389791 2
16.084528 3.186329 -2.389791 2
16.710911 2.924153 -2.691556 2
16.710911 2.924153 -2.691556 2
16.381714 3.384258 -1.355993 2
16.381714 3.384258 -1.355993 2
16.381714 3.384258 -1.355993 2
16.381714 3.384258 -1.355993 2
17.650213 1.555654 -2.417722 2
16.062752 3.229458 -2.085581 2
16.062752 3.229458 -2.085581 2
16.062752 3.229458 -2.085581 2
16.319592 3.210927 -2.521941 2
15.899032 2.189739 -1.948316 2
18.485090 3.695205 -1.406283 2
18.485090 3.695205 -1.406283 2
18.485090 3.695205 -1.406283 2
18.485090 3.695205 -1.406283 2
18.485090 3.695205 -1.406283 2
18.485090 3.695205 -1.406283 2
18.485090 3.695205 -1.406283 2
18.485090 3.695205 -1.406283 2
18.485090 3.695205 -1.406283 2
18.485090 3.695205 -1.406283 2
18.998596 4.608222 -1.289249 2
18.998596 4.608222 -1.289249 2
18.998596 4.608222 -1.289249 2
18.998596 4.608222 -1.289249 2
18.998596 4.608222 -1.289249 2
18.998596 4.608222 -1.289249 2
18.998596 4.608222 -1.289249 2
18.998596 4.608222 -1.289249 2
18.998596 4.608222 -1.289249 2
18.998596 4.608222 -1.289249 2
18.998596 4.608222 -1.289249 2
18.998596 4.608222 -1.289249 2
18.998596 4.608222 -1.289249 2
18.998596 4.608222 -1.289249 2
18.998596 4.608222 -1.289249 2
18.998596 4.608222 -1.289249 2
18.998596 4.608222 -1.289249 2
18.998596 4.608222 -1.289249 2
18.998596 4.608222 -1.289249 2
18.998596 4.608222 -1.289249 2
18.998596 4.608222 -1.289249 2
18.998596 4.608222 -1.289249 2
18.998596 4.608222 -1.289249 2
18.998596 4.608222 -1.289249 2
18.998596 4.608222 -1.289249 2
18.998596 4.608222 -1.289249 2
18.998596 4.608222 -1.289249 2
18.998596 4.608222 -1.289249 2
18.998596 4.608222 -1.289249 2
18.998596 4.608222 -1.289249 2
18.998596 4.608222 -1.289249 2
18.998596 4.608222 -1.289249 2
18.998596 4.608222 -1.289249 2
18.998596 4.608222 -1.289249 2
18.998596 4.608222 -1.289249 2
18.998596 4.608222 -1.289249 2
18.998596 4.608222 -1.289249 2
18.998596 4.608222 -1.289249 2
18.998596 4.608222 -1.289249 2
18.998596 4.608222 -1.289249 2
18.998596 4.608222 -1.289249 2
18.998596 4.608222 -1.289249 2
18.998596 4.608222 -1.289249 2
17.226404 3.040966 -2.060727 2
17.226404 3.040966 -2.060727 2
17.226404 3.040966 -2.060727 2
17.226404 3.040966 -2.060727 2
17.226404 3.040966 -2.060727 2
16.392223 3.181684 -2.520670 2
16.392223 3.181684 -2.520670 2
16.392223 3.181684 -2.520670 2
15.883110 3.235391 -2.384359 2
16.297176 3.143955 -2.538053 2
15.923304 3.159653 -2.303420 2
15.923304 3.159653 -2.303420 2
15.923304 3.159653 -2.303420 2
15.923304 3.159653 -2.303420 2
7.584025 2.153232 -2.282086 2
7.584025 2.153232 -2.282086 2
7.584025 2.153232 -2.282086 2
7.584025 2.153232 -2.282086 2
7.584025 2.153232 -2.282086 2
7.584025 2.153232 -2.282086 2
2.654288 3.385225 -0.873411 2
1.716843 3.955191 -2.478627 2
1.441953 0.492758 -0.831010 2
1.441953 0.492758 -0.831010 2
1.995306 3.659983 -2.525665 2
0.359496 4.548507 -3.549472 2
1.585986 3.640610 -1.541829 2
3.370689 5.081485 -0.581611 2
5.029218 7.886835 -2.145751 2
1.782455 2.531502 -2.100369 2
1.549704 1.662113 -2.243561 2
0.608986 4.299299 -2.404047 2
0.346165 3.704469 -1.820334 2
1.667968 2.717028 -2.176346 2
1.237292 4.360500 -1.917669 2
0.970873 0.591702 -2.183884 2
0.019060 3.057883 -2.073484 2
0.170005 3.981473 -2.141674 2
0.170005 3.981473 -2.141674 2
1.619453 2.164957 -2.025548 2
0.025639 1.629265 -1.486825 2
0.068748 4.077347 -1.780206 2
1.627450 0.667169 -1.882048 2
2.349900 2.712271 -1.915268 2
2.349900 2.712271 -1.915268 2
2.025578 3.298485 -1.174540 2
2.025578 3.298485 -1.174540 2
1.894990 2.434325 -2.212743 2
-0.659676 3.784054 -2.064168 2
1.225048 2.624782 -1.808138 2
1.700840 4.643035 -1.684800 2
1.700840 4.643035 -1.684800 2
-0.042737 4.361495 -2.100129 2
-0.042737 4.361495 -2.100129 2
2.915301 4.953014 -1.723960 2
2.915301 4.953014 -1.723960 2
1.705402 3.613184 -0.960524 2
1.705402 3.613184 -0.960524 2
1.084916 0.781569 -2.086047 2
1.084916 0.781569 -2.086047 2
-0.171119 4.469441 -2.235172 2
0.670494 2.828995 -2.174757 2
0.670494 2.828995 -2.174757 2
-0.710672 3.794120 -2.052399 2
-0.710672 3.794120 -2.052399 2
1.190577 4.255033 -1.354816 2
1.190577 4.255033 -1.354816 2
1.474745 1.884534 -2.160124 2
-0.552432 3.487172 -2.230785 2
-0.552432 3.487172 -2.230785 2
3.555627 4.749343 -1.842901 2
3.555627 4.749343 -1.842901 2
3.555627 4.749343 -1.842901 2
3.555627 4.749343 -1.842901 2
11.806992 1.985789 -1.903299 2
11.806992 1.985789 -1.903299 2
11.806992 1.985789 -1.903299 2
11.806992 1.985789 -1.903299 2
11.806992 1.985789 -1.903299 2
23.723782 0.064196 -2.608755 2
23.723782 0.064196 -2.608755 2
20.674179 0.943264 -4.240730 2
20.674179 0.943264 -4.240730 2
20.674179 0.943264 -4.240730 2
20.674179 0.943264 -4.240730 2
20.674179 0.943264 -4.240730 2
24.348648 -1.549850 -5.122532 2
24.348648 -1.549850 -5.122532 2
24.348648 -1.549850 -5.122532 2
24.348648 -1.549850 -5.122532 2
24.348648 -1.549850 -5.122532 2
24.348648 -1.549850 -5.122532 2
24.348648 -1.549850 -5.122532 2
24.348648 -1.549850 -5.122532 2
24.348648 -1.549850 -5.122532 2
24.348648 -1.549850 -5.122532 2
24.348648 -1.549850 -5.122532 2
24.348648 -1.549850 -5.122532 2
25.464041 3.663841 -1.739121 2
25.464041 3.663841 -1.739121 2
25.464041 3.663841 -1.739121 2
25.464041 3.663841 -1.739121 2
25.464041 3.663841 -1.739121 2
25.890591 3.971105 -1.247014 2
25.890591 3.971105 -1.247014 2
25.890591 3.971105 -1.247014 2
25.890591 3.971105 -1.247014 2
25.890591 3.971105 -1.247014 2
25.890591 3.971105 -1.247014 2
26.125338 4.649158 -0.859509 2
26.125338 4.649158 -0.859509 2
26.125338 4.649158 -0.859509 2
26.125338 4.649158 -0.859509 2
26.125338 4.649158 -0.859509 2
26.125338 4.649158 -0.859509 2
26.125338 4.649158 -0.859509 2
26.125338 4.649158 -0.859509 2
26.125338 4.649158 -0.859509 2
26.125338 4.649158 -0.859509 2
26.392925 4.142316 -0.984740 2
26.392925 4.142316 -0.984740 2
26.392925 4.142316 -0.984740 2
26.392925 4.142316 -0.984740 2
22.818569 0.141766 -4.283229 2
22.818569 0.141766 -4.283229 2
22.818569 0.141766 -4.283229 2
22.818569 0.141766 -4.283229 2
22.818569 0.141766 -4.283229 2
22.818569 0.141766 -4.283229 2
22.818569 0.141766 -4.283229 2
22.818569 0.141766 -4.283229 2
22.818569 0.141766 -4.283229 2
22.818569 0.141766 -4.283229 2
22.818569 0.141766 -4.283229 2
22.818569 0.141766 -4.283229 2
22.585049 1.023719 -4.048000 2
22.585049 1.023719 -4.048000 2
22.400249 1.135318 -4.715330 2
22.648911 0.471027 -4.078214 2
22.648911 0.471027 -4.078214 2
26.163883 4.259742 -0.633013 2
26.163883 4.259742 -0.633013 2
26.163883 4.259742 -0.633013 2
26.163883 4.259742 -0.633013 2
25.788086 3.973935 -1.115151 2
25.406382 4.507058 -1.693478 2
25.406382 4.507058 -1.693478 2
23.220119 -0.340940 -4.793648 2
23.220119 -0.340940 -4.793648 2
25.816002 -0.966063 -4.198380 2
25.816002 -0.966063 -4.198380 2
25.816002 -0.966063 -4.198380 2
23.486515 -0.811269 -4.664270 2
23.486515 -0.811269 -4.664270 2
23.486515 -0.811269 -4.664270 2
23.486515 -0.811269 -4.664270 2
23.943275 -0.446260 -4.645738 2
23.943275 -0.446260 -4.645738 2
22.701323 0.061512 -4.579624 2
24.058676 -0.755302 -4.670882 2
24.058676 -0.755302 -4.670882 2
22.017406 -0.047136 -4.266094 2
22.017406 -0.047136 -4.266094 2
24.242987 -1.483912 -5.028868 2
24.242987 -1.483912 -5.028868 2
24.242987 -1.483912 -5.028868 2
24.242987 -1.483912 -5.028868 2
24.242987 -1.483912 -5.028868 2
24.242575 -1.476933 -5.028999 2
24.242575 -1.476933 -5.028999 2
24.242575 -1.476933 -5.028999 2
24.242575 -1.476933 -5.028999 2
24.242575 -1.476933 -5.028999 2
17.977871 4.699546 -1.342188 2
17.977871 4.699546 -1.342188 2
17.977871 4.699546 -1.342188 2
17.977871 4.699546 -1.342188 2
9.678949 4.027129 -0.079531 2
9.678949 4.027129 -0.079531 2
9.678949 4.027129 -0.079531 2
3.763292 1.951055 -3.146396 2
3.763292 1.951055 -3.146396 2
4.656525 0.734785 -1.850393 2
4.656525 0.734785 -1.850393 2
2.262637 -0.675228 -2.448821 2
2.262637 -0.675228 -2.448821 2
2.262637 -0.675228 -2.448821 2
2.138827 4.242958 -1.220230 2
2.138827 4.242958 -1.220230 2
0.823358 1.870573 -2.929954 2
0.823358 1.870573 -2.929954 2
3.146314 3.768891 -1.521763 2
3.146314 3.768891 -1.521763 2
2.830415 2.562296 -2.461780 2
1.279452 1.798754 -2.763567 2
1.279452 1.798754 -2.763567 2
1.274128 1.759094 -1.492751 2
1.274128 1.759094 -1.492751 2
1.365770 3.717990 -1.940814 2
1.365770 3.717990 -1.940814 2
1.079039 1.787281 -2.052333 2
1.912853 2.621798 -1.819647 2
1.912853 2.621798 -1.819647 2
5.118659 7.799214 -2.701982 2
5.118659 7.799214 -2.701982 2
1.052370 0.615084 -2.145646 2
1.052370 0.615084 -2.145646 2
-0.326040 3.115187 -2.338052 2
-0.343298 4.637033 -2.131749 2
-0.343298 4.637033 -2.131749 2
1.579290 2.286259 -2.102572 2
1.579290 2.286259 -2.102572 2
0.944439 2.428371 -1.541602 2
0.944439 2.428371 -1.541602 2
1.619145 2.432117 -1.350068 2
0.550796 3.065829 -2.538706 2
0.550796 3.065829 -2.538706 2
1.858102 3.895654 -2.010201 2
1.858102 3.895654 -2.010201 2
2.763484 4.643548 -1.522398 2
2.763484 4.643548 -1.522398 2
1.187130 2.301441 -2.052663 2
-0.180275 1.916144 -1.114498 2
-0.180275 1.916144 -1.114498 2
2.872493 3.432153 -1.163626 2
2.872493 3.432153 -1.163626 2
0.501248 0.197674 -1.993997 2
0.501248 0.197674 -1.993997 2
-0.227457 3.077702 -2.203689 2
1.122322 4.869489 -1.842979 2
1.122322 4.869489 -1.842979 2
1.326013 2.436634 -1.754865 2
1.326013 2.436634 -1.754865 2
3.504670 3.170640 -1.813312 2
3.504670 3.170640 -1.813312 2
3.504670 3.170640 -1.813312 2
1.376437 0.265192 -2.397317 2
1.376437 0.265192 -2.397317 2
2.152826 2.582895 -1.723141 2
2.152826 2.582895 -1.723141 2
1.339662 3.942002 -1.611448 2
1.339662 3.942002 -1.611448 2
0.382774 1.552728 -2.227762 2
2.243575 3.035027 -2.027684 2
2.243575 3.035027 -2.027684 2
3.733457 6.361266 -2.398365 2
3.733457 6.361266 -2.398365 2
1.116969 0.483903 -2.432772 2
1.116969 0.483903 -2.432772 2
-2.621490 5.760560 -2.329949 2
1.842999 2.349799 -1.620762 2
1.842999 2.349799 -1.620762 2
1.660358 2.340144 -2.367315 2
1.660358 2.340144 -2.367315 2
1.288389 3.884679 -1.541863 2
1.288389 3.884679 -1.541863 2
1.863119 2.525692 -1.463907 2
1.458582 2.283245 -2.053923 2
1.458582 2.283245 -2.053923 2
1.471350 3.765994 -1.850486 2
1.471350 3.765994 -1.850486 2
1.168028 1.430191 -1.547821 2
1.168028 1.430191 -1.547821 2
0.292762 3.819551 -2.951686 2
2.024556 3.694364 -1.568317 2
2.024556 3.694364 -1.568317 2
2.054815 5.912533 -2.574425 2
2.054815 5.912533 -2.574425 2
0.569065 0.497757 -2.158855 2
0.569065 0.497757 -2.158855 2
-1.355528 4.813823 -2.565413 2
2.361595 4.761533 -1.822900 2
2.361595 4.761533 -1.822900 2
2.361595 4.761533 -1.822900 2
2.361595 4.761533 -1.822900 2
17.528696 0.917731 -0.497691 2
17.528696 0.917731 -0.497691 2
24.463520 13.025724 0.342820 2
22.734108 0.392580 -2.883007 2
22.734108 0.392580 -2.883007 2
23.864058 0.876464 -2.112031 2
23.864058 0.876464 -2.112031 2
23.864058 0.876464 -2.112031 2
23.864058 0.876464 -2.112031 2
23.864058 0.876464 -2.112031 2
23.864058 0.876464 -2.112031 2
23.864058 0.876464 -2.112031 2
23.889322 -0.734157 -5.266727 2
23.889322 -0.734157 -5.266727 2
23.889322 -0.734157 -5.266727 2
23.889322 -0.734157 -5.266727 2
23.889322 -0.734157 -5.266727 2
23.889322 -0.734157 -5.266727 2
23.889322 -0.734157 -5.266727 2
23.889322 -0.734157 -5.266727 2
23.889322 -0.734157 -5.266727 2
23.889322 -0.734157 -5.266727 2
23.889322 -0.734157 -5.266727 2
23.889322 -0.734157 -5.266727 2
23.889322 -0.734157 -5.266727 2
23.889322 -0.734157 -5.266727 2
23.889322 -0.734157 -5.266727 2
23.889322 -0.734157 -5.266727 2
23.889322 -0.734157 -5.266727 2
23.889322 -0.734157 -5.266727 2
23.889322 -0.734157 -5.266727 2
23.889322 -0.734157 -5.266727 2
23.889322 -0.734157 -5.266727 2
23.889322 -0.734157 -5.266727 2
23.889322 -0.734157 -5.266727 2
23.889322 -0.734157 -5.266727 2
23.889322 -0.734157 -5.266727 2
23.889322 -0.734157 -5.266727 2
23.889322 -0.734157 -5.266727 2
23.889322 -0.734157 -5.266727 2
23.889322 -0.734157 -5.266727 2
23.889322 -0.734157 -5.266727 2
23.889322 -0.734157 -5.266727 2
23.889322 -0.734157 -5.266727 2
23.889322 -0.734157 -5.266727 2
23.889322 -0.734157 -5.266727 2
23.889322 -0.734157 -5.266727 2
23.889322 -0.734157 -5.266727 2
23.889322 -0.734157 -5.266727 2
23.889322 -0.734157 -5.266727 2
23.889322 -0.734157 -5.266727 2
23.889322 -0.734157 -5.266727 2
23.889322 -0.734157 -5.266727 2
23.889322 -0.734157 -5.266727 2
23.889322 -0.734157 -5.266727 2
23.889322 -0.734157 -5.266727 2
23.889322 -0.734157 -5.266727 2
23.889322 -0.734157 -5.266727 2
23.889322 -0.734157 -5.266727 2
23.889322 -0.734157 -5.266727 2
23.889322 -0.734157 -5.266727 2
23.889322 -0.734157 -5.266727 2
23.889322 -0.734157 -5.266727 2
23.889322 -0.734157 -5.266727 2
23.889322 -0.734157 -5.266727 2
23.889322 -0.734157 -5.266727 2
22.817509 0.362692 -3.981785 2
22.585983 0.528787 -3.947816 2
22.585983 0.528787 -3.947816 2
22.585983 0.528787 -3.947816 2
22.284216 0.723832 -3.994446 2
22.284216 0.723832 -3.994446 2
22.284216 0.723832 -3.994446 2
22.284216 0.723832 -3.994446 2
22.758102 0.831569 -4.427709 2
22.197857 0.961892 -3.604667 2
22.197857 0.961892 -3.604667 2
22.197857 0.961892 -3.604667 2
22.197857 0.961892 -3.604667 2
22.303438 0.603640 -3.978509 2
22.303438 0.603640 -3.978509 2
26.199360 3.835368 -1.270236 2
26.199360 3.835368 -1.270236 2
26.199360 3.835368 -1.270236 2
26.199360 3.835368 -1.270236 2
26.199360 3.835368 -1.270236 2
26.199360 3.835368 -1.270236 2
26.199360 3.835368 -1.270236 2
21.606215 1.277886 -3.736806 2
21.606215 1.277886 -3.736806 2
21.606215 1.277886 -3.736806 2
22.772711 0.922931 -4.047333 2
22.772711 0.922931 -4.047333 2
21.789650 1.697040 -3.921104 2
21.789650 1.697040 -3.921104 2
21.789650 1.697040 -3.921104 2
21.789650 1.697040 -3.921104 2
21.789650 1.697040 -3.921104 2
17.188530 3.772241 -2.262013 2
17.188530 3.772241 -2.262013 2
12.701369 2.530640 -1.924972 2
12.701369 2.530640 -1.924972 2
10.614223 1.866812 -1.204095 2
10.614223 1.866812 -1.204095 2
10.614223 1.866812 -1.204095 2
1.403679 3.943707 -4.323958 2
1.403679 3.943707 -4.323958 2
2.018264 2.034878 -2.854005 2
2.018264 2.034878 -2.854005 2
2.018264 2.034878 -2.854005 2
-1.174741 4.629405 -1.792716 2
-1.174741 4.629405 -1.792716 2
0.718325 1.730259 -1.302881 2
0.664470 0.079774 -1.409050 2
0.679417 1.419119 -2.869483 2
1.512316 2.136493 -3.540310 2
-0.341519 1.176696 -1.852372 2
1.690081 3.074562 -1.166053 2
3.949307 2.775027 -1.005608 2
1.762414 2.164985 -1.805794 2
1.762414 2.164985 -1.805794 2
2.260948 -1.734467 -2.450758 2
-0.160732 2.872456 -2.120310 2
2.043434 2.097443 -2.040811 2
1.205848 2.856895 -1.674030 2
1.508636 2.469528 -2.227133 2
0.445295 1.613693 -1.778097 2
0.445295 1.613693 -1.778097 2
1.509814 2.526262 -1.726262 2
1.436276 2.609344 -1.863748 2
1.436276 2.609344 -1.863748 2
1.436276 2.609344 -1.863748 2
-0.545064 2.997886 -2.352890 2
1.355759 1.830001 -1.715176 2
1.400529 2.629864 -1.721936 2
0.967360 1.611423 -2.252895 2
1.772676 2.873275 -2.287905 2
2.100257 2.724010 -1.868545 2
2.130355 2.936752 -1.665187 2
2.130355 2.936752 -1.665187 2
1.903764 2.462364 -2.434414 2
1.903764 2.462364 -2.434414 2
-0.352482 3.066923 -2.487710 2
0.419678 3.842738 -1.972888 2
1.062812 2.727341 -2.068891 2
1.805025 2.726912 -1.897715 2
1.805025 2.726912 -1.897715 2
1.372060 2.409677 -2.179774 2
1.371995 3.331789 -1.787259 2
1.175373 2.417617 -1.974934 2
1.671170 2.856384 -1.764674 2
1.204592 2.145923 -2.066340 2
0.798025 3.213590 -2.156419 2
0.798025 3.213590 -2.156419 2
1.254885 2.409756 -1.746359 2
1.254885 2.409756 -1.746359 2
0.629929 1.619859 -2.191631 2
2.051799 2.855408 -2.438393 2
1.624393 2.506204 -1.872002 2
1.943187 2.684856 -1.426150 2
1.943187 2.684856 -1.426150 2
1.845325 3.259438 -1.324207 2
0.872733 0.504017 -2.067766 2
-1.617312 4.046347 -2.304102 2
0.506326 3.161305 -2.086844 2
1.837609 2.241927 -1.701225 2
1.588729 2.594115 -1.563387 2
1.588729 2.594115 -1.563387 2
0.913200 1.384616 -1.722795 2
0.331479 3.625053 -2.239038 2
0.331479 3.625053 -2.239038 2
2.592741 3.473108 -1.757668 2
1.528695 2.198291 -2.380816 2
0.427749 2.008554 -1.642875 2
0.427749 2.008554 -1.642875 2
1.808054 2.413474 -1.576289 2
1.339619 2.722143 -1.613004 2
0.610709 0.989030 -2.752806 2
1.544538 2.553419 -1.777634 2
1.848131 2.670414 -2.132721 2
2.536167 3.525694 -1.770002 2
2.536167 3.525694 -1.770002 2
1.351041 2.856007 -1.946833 2
1.351041 2.856007 -1.946833 2
1.907458 2.043525 -1.752796 2
1.950977 2.842119 -1.695465 2
1.950977 2.842119 -1.695465 2
0.823378 3.869279 -1.853303 2
0.698343 0.587062 -2.179769 2
-0.371904 2.964334 -2.335728 2
-0.371904 2.964334 -2.335728 2
1.204998 2.735054 -2.084258 2
1.503800 1.437355 -2.130424 2
0.231048 2.810826 -2.857217 2
1.287109 1.608753 -1.499701 2
1.287109 1.608753 -1.499701 2
1.884298 3.188794 -1.801145 2
1.884298 3.188794 -1.801145 2
6.880100 3.042709 -0.094878 2
15.614721 -0.866301 -2.424000 2
16.493143 2.325506 -1.077178 2
16.493143 2.325506 -1.077178 2
16.493143 2.325506 -1.077178 2
16.493143 2.325506 -1.077178 2
16.493143 2.325506 -1.077178 2
16.493143 2.325506 -1.077178 2
16.493143 2.325506 -1.077178 2
16.493143 2.325506 -1.077178 2
16.493143 2.325506 -1.077178 2
16.493143 2.325506 -1.077178 2
16.493143 2.325506 -1.077178 2
16.493143 2.325506 -1.077178 2
16.493143 2.325506 -1.077178 2
16.493143 2.325506 -1.077178 2
16.493143 2.325506 -1.077178 2
16.493143 2.325506 -1.077178 2
16.493143 2.325506 -1.077178 2
16.493143 2.325506 -1.077178 2
16.493143 2.325506 -1.077178 2
16.493143 2.325506 -1.077178 2
16.493143 2.325506 -1.077178 2
16.493143 2.325506 -1.077178 2
16.493143 2.325506 -1.077178 2
16.493143 2.325506 -1.077178 2
16.493143 2.325506 -1.077178 2
16.493143 2.325506 -1.077178 2
16.493143 2.325506 -1.077178 2
16.493143 2.325506 -1.077178 2
16.493143 2.325506 -1.077178 2
16.493143 2.325506 -1.077178 2
16.493143 2.325506 -1.077178 2
16.493143 2.325506 -1.077178 2
16.493143 2.325506 -1.077178 2
16.493143 2.325506 -1.077178 2
16.493143 2.325506 -1.077178 2
16.493143 2.325506 -1.077178 2
16.493143 2.325506 -1.077178 2
16.493143 2.325506 -1.077178 2
16.493143 2.325506 -1.077178 2
16.493143 2.325506 -1.077178 2
16.493143 2.325506 -1.077178 2
16.493143 2.325506 -1.077178 2
16.493143 2.325506 -1.077178 2
16.493143 2.325506 -1.077178 2
16.493143 2.325506 -1.077178 2
16.493143 2.325506 -1.077178 2
16.493143 2.325506 -1.077178 2
16.493143 2.325506 -1.077178 2
16.493143 2.325506 -1.077178 2
16.493143 2.325506 -1.077178 2
16.493143 2.325506 -1.077178 2
16.493143 2.325506 -1.077178 2
16.493143 2.325506 -1.077178 2
16.493143 2.325506 -1.077178 2
16.493143 2.325506 -1.077178 2
16.493143 2.325506 -1.077178 2
16.493143 2.325506 -1.077178 2
16.493143 2.325506 -1.077178 2
16.493143 2.325506 -1.077178 2
16.493143 2.325506 -1.077178 2
16.493143 2.325506 -1.077178 2
16.493143 2.325506 -1.077178 2
16.493143 2.325506 -1.077178 2
16.493143 2.325506 -1.077178 2
16.493143 2.325506 -1.077178 2
16.493143 2.325506 -1.077178 2
32.754772 4.866325 -1.431102 2
32.754772 4.866325 -1.431102 2
32.754772 4.866325 -1.431102 2
33.685471 5.044878 -1.301687 2
32.972282 5.595469 -1.274066 2
32.972282 5.595469 -1.274066 2
32.972282 5.595469 -1.274066 2
32.972282 5.595469 -1.274066 2
32.015285 3.473189 -2.507844 2
32.015285 3.473189 -2.507844 2
32.015285 3.473189 -2.507844 2
32.015285 3.473189 -2.507844 2
32.015285 3.473189 -2.507844 2
32.015285 3.473189 -2.507844 2
33.837238 5.068461 -0.624259 2
33.837238 5.068461 -0.624259 2
33.837238 5.068461 -0.624259 2
33.837238 5.068461 -0.624259 2
33.837238 5.068461 -0.624259 2
33.009197 0.925359 -2.859079 2
33.322060 5.237644 -1.003344 2
33.322060 5.237644 -1.003344 2
33.322060 5.237644 -1.003344 2
33.322060 5.237644 -1.003344 2
29.445908 0.436870 -2.388064 2
30.077713 1.646085 -2.775337 2
30.077713 1.646085 -2.775337 2
30.077713 1.646085 -2.775337 2
30.077713 1.646085 -2.775337 2
30.077713 1.646085 -2.775337 2
30.077713 1.646085 -2.775337 2
30.077713 1.646085 -2.775337 2
24.926651 0.436290 -4.267336 2
24.926651 0.436290 -4.267336 2
20.652754 2.048921 -1.928508 2
20.652754 2.048921 -1.928508 2
20.652754 2.048921 -1.928508 2
13.753193 3.281268 -1.116656 2
9.239923 3.084003 -1.546422 2
9.239923 3.084003 -1.546422 2
7.666811 2.151776 -0.924116 2
4.697216 0.129851 -0.067417 2
4.697216 0.129851 -0.067417 2
-0.005840 4.684716 -2.001831 2
-0.005840 4.684716 -2.001831 2
2.448534 1.535933 -2.115798 2
2.176603 3.518578 -1.528924 2
0.701774 3.827090 -1.339506 2
1.262663 2.521856 -2.551429 2
2.153520 3.366282 -4.402906 2
2.469884 3.502764 -2.041435 2
1.574981 3.560216 -0.905784 2
1.082161 5.524947 -1.394101 2
1.988433 1.780759 -3.134667 2
-0.041139 0.212186 -3.204958 2
0.927586 2.214320 -1.958479 2
0.681020 3.829422 -1.105768 2
1.573163 1.580758 -2.211523 2
1.687656 2.208542 -2.955311 2
1.349654 2.810319 -2.733334 2
0.828890 2.219823 -1.547127 2
1.592741 2.862991 -1.636425 2
1.581739 1.726383 -1.925992 2
0.783323 0.991883 -2.516227 2
1.084126 2.254935 -2.371418 2
0.271948 2.697336 -1.762214 2
1.432038 1.990010 -1.878894 2
1.397900 1.932941 -1.835253 2
0.825119 2.834354 -2.090443 2
1.189718 2.545380 -2.282992 2
1.753993 2.399069 -1.793757 2
1.594648 1.919222 -1.431234 2
2.634519 3.488614 -1.835776 2
2.140381 5.487256 -2.643584 2
1.073352 1.679563 -2.419340 2
1.811311 2.801728 -2.180468 2
1.977998 1.628937 -1.943133 2
1.899727 3.402229 -1.906955 2
-0.034305 3.773250 -2.203921 2
2.038657 2.020952 -2.527015 2
0.513485 0.644981 -2.156177 2
0.596974 2.115263 -2.215738 2
0.714214 3.380304 -2.267668 2
1.196237 3.136518 -2.136984 2
1.973502 1.926702 -2.222043 2
0.976000 2.029158 -2.201904 2
1.028896 1.606066 -1.721024 2
1.028896 1.606066 -1.721024 2
1.114687 2.217241 -2.077179 2
2.366182 2.504966 -2.232613 2
1.451241 2.732425 -1.936756 2
0.943153 1.241399 -2.274168 2
1.429903 1.971759 -1.800547 2
1.204411 1.776332 -1.894820 2
2.583741 2.793684 -2.398247 2
0.960656 2.457586 -2.276947 2
0.841477 3.820688 -0.840996 2
1.815297 2.373498 -1.785195 2
2.078996 3.382278 -1.937103 2
2.078996 3.382278 -1.937103 2
1.931300 3.811978 -2.255916 2
2.092118 2.547435 -2.338630 2
2.245292 1.888695 -2.300524 2
1.790898 3.545394 -1.761223 2
0.301062 7.208665 -1.715657 2
1.656762 2.751147 -1.479062 2
0.967201 -0.178594 -2.623098 2
1.060886 1.545156 -2.048451 2
1.865281 3.600886 -1.895781 2
1.865281 3.600886 -1.895781 2
1.639526 2.650899 -1.615885 2
1.596377 2.205075 -2.427708 2
0.802809 1.032754 -1.847981 2
0.802809 1.032754 -1.847981 2
1.296489 2.409652 -1.687491 2
1.296489 2.409652 -1.687491 2
1.482233 2.295935 -2.375771 2
0.829266 1.199756 -2.239779 2
0.515096 3.689775 -1.572674 2
1.790703 2.163568 -1.729209 2
1.200326 2.859635 -1.770738 2
1.210794 2.188779 -2.532472 2
1.399582 2.556721 -1.727580 2
1.317766 2.467659 -1.762584 2
2.527575 3.834594 -1.799422 2
1.989022 5.570520 -2.472335 2
1.112914 2.313606 -2.206014 2
1.913391 2.016250 -1.807227 2
0.393589 3.372579 -0.980197 2
3.105428 3.443844 -2.122091 2
3.105428 3.443844 -2.122091 2
9.145998 1.521104 -0.548861 2
9.145998 1.521104 -0.548861 2
9.145998 1.521104 -0.548861 2
16.571470 3.351987 -0.616250 2
16.571470 3.351987 -0.616250 2
20.437954 3.237523 -1.931890 2
27.152840 -0.208453 -3.694436 2
27.152840 -0.208453 -3.694436 2
27.152840 -0.208453 -3.694436 2
27.152840 -0.208453 -3.694436 2
27.152840 -0.208453 -3.694436 2
27.152840 -0.208453 -3.694436 2
27.152840 -0.208453 -3.694436 2
27.152840 -0.208453 -3.694436 2
27.152840 -0.208453 -3.694436 2
27.152840 -0.208453 -3.694436 2
27.152840 -0.208453 -3.694436 2
27.152840 -0.208453 -3.694436 2
27.152840 -0.208453 -3.694436 2
27.152840 -0.208453 -3.694436 2
27.152840 -0.208453 -3.694436 2
27.152840 -0.208453 -3.694436 2
27.152840 -0.208453 -3.694436 2
27.152840 -0.208453 -3.694436 2
27.152840 -0.208453 -3.694436 2
27.152840 -0.208453 -3.694436 2
27.152840 -0.208453 -3.694436 2
27.152840 -0.208453 -3.694436 2
27.152840 -0.208453 -3.694436 2
27.152840 -0.208453 -3.694436 2
27.152840 -0.208453 -3.694436 2
27.152840 -0.208453 -3.694436 2
27.152840 -0.208453 -3.694436 2
27.152840 -0.208453 -3.694436 2
27.152840 -0.208453 -3.694436 2
27.152840 -0.208453 -3.694436 2
27.152840 -0.208453 -3.694436 2
27.152840 -0.208453 -3.694436 2
27.152840 -0.208453 -3.694436 2
27.152840 -0.208453 -3.694436 2
27.152840 -0.208453 -3.694436 2
27.152840 -0.208453 -3.694436 2
27.152840 -0.208453 -3.694436 2
27.152840 -0.208453 -3.694436 2
27.152840 -0.208453 -3.694436 2
27.152840 -0.208453 -3.694436 2
27.152840 -0.208453 -3.694436 2
27.152840 -0.208453 -3.694436 2
27.152840 -0.208453 -3.694436 2
27.152840 -0.208453 -3.694436 2
27.152840 -0.208453 -3.694436 2
27.152840 -0.208453 -3.694436 2
27.152840 -0.208453 -3.694436 2
27.152840 -0.208453 -3.694436 2
27.152840 -0.208453 -3.694436 2
27.152840 -0.208453 -3.694436 2
27.152840 -0.208453 -3.694436 2
27.152840 -0.208453 -3.694436 2
27.152840 -0.208453 -3.694436 2
27.152840 -0.208453 -3.694436 2
27.152840 -0.208453 -3.694436 2
27.152840 -0.208453 -3.694436 2
33.637344 4.989360 -0.679777 2
33.637344 4.989360 -0.679777 2
33.637344 4.989360 -0.679777 2
33.637344 4.989360 -0.679777 2
33.637344 4.989360 -0.679777 2
33.637344 4.989360 -0.679777 2
33.637344 4.989360 -0.679777 2
33.637344 4.989360 -0.679777 2
33.637344 4.989360 -0.679777 2
33.637344 4.989360 -0.679777 2
33.637344 4.989360 -0.679777 2
33.637344 4.989360 -0.679777 2
33.637344 4.989360 -0.679777 2
33.637344 4.989360 -0.679777 2
33.637344 4.989360 -0.679777 2
33.637344 4.989360 -0.679777 2
33.637344 4.989360 -0.679777 2
33.637344 4.989360 -0.679777 2
33.637344 4.989360 -0.679777 2
33.637344 4.989360 -0.679777 2
33.637344 4.989360 -0.679777 2
32.603775 5.060630 -1.756635 2
32.603775 5.060630 -1.756635 2
32.603775 5.060630 -1.756635 2
32.603775 5.060630 -1.756635 2
33.184689 4.447291 -1.491249 2
33.184689 4.447291 -1.491249 2
33.184689 4.447291 -1.491249 2
33.184689 4.447291 -1.491249 2
33.184689 4.447291 -1.491249 2
32.896946 4.275942 -1.769124 2
32.896946 4.275942 -1.769124 2
32.896946 4.275942 -1.769124 2
32.896946 4.275942 -1.769124 2
32.896946 4.275942 -1.769124 2
33.725861 4.671874 -1.336251 2
33.725861 4.671874 -1.336251 2
23.705120 1.264997 -1.664820 2
23.705120 1.264997 -1.664820 2
23.705120 1.264997 -1.664820 2
17.716551 2.024129 -1.749415 2
17.716551 2.024129 -1.749415 2
17.716551 2.024129 -1.749415 2
17.716551 2.024129 -1.749415 2
10.190269 10.797323 -0.256349 2
10.190269 10.797323 -0.256349 2
5.019476 2.343198 -3.961828 2
5.019476 2.343198 -3.961828 2
5.019476 2.343198 -3.961828 2
0.382917 2.819228 -2.191266 2
1.354295 2.716425 -2.389346 2
1.354295 2.716425 -2.389346 2
3.363683 2.127029 -1.563055 2
3.363683 2.127029 -1.563055 2
2.567695 1.922328 -2.338735 2
2.163983 -0.673658 -2.848150 2
0.890340 1.049208 -2.390221 2
2.225235 4.767202 -0.889924 2
1.076704 1.875347 -1.172644 2
2.315612 1.524836 -2.750119 2
0.521651 2.312079 -2.503771 2
0.970428 2.796616 -1.494710 2
1.650575 2.961468 -1.625781 2
0.950295 1.296052 -1.745955 2
2.064459 1.693275 -2.668232 2
-0.315139 0.948084 -2.282518 2
1.343073 1.945886 -2.122795 2
1.520450 1.715141 -1.927546 2
1.093008 1.387677 -1.643132 2
1.077258 3.224349 -1.977373 2
0.872894 3.254133 -2.310168 2
0.592421 4.021583 -3.467527 2
1.852808 2.451209 -1.679419 2
2.025960 3.273770 -1.871462 2
3.859602 6.774505 -2.487050 2
1.213070 2.803077 -2.096222 2
2.125105 2.364810 -2.080564 2
0.524368 2.836090 -1.001617 2
2.061688 3.257256 -1.778681 2
1.392427 3.023526 -2.016026 2
1.491073 2.859264 -1.624748 2
0.870294 0.654114 -2.424687 2
0.967412 0.561402 -2.040973 2
0.440661 3.794553 -1.575654 2
1.487295 2.702607 -1.701112 2
1.487295 2.702607 -1.701112 2
1.467749 2.375219 -2.575252 2
1.080819 1.523743 -1.635846 2
2.104538 2.638420 -1.493746 2
1.613371 2.124187 -1.655033 2
1.177363 2.773754 -1.602159 2
1.493565 2.395803 -2.418701 2
1.493565 2.395803 -2.418701 2
-0.682718 3.096042 -2.302883 2
1.372702 1.626470 -1.647570 2
1.247385 3.053370 -1.371445 2
1.092879 2.147411 -2.369251 2
1.718556 2.491687 -1.748431 2
1.512671 2.575448 -1.659176 2
2.633471 2.912469 -1.772894 2
2.716036 2.423693 -1.279999 2
1.224683 2.857489 -2.086232 2
1.864735 2.529648 -1.650795 2
1.483091 1.328573 -1.253212 2
2.416372 3.406965 -1.625692 2
2.416372 3.406965 -1.625692 2
1.418180 3.272941 -1.914114 2
0.637874 0.562973 -2.139754 2
0.753726 1.818390 -2.138442 2
0.746314 3.415103 -2.263458 2
0.743254 2.124098 -2.161366 2
1.289389 3.130515 -1.658294 2
0.190546 2.802053 -2.793756 2
1.136632 1.586645 -1.548941 2
1.593574 2.836587 -2.376524 2
1.290144 2.206446 -1.974918 2
3.212025 3.656276 -1.646104 2
1.371686 2.295851 -1.868960 2
0.800190 2.511907 -2.065527 2
1.799039 2.489812 -1.660370 2
0.923514 1.583752 -1.681428 2
1.889896 3.189904 -1.650193 2
0.864109 2.461252 -2.144514 2
1.871096 2.310388 -1.888669 2
1.662254 2.593582 -2.184651 2
1.774660 2.500545 -1.316327 2
3.146795 2.202284 -0.992649 2
