0.842659 2.964536 -1.559632 2
0.790108 0.239681 -3.716000 2
0.790108 0.239681 -3.716000 2
-0.126107 1.659573 -3.563141 2
1.124174 0.831453 -3.304260 2
1.124174 0.831453 -3.304260 2
0.962416 0.491044 -3.053381 2
0.962416 0.491044 -3.053381 2
1.425431 0.818812 -2.686959 2
1.425431 0.818812 -2.686959 2
1.425431 0.818812 -2.686959 2
1.168621 1.196566 -3.001976 2
1.168621 1.196566 -3.001976 2
1.565937 1.109063 -2.856825 2
1.565937 1.109063 -2.856825 2
1.621042 0.780896 -3.068371 2
1.621042 0.780896 -3.068371 2
1.621042 0.780896 -3.068371 2
1.508742 0.259322 -2.828650 2
1.508742 0.259322 -2.828650 2
0.758946 -0.055945 -2.945553 2
0.758946 -0.055945 -2.945553 2
2.406233 1.171050 -3.195113 2
1.937522 -0.634876 -2.801285 2
1.937522 -0.634876 -2.801285 2
0.655932 0.571931 -1.912547 2
0.655932 0.571931 -1.912547 2
0.097284 -0.950044 -2.014524 2
0.097284 -0.950044 -2.014524 2
0.274024 0.511257 -1.948714 2
0.274024 0.511257 -1.948714 2
2.174393 1.681564 -2.332172 2
2.598470 2.467124 -2.119645 2
2.598470 2.467124 -2.119645 2
1.191933 1.041751 -2.339139 2
1.191933 1.041751 -2.339139 2
1.259858 -0.347567 -2.822594 2
1.259858 -0.347567 -2.822594 2
3.198586 3.604394 -2.643807 2
1.826685 2.907892 -2.154405 2
1.826685 2.907892 -2.154405 2
0.784470 -0.480788 -1.853613 2
0.784470 -0.480788 -1.853613 2
2.369200 1.168584 -2.369230 2
2.369200 1.168584 -2.369230 2
2.020507 4.662419 -3.011108 2
0.596898 -0.361684 -2.287560 2
0.596898 -0.361684 -2.287560 2
-0.946846 1.859877 -3.107914 2
-0.946846 1.859877 -3.107914 2
1.220753 -1.435964 -3.352864 2
1.220753 -1.435964 -3.352864 2
1.220753 -1.435964 -3.352864 2
1.009454 1.924038 -2.841902 2
1.009454 1.924038 -2.841902 2
1.009454 1.924038 -2.841902 2
1.009454 1.924038 -2.841902 2
0.584637 -1.832222 -3.018975 2
0.584637 -1.832222 -3.018975 2
0.207171 1.044167 -3.233154 2
1.013767 -1.409682 -3.343287 2
1.013767 -1.409682 -3.343287 2
3.558186 0.777912 -1.845294 2
3.558186 0.777912 -1.845294 2
3.558186 0.777912 -1.845294 2
3.558186 0.777912 -1.845294 2
0.837416 -1.616508 -3.217821 2
0.837416 -1.616508 -3.217821 2
0.837416 -1.616508 -3.217821 2
1.165436 2.017851 -2.958766 2
1.165436 2.017851 -2.958766 2
1.106445 -1.494956 -3.406358 2
1.106445 -1.494956 -3.406358 2
2.294014 1.847316 -2.431242 2
1.790208 1.012000 -2.812818 2
1.790208 1.012000 -2.812818 2
1.010555 -1.454255 -3.360992 2
1.010555 -1.454255 -3.360992 2
1.458334 2.701554 -2.684081 2
1.458334 2.701554 -2.684081 2
1.458334 2.701554 -2.684081 2
0.984616 -1.474456 -3.379339 2
0.984616 -1.474456 -3.379339 2
1.600263 2.754014 -2.932333 2
1.600263 2.754014 -2.932333 2
3.549406 2.598013 -1.838102 2
3.549406 2.598013 -1.838102 2
1.103612 -1.451485 -3.362077 2
2.681858 1.245384 -1.666173 2
2.681858 1.245384 -1.666173 2
1.101500 -1.486885 -3.382811 2
1.101500 -1.486885 -3.382811 2
2.121711 2.257657 -2.292609 2
2.121711 2.257657 -2.292609 2
2.976489 2.075693 -2.147315 2
1.146813 -1.568971 -3.346201 2
1.146813 -1.568971 -3.346201 2
2.277145 1.938875 -2.302020 2
2.277145 1.938875 -2.302020 2
1.743252 0.857206 -2.791671 2
2.005984 -1.287855 -2.969346 2
2.005984 -1.287855 -2.969346 2
3.826207 0.835603 -3.402557 2
3.826207 0.835603 -3.402557 2
5.926555 3.461914 -2.777863 2
5.926555 3.461914 -2.777863 2
8.105247 0.154036 -3.004766 2
8.105247 0.154036 -3.004766 2
7.364573 4.061666 -2.722202 2
7.364573 4.061666 -2.722202 2
7.364573 4.061666 -2.722202 2
9.327371 2.108047 -2.974551 2
9.327371 2.108047 -2.974551 2
7.814487 0.390975 -3.498160 2
7.814487 0.390975 -3.498160 2
8.760638 2.898318 -5.468848 2
10.708121 2.767730 -2.584158 2
10.708121 2.767730 -2.584158 2
9.375554 2.844366 -3.211085 2
9.375554 2.844366 -3.211085 2
9.716434 2.672516 -2.539862 2
9.716434 2.672516 -2.539862 2
9.716434 2.672516 -2.539862 2
9.983944 1.933937 -2.892927 2
9.983944 1.933937 -2.892927 2
9.983944 1.933937 -2.892927 2
9.983944 1.933937 -2.892927 2
8.426428 0.252499 -3.400600 2
8.426428 0.252499 -3.400600 2
8.426428 0.252499 -3.400600 2
9.283002 2.861108 -2.650131 2
9.283002 2.861108 -2.650131 2
8.918631 3.733496 -2.949768 2
8.918631 3.733496 -2.949768 2
9.043424 2.448599 -2.637462 2
9.043424 2.448599 -2.637462 2
9.043424 2.448599 -2.637462 2
9.415478 2.958343 -2.578162 2
9.415478 2.958343 -2.578162 2
10.353545 -0.486625 -2.995141 2
10.353545 -0.486625 -2.995141 2
9.606746 2.919065 -2.498408 2
9.606746 2.919065 -2.498408 2
9.606746 2.919065 -2.498408 2
8.889122 3.422769 -4.433302 2
8.889122 3.422769 -4.433302 2
9.934793 2.564314 -2.857544 2
9.934793 2.564314 -2.857544 2
9.657420 2.390761 -2.999519 2
8.435907 2.700806 -5.250435 2
8.435907 2.700806 -5.250435 2
8.435907 2.700806 -5.250435 2
9.679701 3.254735 -2.495116 2
9.534830 3.290295 -2.237044 2
9.534830 3.290295 -2.237044 2
9.070792 2.677495 -5.481019 2
9.070792 2.677495 -5.481019 2
9.539724 3.091794 -2.424990 2
10.635454 3.334717 -2.619285 2
10.635454 3.334717 -2.619285 2
8.922533 2.505114 -5.349325 2
8.922533 2.505114 -5.349325 2
10.880126 4.312845 -2.486432 2
10.880126 4.312845 -2.486432 2
10.880126 4.312845 -2.486432 2
10.880126 4.312845 -2.486432 2
10.880126 4.312845 -2.486432 2
10.201121 2.283087 -2.727418 2
10.201121 2.283087 -2.727418 2
10.201121 2.283087 -2.727418 2
10.201121 2.283087 -2.727418 2
8.659864 2.724776 -5.544693 2
9.553460 3.354989 -2.965102 2
9.553460 3.354989 -2.965102 2
8.558510 2.110845 -4.920446 2
8.558510 2.110845 -4.920446 2
9.948050 3.425609 -2.277228 2
9.948050 3.425609 -2.277228 2
9.948050 3.425609 -2.277228 2
9.035425 2.892673 -2.260681 2
9.035425 2.892673 -2.260681 2
9.375295 2.593395 -2.518645 2
9.375295 2.593395 -2.518645 2
8.867656 2.869679 -2.242161 2
8.867656 2.869679 -2.242161 2
8.867656 2.869679 -2.242161 2
9.256517 3.209590 -2.438467 2
9.256517 3.209590 -2.438467 2
9.787735 2.815475 -2.862497 2
9.787735 2.815475 -2.862497 2
8.702888 2.583881 -2.279774 2
8.702888 2.583881 -2.279774 2
8.702888 2.583881 -2.279774 2
9.720218 3.102997 -2.789270 2
9.720218 3.102997 -2.789270 2
9.623919 3.048353 -2.480846 2
9.623919 3.048353 -2.480846 2
9.773313 2.680059 -2.700228 2
9.773313 2.680059 -2.700228 2
10.039213 3.401566 -2.701521 2
8.872349 2.911739 -2.423343 2
8.872349 2.911739 -2.423343 2
6.428405 3.049718 -3.587199 2
6.428405 3.049718 -3.587199 2
5.461813 4.769635 -3.198844 2
5.461813 4.769635 -3.198844 2
5.461813 4.769635 -3.198844 2
2.129809 0.295310 -2.736912 2
2.129809 0.295310 -2.736912 2
0.972003 0.983979 -1.553280 2
0.972003 0.983979 -1.553280 2
-1.275118 -0.314392 -3.479908 2
1.899143 -0.250891 -1.541852 2
1.899143 -0.250891 -1.541852 2
1.964087 2.751843 -2.089685 2
1.964087 2.751843 -2.089685 2
2.861836 -0.559659 -2.321228 2
2.861836 -0.559659 -2.321228 2
0.218909 0.990958 -1.877234 2
1.750508 1.458592 -1.076296 2
1.750508 1.458592 -1.076296 2
1.047688 -1.315850 -3.421061 2
1.047688 -1.315850 -3.421061 2
0.480463 0.826511 -1.841419 2
0.480463 0.826511 -1.841419 2
0.480463 0.826511 -1.841419 2
-0.417802 -0.485546 -1.812948 2
0.366169 0.785153 -1.881637 2
0.366169 0.785153 -1.881637 2
0.366169 0.785153 -1.881637 2
0.366169 0.785153 -1.881637 2
0.366169 0.785153 -1.881637 2
-0.364780 -1.183903 -3.544755 2
-0.364780 -1.183903 -3.544755 2
0.437541 -0.398941 -0.928598 2
0.437541 -0.398941 -0.928598 2
0.437541 -0.398941 -0.928598 2
1.368224 -0.024164 -1.385461 2
1.368224 -0.024164 -1.385461 2
1.368224 -0.024164 -1.385461 2
-0.803194 -0.552457 -3.504080 2
-0.803194 -0.552457 -3.504080 2
0.608360 -1.212112 -1.736178 2
0.608360 -1.212112 -1.736178 2
-0.296331 -0.047822 -1.122423 2
-0.296331 -0.047822 -1.122423 2
-1.038009 -0.359623 -3.553876 2
-1.038009 -0.359623 -3.553876 2
-1.038009 -0.359623 -3.553876 2
5.270752 4.216104 -2.553955 2
5.270752 4.216104 -2.553955 2
2.025508 2.437989 -2.065278 2
2.025508 2.437989 -2.065278 2
0.075040 -0.068368 -1.065628 2
0.075040 -0.068368 -1.065628 2
0.075040 -0.068368 -1.065628 2
1.828231 2.367695 -2.225711 2
1.828231 2.367695 -2.225711 2
2.744464 2.177870 -1.847360 2
2.744464 2.177870 -1.847360 2
7.086366 7.223700 -2.400962 2
7.086366 7.223700 -2.400962 2
2.078817 2.535386 -1.967063 2
2.101857 3.225466 -2.202934 2
2.101857 3.225466 -2.202934 2
-0.757641 -1.049660 -2.982500 2
-0.757641 -1.049660 -2.982500 2
0.078101 -0.507945 -1.531482 2
0.078101 -0.507945 -1.531482 2
2.475877 1.501621 -1.657175 2
6.687323 6.728867 -1.559703 2
6.687323 6.728867 -1.559703 2
0.358360 -0.650830 -1.623756 2
0.358360 -0.650830 -1.623756 2
5.664041 5.086391 -2.214245 2
5.664041 5.086391 -2.214245 2
5.664041 5.086391 -2.214245 2
0.676609 -0.689705 -1.598965 2
0.676609 -0.689705 -1.598965 2
-0.175015 0.875836 -3.140931 2
-0.175015 0.875836 -3.140931 2
0.524083 -0.763560 -1.457231 2
0.524083 -0.763560 -1.457231 2
1.841458 3.164452 -2.821407 2
1.841458 3.164452 -2.821407 2
1.841458 3.164452 -2.821407 2
0.654809 -0.911978 -1.515972 2
0.654809 -0.911978 -1.515972 2
0.324830 1.775262 -3.038708 2
0.324830 1.775262 -3.038708 2
7.244268 7.306557 -1.828786 2
1.904074 1.830040 -1.855708 2
1.904074 1.830040 -1.855708 2
2.601551 1.100708 -2.284238 2
2.601551 1.100708 -2.284238 2
4.337502 1.950895 -1.260526 2
4.337502 1.950895 -1.260526 2
1.894435 1.820926 -1.741915 2
1.777749 3.219192 -2.402475 2
1.777749 3.219192 -2.402475 2
7.859181 7.930303 -1.876263 2
7.859181 7.930303 -1.876263 2
3.102231 -0.721426 -1.936024 2
3.102231 -0.721426 -1.936024 2
3.102231 -0.721426 -1.936024 2
3.102231 -0.721426 -1.936024 2
3.102231 -0.721426 -1.936024 2
7.188718 -0.930107 -1.434592 2
7.188718 -0.930107 -1.434592 2
8.757286 4.543511 -1.218027 2
8.757286 4.543511 -1.218027 2
8.757286 4.543511 -1.218027 2
11.733730 4.405922 -2.392110 2
11.733730 4.405922 -2.392110 2
7.969206 2.734323 -2.524338 2
7.969206 2.734323 -2.524338 2
9.632975 2.854369 -1.706975 2
9.632975 2.854369 -1.706975 2
9.632975 2.854369 -1.706975 2
8.605425 2.902692 -2.267278 2
8.605425 2.902692 -2.267278 2
8.890145 2.171507 -2.692970 2
8.890145 2.171507 -2.692970 2
8.527934 2.985329 -1.946525 2
8.527934 2.985329 -1.946525 2
8.527934 2.985329 -1.946525 2
9.002960 1.920755 -2.831509 2
9.002960 1.920755 -2.831509 2
8.348131 2.473084 -2.005178 2
8.348131 2.473084 -2.005178 2
8.348131 2.473084 -2.005178 2
8.348131 2.473084 -2.005178 2
8.627405 4.719715 -2.034943 2
8.480597 2.371341 -2.069471 2
8.480597 2.371341 -2.069471 2
8.913071 2.593467 -2.444592 2
8.913071 2.593467 -2.444592 2
9.913120 3.562238 -2.074039 2
8.250835 2.319927 -2.076670 2
8.250835 2.319927 -2.076670 2
8.250835 2.319927 -2.076670 2
8.250835 2.319927 -2.076670 2
8.943170 2.603315 -2.398861 2
8.943170 2.603315 -2.398861 2
8.474760 2.449028 -2.139146 2
9.015330 2.559256 -2.386966 2
9.015330 2.559256 -2.386966 2
9.302450 2.488098 -2.357769 2
9.302450 2.488098 -2.357769 2
8.253098 2.155000 -2.139528 2
8.253098 2.155000 -2.139528 2
9.022593 2.715335 -2.358915 2
9.022593 2.715335 -2.358915 2
8.529059 2.144603 -1.919678 2
10.183309 4.285849 -1.573356 2
10.183309 4.285849 -1.573356 2
9.827970 3.226394 -1.967907 2
9.827970 3.226394 -1.967907 2
11.549344 2.981727 -2.571930 2
11.549344 2.981727 -2.571930 2
8.301724 2.010778 -2.448755 2
9.114741 2.538599 -2.472518 2
9.114741 2.538599 -2.472518 2
8.552187 2.146689 -2.094840 2
8.552187 2.146689 -2.094840 2
9.026591 2.523612 -2.420995 2
9.026591 2.523612 -2.420995 2
9.026591 2.523612 -2.420995 2
10.177364 3.656111 -2.243053 2
10.177364 3.656111 -2.243053 2
10.304284 4.153463 -1.660946 2
10.304284 4.153463 -1.660946 2
9.279734 -0.340174 -2.699972 2
9.279734 -0.340174 -2.699972 2
9.279734 -0.340174 -2.699972 2
8.583300 2.466084 -2.554821 2
8.583300 2.466084 -2.554821 2
9.818891 3.677361 -1.751778 2
9.818891 3.677361 -1.751778 2
8.949161 -0.302437 -2.711359 2
8.949161 -0.302437 -2.711359 2
8.949161 -0.302437 -2.711359 2
8.533650 4.627490 -2.024579 2
8.533650 4.627490 -2.024579 2
8.533650 4.627490 -2.024579 2
8.533650 4.627490 -2.024579 2
8.524105 4.521138 -1.983117 2
8.524105 4.521138 -1.983117 2
8.524105 4.521138 -1.983117 2
8.524105 4.521138 -1.983117 2
8.524105 4.521138 -1.983117 2
8.524105 4.521138 -1.983117 2
8.524105 4.521138 -1.983117 2
8.524105 4.521138 -1.983117 2
8.524105 4.521138 -1.983117 2
8.524105 4.521138 -1.983117 2
8.524105 4.521138 -1.983117 2
8.524105 4.521138 -1.983117 2
8.524105 4.521138 -1.983117 2
8.524105 4.521138 -1.983117 2
8.524105 4.521138 -1.983117 2
8.524105 4.521138 -1.983117 2
8.524105 4.521138 -1.983117 2
5.383966 2.045187 -2.095999 2
5.383966 2.045187 -2.095999 2
0.664108 3.223579 -1.137149 2
0.664108 3.223579 -1.137149 2
0.713982 1.935885 -1.836053 2
2.956373 2.893886 -2.003491 2
0.928318 2.135788 -0.169349 2
0.851624 2.457949 -2.364491 2
0.851624 2.457949 -2.364491 2
1.779211 1.340081 -2.214637 2
1.779211 1.340081 -2.214637 2
1.779211 1.340081 -2.214637 2
-0.145845 2.786103 -2.255248 2
-0.145845 2.786103 -2.255248 2
0.816172 1.853679 -1.181843 2
1.858195 3.504633 -1.705599 2
1.858195 3.504633 -1.705599 2
1.858195 3.504633 -1.705599 2
-1.749851 -0.139174 -1.397907 2
-1.749851 -0.139174 -1.397907 2
1.744349 1.970949 -2.073836 2
1.744349 1.970949 -2.073836 2
0.279481 1.886447 -1.659721 2
0.279481 1.886447 -1.659721 2
0.279481 1.886447 -1.659721 2
0.279481 1.886447 -1.659721 2
0.279481 1.886447 -1.659721 2
-0.164837 2.731678 -1.796031 2
-0.164837 2.731678 -1.796031 2
1.492342 1.670369 -2.252855 2
1.492342 1.670369 -2.252855 2
1.492342 1.670369 -2.252855 2
1.492342 1.670369 -2.252855 2
1.492342 1.670369 -2.252855 2
2.545618 1.655075 -1.636493 2
2.283996 2.229916 -1.789002 2
2.283996 2.229916 -1.789002 2
-0.038035 2.793678 -1.828606 2
-0.038035 2.793678 -1.828606 2
3.072271 4.175486 -2.335546 2
3.072271 4.175486 -2.335546 2
3.072271 4.175486 -2.335546 2
3.072271 4.175486 -2.335546 2
3.072271 4.175486 -2.335546 2
2.007496 2.228049 -1.739473 2
2.007496 2.228049 -1.739473 2
2.007496 2.228049 -1.739473 2
2.473598 3.727425 -1.284629 2
2.473598 3.727425 -1.284629 2
2.304209 2.205202 -1.631162 2
2.304209 2.205202 -1.631162 2
2.304209 2.205202 -1.631162 2
2.304209 2.205202 -1.631162 2
0.210454 1.780303 -2.048618 2
0.210454 1.780303 -2.048618 2
1.443904 2.055701 -2.038766 2
1.443904 2.055701 -2.038766 2
1.443904 2.055701 -2.038766 2
1.547137 5.059321 -1.463104 2
1.547137 5.059321 -1.463104 2
1.506813 1.997605 -2.368514 2
2.519573 3.833695 -1.634432 2
0.005642 1.875582 -2.052607 2
0.673225 4.828867 -2.013355 2
2.325578 4.033054 -1.910826 2
2.325578 4.033054 -1.910826 2
2.325578 4.033054 -1.910826 2
0.905789 1.306452 -1.680646 2
0.132201 1.885322 -2.055285 2
0.132201 1.885322 -2.055285 2
1.439494 1.949866 -2.025200 2
1.281801 2.896365 -1.667218 2
0.991533 1.763719 -0.184414 2
0.991533 1.763719 -0.184414 2
1.550755 2.121873 -2.220661 2
1.550755 2.121873 -2.220661 2
0.499090 2.429983 0.008728 2
0.499090 2.429983 0.008728 2
0.508720 1.772597 -1.471942 2
2.169807 2.443532 -2.175059 2
2.169807 2.443532 -2.175059 2
1.213538 2.766188 -1.589574 2
0.911263 2.343944 -1.388470 2
0.846328 1.832904 -1.203198 2
2.133096 2.533386 -2.198012 2
2.133096 2.533386 -2.198012 2
0.715348 2.404343 0.113825 2
0.715348 2.404343 0.113825 2
2.496123 1.392266 -0.978866 2
2.145125 2.090774 -1.798384 2
2.145125 2.090774 -1.798384 2
2.145125 2.090774 -1.798384 2
0.574205 1.615212 -1.796175 2
0.574205 1.615212 -1.796175 2
0.574205 1.615212 -1.796175 2
1.532810 1.580818 -2.519329 2
1.532810 1.580818 -2.519329 2
2.690712 2.399793 -2.056132 2
2.690712 2.399793 -2.056132 2
7.167187 -0.662752 -3.009310 2
7.167187 -0.662752 -3.009310 2
9.516058 2.954570 -1.661859 2
9.516058 2.954570 -1.661859 2
9.516058 2.954570 -1.661859 2
16.135277 0.919874 -0.627890 2
16.135277 0.919874 -0.627890 2
16.135277 0.919874 -0.627890 2
16.135277 0.919874 -0.627890 2
16.135277 0.919874 -0.627890 2
14.722350 2.081065 0.194194 2
14.722350 2.081065 0.194194 2
14.722350 2.081065 0.194194 2
15.764980 1.764755 -1.609323 2
15.764980 1.764755 -1.609323 2
15.764980 1.764755 -1.609323 2
15.764980 1.764755 -1.609323 2
16.355028 0.459533 -0.142436 2
16.355028 0.459533 -0.142436 2
16.381495 2.071261 -0.374204 2
16.381495 2.071261 -0.374204 2
16.381495 2.071261 -0.374204 2
16.381495 2.071261 -0.374204 2
16.381495 2.071261 -0.374204 2
16.551697 1.715621 -0.412733 2
15.415157 1.528428 -0.008804 2
15.415157 1.528428 -0.008804 2
15.415157 1.528428 -0.008804 2
15.415157 1.528428 -0.008804 2
15.415157 1.528428 -0.008804 2
15.415157 1.528428 -0.008804 2
15.415157 1.528428 -0.008804 2
15.415157 1.528428 -0.008804 2
15.415157 1.528428 -0.008804 2
15.415157 1.528428 -0.008804 2
15.415157 1.528428 -0.008804 2
15.415157 1.528428 -0.008804 2
15.415157 1.528428 -0.008804 2
15.415157 1.528428 -0.008804 2
15.415157 1.528428 -0.008804 2
15.415157 1.528428 -0.008804 2
15.415157 1.528428 -0.008804 2
15.415157 1.528428 -0.008804 2
15.415157 1.528428 -0.008804 2
15.415157 1.528428 -0.008804 2
15.415157 1.528428 -0.008804 2
15.415157 1.528428 -0.008804 2
15.415157 1.528428 -0.008804 2
15.415157 1.528428 -0.008804 2
15.415157 1.528428 -0.008804 2
15.415157 1.528428 -0.008804 2
15.415157 1.528428 -0.008804 2
15.415157 1.528428 -0.008804 2
15.415157 1.528428 -0.008804 2
15.415157 1.528428 -0.008804 2
15.415157 1.528428 -0.008804 2
15.415157 1.528428 -0.008804 2
15.415157 1.528428 -0.008804 2
15.415157 1.528428 -0.008804 2
15.415157 1.528428 -0.008804 2
15.415157 1.528428 -0.008804 2
15.415157 1.528428 -0.008804 2
15.415157 1.528428 -0.008804 2
15.415157 1.528428 -0.008804 2
16.275482 1.779868 -2.238717 2
16.275482 1.779868 -2.238717 2
16.275482 1.779868 -2.238717 2
16.275482 1.779868 -2.238717 2
17.227926 1.629762 -2.687230 2
16.383202 1.752289 -1.894581 2
16.383202 1.752289 -1.894581 2
16.383202 1.752289 -1.894581 2
16.383202 1.752289 -1.894581 2
16.262094 1.954793 -3.019044 2
16.262094 1.954793 -3.019044 2
16.418196 1.687669 -1.705385 2
17.810312 2.594228 0.002089 2
17.810312 2.594228 0.002089 2
17.810312 2.594228 0.002089 2
17.810312 2.594228 0.002089 2
17.810312 2.594228 0.002089 2
16.738287 1.525818 -1.769866 2
16.738287 1.525818 -1.769866 2
16.738287 1.525818 -1.769866 2
16.519447 1.691294 -1.870368 2
16.519447 1.691294 -1.870368 2
16.519447 1.691294 -1.870368 2
17.060898 1.729914 -1.563870 2
17.060898 1.729914 -1.563870 2
15.916673 3.067753 -1.774158 2
16.389162 1.719971 -1.853695 2
16.389162 1.719971 -1.853695 2
18.120161 2.151622 -0.054176 2
18.120161 2.151622 -0.054176 2
16.796032 1.314268 -2.132968 2
16.796032 1.314268 -2.132968 2
17.732145 2.461438 -0.055093 2
17.732145 2.461438 -0.055093 2
17.732145 2.461438 -0.055093 2
16.463947 1.662213 -1.837365 2
16.463947 1.662213 -1.837365 2
16.463947 1.662213 -1.837365 2
15.028773 2.160315 -0.212153 2
15.028773 2.160315 -0.212153 2
15.028773 2.160315 -0.212153 2
6.241746 3.095308 -2.712281 2
3.309323 2.345123 -0.626007 2
3.309323 2.345123 -0.626007 2
3.927711 0.689463 -1.266228 2
4.492431 8.003415 -2.067379 2
4.492431 8.003415 -2.067379 2
0.018002 2.354044 -1.047152 2
3.942505 1.268202 -1.064029 2
3.942505 1.268202 -1.064029 2
3.942505 1.268202 -1.064029 2
3.365668 4.058620 -1.227111 2
3.365668 4.058620 -1.227111 2
3.235214 2.128790 -0.616554 2
4.522744 4.864120 -1.675884 2
5.526075 5.793683 -1.698573 2
5.526075 5.793683 -1.698573 2
0.543588 0.105488 -2.300968 2
4.492925 5.379952 -0.586040 2
4.492925 5.379952 -0.586040 2
6.110190 7.582047 -1.919139 2
6.110190 7.582047 -1.919139 2
-0.565685 0.600675 -1.570942 2
2.864691 0.267249 -1.966104 2
2.864691 0.267249 -1.966104 2
6.411541 -1.807836 -0.536747 2
6.411541 -1.807836 -0.536747 2
0.175228 0.616081 -2.392977 2
0.175228 0.616081 -2.392977 2
0.175228 0.616081 -2.392977 2
0.175228 0.616081 -2.392977 2
0.175228 0.616081 -2.392977 2
0.361451 1.065569 -0.407470 2
0.361451 1.065569 -0.407470 2
2.737224 1.274348 -2.160264 2
3.287414 3.778038 -1.492215 2
3.287414 3.778038 -1.492215 2
1.719278 0.797860 -1.076569 2
2.424112 2.977362 -1.673079 2
2.424112 2.977362 -1.673079 2
2.424112 2.977362 -1.673079 2
3.657734 3.513452 -2.058023 2
2.036189 0.224658 -0.627459 2
2.036189 0.224658 -0.627459 2
2.682543 2.609461 -1.675350 2
2.682543 2.609461 -1.675350 2
3.346846 3.407623 -1.502690 2
2.437309 0.399460 -0.183464 2
2.673042 2.677648 -1.711154 2
2.673042 2.677648 -1.711154 2
3.289802 3.317669 -1.433652 2
3.289802 3.317669 -1.433652 2
0.667936 1.291125 0.389980 2
2.611413 2.584030 -1.583871 2
2.611413 2.584030 -1.583871 2
4.879714 0.010344 -0.865314 2
0.892390 -0.103754 -1.938345 2
0.892390 -0.103754 -1.938345 2
2.549895 -0.365477 -0.084716 2
2.434100 2.919525 -1.814308 2
3.173393 3.305650 -1.454817 2
3.173393 3.305650 -1.454817 2
1.355554 -0.168215 -1.812881 2
2.393371 3.144490 -1.732114 2
2.393371 3.144490 -1.732114 2
3.489762 2.892743 -1.401607 2
3.489762 2.892743 -1.401607 2
2.702971 -0.396360 -0.134060 2
2.702971 -0.396360 -0.134060 2
2.399120 3.064727 -1.841906 2
1.525125 3.547363 -2.777854 2
3.464812 2.654488 -1.385157 2
3.028300 -0.509656 -0.093424 2
3.028300 -0.509656 -0.093424 2
2.259767 3.053913 -3.172044 2
3.379019 2.751614 -1.406001 2
3.379019 2.751614 -1.406001 2
0.411881 -0.422783 -2.536028 2
0.411881 -0.422783 -2.536028 2
0.411881 -0.422783 -2.536028 2
3.468935 2.701233 -1.330110 2
3.468935 2.701233 -1.330110 2
3.025047 -0.642712 -0.291670 2
3.025047 -0.642712 -0.291670 2
2.070116 3.472335 -3.493988 2
3.890975 -0.895618 -1.596935 2
3.890975 -0.895618 -1.596935 2
3.056968 -0.577115 -0.133123 2
2.425060 2.926274 -1.829128 2
2.425060 2.926274 -1.829128 2
3.844748 5.682306 -2.467884 2
3.263318 3.509009 -1.419391 2
3.161037 -0.696321 -0.374711 2
1.957089 1.736021 -2.454639 2
1.957089 1.736021 -2.454639 2
2.699525 2.476954 -0.713508 2
7.266480 1.506105 -2.606550 2
7.266480 1.506105 -2.606550 2
7.266480 1.506105 -2.606550 2
10.494426 1.820010 -1.822953 2
10.494426 1.820010 -1.822953 2
10.494426 1.820010 -1.822953 2
10.494426 1.820010 -1.822953 2
10.494426 1.820010 -1.822953 2
15.032106 1.906400 -0.358692 2
16.596025 5.027936 -1.782846 2
15.792535 1.485604 -3.138496 2
16.741703 0.990646 -1.805195 2
16.741703 0.990646 -1.805195 2
16.741703 0.990646 -1.805195 2
16.741703 0.990646 -1.805195 2
16.741703 0.990646 -1.805195 2
16.741703 0.990646 -1.805195 2
16.741703 0.990646 -1.805195 2
17.553856 2.205913 -0.424284 2
17.454664 2.265285 -0.010920 2
17.454664 2.265285 -0.010920 2
17.454664 2.265285 -0.010920 2
17.454664 2.265285 -0.010920 2
17.151663 2.306821 0.124464 2
17.151663 2.306821 0.124464 2
17.151663 2.306821 0.124464 2
16.134083 1.297217 -1.825755 2
16.134083 1.297217 -1.825755 2
11.841934 -0.214382 0.684977 2
11.841934 -0.214382 0.684977 2
11.841934 -0.214382 0.684977 2
16.585150 1.569493 -1.961443 2
16.585150 1.569493 -1.961443 2
16.505161 1.395150 -0.514400 2
11.818601 1.128272 1.130717 2
15.941715 1.550993 -1.759801 2
15.941715 1.550993 -1.759801 2
16.023310 2.400219 -1.881632 2
12.276552 1.356404 0.625189 2
12.276552 1.356404 0.625189 2
12.276552 1.356404 0.625189 2
16.017624 1.854345 -1.754291 2
16.017624 1.854345 -1.754291 2
16.306173 1.484447 -1.716214 2
10.236201 -0.137118 1.171352 2
10.236201 -0.137118 1.171352 2
15.842241 1.673429 -1.640912 2
17.078178 2.371751 -2.210824 2
16.096088 1.539513 -1.811906 2
16.096088 1.539513 -1.811906 2
11.179008 -1.066309 1.534147 2
15.888476 1.640212 -1.621969 2
17.053431 2.453700 -2.169297 2
10.422820 -1.733965 0.546499 2
10.422820 -1.733965 0.546499 2
10.422820 -1.733965 0.546499 2
16.456463 1.511935 -1.866025 2
16.456463 1.511935 -1.866025 2
16.468668 4.169466 2.900328 2
16.468668 4.169466 2.900328 2
15.898035 1.767984 -1.622742 2
16.743235 2.844919 -2.029008 2
15.707887 1.812763 -1.760671 2
15.707887 1.812763 -1.760671 2
11.052010 -1.484660 1.504486 2
11.052010 -1.484660 1.504486 2
16.822666 3.021135 -2.005689 2
16.261524 2.611203 -0.868095 2
17.277252 1.975931 -1.012111 2
17.277252 1.975931 -1.012111 2
17.277252 1.975931 -1.012111 2
16.449158 1.550018 -1.846362 2
15.963191 2.105406 -1.852742 2
15.963191 2.105406 -1.852742 2
11.034152 -0.519635 0.527769 2
11.034152 -0.519635 0.527769 2
16.325329 1.637420 -0.394348 2
16.993818 2.389229 -1.375406 2
16.993818 2.389229 -1.375406 2
16.993818 2.389229 -1.375406 2
16.839417 1.305589 -0.966624 2
16.917896 3.441736 -1.610296 2
16.917896 3.441736 -1.610296 2
14.647438 3.158584 2.714394 2
14.647438 3.158584 2.714394 2
16.630535 1.379184 -0.703733 2
16.630535 1.379184 -0.703733 2
16.630535 1.379184 -0.703733 2
16.630535 1.379184 -0.703733 2
16.630535 1.379184 -0.703733 2
16.630535 1.379184 -0.703733 2
16.630535 1.379184 -0.703733 2
16.940750 1.428585 -0.892665 2
15.128156 1.485734 0.245314 2
15.128156 1.485734 0.245314 2
15.128156 1.485734 0.245314 2
16.678858 1.090541 -0.972762 2
16.678858 1.090541 -0.972762 2
16.678858 1.090541 -0.972762 2
16.678858 1.090541 -0.972762 2
16.678858 1.090541 -0.972762 2
16.678858 1.090541 -0.972762 2
13.412094 4.381699 -1.120619 2
8.969456 1.580270 -1.972499 2
8.969456 1.580270 -1.972499 2
8.969456 1.580270 -1.972499 2
3.580600 5.717355 -2.235779 2
3.580600 5.717355 -2.235779 2
3.724787 1.837321 -1.761610 2
3.795059 2.184981 -0.140829 2
3.795059 2.184981 -0.140829 2
5.884892 5.768408 1.738333 2
5.884892 5.768408 1.738333 2
1.739955 1.447296 -2.141761 2
1.739955 1.447296 -2.141761 2
1.739955 1.447296 -2.141761 2
1.739955 1.447296 -2.141761 2
0.541413 0.583817 -1.605668 2
2.205021 1.555872 -1.506274 2
2.205021 1.555872 -1.506274 2
2.205021 1.555872 -1.506274 2
4.069947 5.044319 -3.656725 2
0.204338 2.629056 -1.334317 2
0.204338 2.629056 -1.334317 2
0.237591 1.056126 -1.498545 2
1.212478 0.342344 -2.063487 2
2.411444 6.547307 -3.770917 2
4.494530 5.160457 -2.345200 2
0.878650 1.544635 -1.589988 2
0.878650 1.544635 -1.589988 2
5.573702 8.430462 -2.290222 2
5.573702 8.430462 -2.290222 2
4.000377 6.274694 -0.234291 2
0.315086 1.662526 -1.488772 2
0.315086 1.662526 -1.488772 2
1.111452 5.344680 -1.757513 2
1.111452 5.344680 -1.757513 2
6.396856 7.009643 -0.275270 2
6.396856 7.009643 -0.275270 2
1.416701 3.306141 -1.725809 2
6.173772 9.108396 -1.732532 2
6.173772 9.108396 -1.732532 2
0.935909 2.306507 -1.754817 2
0.643238 1.770810 -1.627465 2
0.643238 1.770810 -1.627465 2
2.548973 3.561069 -1.688462 2
2.548973 3.561069 -1.688462 2
0.201903 1.914815 -2.017640 2
-0.135318 2.048884 -1.376212 2
-0.135318 2.048884 -1.376212 2
-0.135318 2.048884 -1.376212 2
5.365042 6.100154 -1.000639 2
0.794198 2.400146 -1.756115 2
1.067261 1.538656 -2.032971 2
1.067261 1.538656 -2.032971 2
2.980262 4.839103 -1.414775 2
2.980262 4.839103 -1.414775 2
0.859991 2.346848 -1.737170 2
0.859991 2.346848 -1.737170 2
2.378314 2.885793 -2.092671 2
2.378314 2.885793 -2.092671 2
2.378314 2.885793 -2.092671 2
4.204618 5.784588 -1.731479 2
3.229073 3.425184 -1.142521 2
3.229073 3.425184 -1.142521 2
2.583277 4.194560 -2.142901 2
2.583277 4.194560 -2.142901 2
2.152069 2.293901 -1.589719 2
2.152069 2.293901 -1.589719 2
2.736469 3.405578 -2.117425 2
2.736469 3.405578 -2.117425 2
2.736469 3.405578 -2.117425 2
1.314074 2.906559 -2.125108 2
3.544008 3.952137 -1.186760 2
3.544008 3.952137 -1.186760 2
2.211577 2.869313 -2.156893 2
2.211577 2.869313 -2.156893 2
4.712534 4.741916 -1.650709 2
3.120435 3.242701 -1.329117 2
2.276356 2.657331 -2.172496 2
2.276356 2.657331 -2.172496 2
2.276356 2.657331 -2.172496 2
4.613714 5.438743 -1.685855 2
1.672792 3.098485 -1.906127 2
2.112756 2.842484 -2.321505 2
2.112756 2.842484 -2.321505 2
2.112756 2.842484 -2.321505 2
2.112756 2.842484 -2.321505 2
0.675384 0.058314 -2.808084 2
3.332618 3.791025 -1.249295 2
2.294816 3.021730 -2.274390 2
2.294816 3.021730 -2.274390 2
2.294816 3.021730 -2.274390 2
0.840810 1.916122 -1.398973 2
1.978219 2.975520 -2.279190 2
1.978219 2.975520 -2.279190 2
1.978219 2.975520 -2.279190 2
0.424626 1.332673 -2.028567 2
0.424626 1.332673 -2.028567 2
0.274744 -1.174921 -1.744534 2
5.255498 4.264059 -2.085809 2
5.255498 4.264059 -2.085809 2
13.345487 1.868460 -2.076075 2
13.345487 1.868460 -2.076075 2
16.714323 0.409247 -1.191398 2
17.664005 2.276540 -1.284706 2
26.275499 12.190261 1.411279 2
26.275499 12.190261 1.411279 2
26.275499 12.190261 1.411279 2
26.275499 12.190261 1.411279 2
26.275499 12.190261 1.411279 2
26.275499 12.190261 1.411279 2
26.275499 12.190261 1.411279 2
26.275499 12.190261 1.411279 2
26.275499 12.190261 1.411279 2
26.275499 12.190261 1.411279 2
26.275499 12.190261 1.411279 2
26.275499 12.190261 1.411279 2
26.275499 12.190261 1.411279 2
26.275499 12.190261 1.411279 2
26.275499 12.190261 1.411279 2
26.275499 12.190261 1.411279 2
26.803932 3.752192 -0.539292 2
26.803932 3.752192 -0.539292 2
26.803932 3.752192 -0.539292 2
26.803932 3.752192 -0.539292 2
26.803932 3.752192 -0.539292 2
26.803932 3.752192 -0.539292 2
26.803932 3.752192 -0.539292 2
26.803932 3.752192 -0.539292 2
26.803932 3.752192 -0.539292 2
26.803932 3.752192 -0.539292 2
26.803932 3.752192 -0.539292 2
26.803932 3.752192 -0.539292 2
26.803932 3.752192 -0.539292 2
26.803932 3.752192 -0.539292 2
26.803932 3.752192 -0.539292 2
26.803932 3.752192 -0.539292 2
26.803932 3.752192 -0.539292 2
26.803932 3.752192 -0.539292 2
26.803932 3.752192 -0.539292 2
26.803932 3.752192 -0.539292 2
26.803932 3.752192 -0.539292 2
26.803932 3.752192 -0.539292 2
26.803932 3.752192 -0.539292 2
26.803932 3.752192 -0.539292 2
26.803932 3.752192 -0.539292 2
26.803932 3.752192 -0.539292 2
26.803932 3.752192 -0.539292 2
26.803932 3.752192 -0.539292 2
26.803932 3.752192 -0.539292 2
26.803932 3.752192 -0.539292 2
26.803932 3.752192 -0.539292 2
26.803932 3.752192 -0.539292 2
26.803932 3.752192 -0.539292 2
26.803932 3.752192 -0.539292 2
26.803932 3.752192 -0.539292 2
26.803932 3.752192 -0.539292 2
26.803932 3.752192 -0.539292 2
26.803932 3.752192 -0.539292 2
26.803932 3.752192 -0.539292 2
26.803932 3.752192 -0.539292 2
26.803932 3.752192 -0.539292 2
26.803932 3.752192 -0.539292 2
26.803932 3.752192 -0.539292 2
26.803932 3.752192 -0.539292 2
26.803932 3.752192 -0.539292 2
26.280155 3.542464 -0.963788 2
26.280155 3.542464 -0.963788 2
26.280155 3.542464 -0.963788 2
26.280155 3.542464 -0.963788 2
26.280155 3.542464 -0.963788 2
26.280155 3.542464 -0.963788 2
27.210649 4.286222 -0.427257 2
27.210649 4.286222 -0.427257 2
27.210649 4.286222 -0.427257 2
27.210649 4.286222 -0.427257 2
27.210649 4.286222 -0.427257 2
27.210649 4.286222 -0.427257 2
27.210649 4.286222 -0.427257 2
27.210649 4.286222 -0.427257 2
27.210649 4.286222 -0.427257 2
27.210649 4.286222 -0.427257 2
27.210649 4.286222 -0.427257 2
27.210649 4.286222 -0.427257 2
27.210649 4.286222 -0.427257 2
27.210649 4.286222 -0.427257 2
27.210649 4.286222 -0.427257 2
27.210649 4.286222 -0.427257 2
27.210649 4.286222 -0.427257 2
27.210649 4.286222 -0.427257 2
27.210649 4.286222 -0.427257 2
27.210649 4.286222 -0.427257 2
27.210649 4.286222 -0.427257 2
27.210649 4.286222 -0.427257 2
27.210649 4.286222 -0.427257 2
27.210649 4.286222 -0.427257 2
27.210649 4.286222 -0.427257 2
27.210649 4.286222 -0.427257 2
27.210649 4.286222 -0.427257 2
27.210649 4.286222 -0.427257 2
20.697660 1.509727 -0.747009 2
20.697660 1.509727 -0.747009 2
20.697660 1.509727 -0.747009 2
12.208653 2.799199 -1.397298 2
12.208653 2.799199 -1.397298 2
6.384480 2.642787 -1.785508 2
5.625256 0.520761 -1.448958 2
5.625256 0.520761 -1.448958 2
-0.642725 1.423039 -1.554518 2
-0.642725 1.423039 -1.554518 2
3.465044 1.934105 -1.817141 2
3.465044 1.934105 -1.817141 2
6.614755 7.017565 -0.606089 2
6.614755 7.017565 -0.606089 2
6.614755 7.017565 -0.606089 2
6.614755 7.017565 -0.606089 2
1.145141 3.077085 -0.628541 2
1.145141 3.077085 -0.628541 2
-1.901036 -3.943243 -2.204611 2
-1.901036 -3.943243 -2.204611 2
4.286089 5.019958 -1.465271 2
0.847017 2.679290 -0.801157 2
0.847017 2.679290 -0.801157 2
4.786024 4.516582 -1.884917 2
0.223161 1.319434 -2.357351 2
1.408183 2.252628 -1.040456 2
1.408183 2.252628 -1.040456 2
1.408183 2.252628 -1.040456 2
1.077424 2.274582 -1.314309 2
1.077424 2.274582 -1.314309 2
2.268457 2.885520 -2.249377 2
2.268457 2.885520 -2.249377 2
2.268457 2.885520 -2.249377 2
-0.022527 2.324477 -0.432000 2
0.947324 1.961510 -1.137502 2
2.194736 2.982805 -2.300863 2
2.194736 2.982805 -2.300863 2
-0.372568 2.049401 -0.202223 2
0.902232 1.989071 -1.450383 2
0.902232 1.989071 -1.450383 2
2.556629 2.605285 -2.321706 2
2.556629 2.605285 -2.321706 2
1.345818 1.869003 -1.444434 2
0.847688 1.497849 -1.625634 2
0.847688 1.497849 -1.625634 2
-0.863136 -0.933068 -1.456162 2
2.498646 2.550061 -2.233927 2
1.117351 1.897256 -1.519057 2
1.117351 1.897256 -1.519057 2
0.953097 1.764797 -1.531854 2
3.550361 3.462834 -2.598820 2
3.550361 3.462834 -2.598820 2
3.550361 3.462834 -2.598820 2
1.270304 1.935479 -1.944120 2
0.766616 1.722596 -1.425138 2
2.409273 1.895559 -2.216399 2
2.409273 1.895559 -2.216399 2
2.409273 1.895559 -2.216399 2
1.108462 1.482301 -1.358841 2
1.108462 1.482301 -1.358841 2
1.108462 1.482301 -1.358841 2
2.031984 2.852182 -2.316432 2
-0.275720 -0.468735 -1.445041 2
-0.275720 -0.468735 -1.445041 2
0.973000 1.772532 -1.566370 2
1.735856 1.425779 -1.807960 2
2.335355 2.552970 -2.228314 2
-0.717059 1.731423 -0.192380 2
-0.717059 1.731423 -0.192380 2
0.365440 1.582999 -1.539021 2
0.393142 2.698604 -1.829793 2
1.662102 1.854389 -2.524352 2
1.662102 1.854389 -2.524352 2
-0.826887 0.539667 -1.172882 2
-0.826887 0.539667 -1.172882 2
0.986300 1.721691 -2.115782 2
1.837641 1.513159 -2.247606 2
1.837641 1.513159 -2.247606 2
0.672399 2.537796 -1.043737 2
1.372084 3.085791 -1.531223 2
1.372084 3.085791 -1.531223 2
1.961856 1.950451 -2.328772 2
1.961856 1.950451 -2.328772 2
-3.923854 -4.123734 -1.101949 2
-3.923854 -4.123734 -1.101949 2
-3.923854 -4.123734 -1.101949 2
-3.923854 -4.123734 -1.101949 2
1.137449 2.626992 -1.474134 2
-0.233978 1.017274 -1.414187 2
-0.233978 1.017274 -1.414187 2
-0.233978 1.017274 -1.414187 2
-0.233978 1.017274 -1.414187 2
-0.233978 1.017274 -1.414187 2
-0.233978 1.017274 -1.414187 2
-0.233978 1.017274 -1.414187 2
-0.233978 1.017274 -1.414187 2
-0.233978 1.017274 -1.414187 2
0.808823 2.231832 -1.565157 2
0.808823 2.231832 -1.565157 2
7.957381 0.907386 -2.230515 2
7.957381 0.907386 -2.230515 2
8.938142 1.724639 -1.586560 2
12.167081 6.264058 0.276309 2
12.167081 6.264058 0.276309 2
24.306759 -1.166895 -3.292226 2
24.306759 -1.166895 -3.292226 2
24.306759 -1.166895 -3.292226 2
24.306759 -1.166895 -3.292226 2
24.306759 -1.166895 -3.292226 2
24.306759 -1.166895 -3.292226 2
24.306759 -1.166895 -3.292226 2
24.306759 -1.166895 -3.292226 2
24.306759 -1.166895 -3.292226 2
24.306759 -1.166895 -3.292226 2
24.306759 -1.166895 -3.292226 2
24.306759 -1.166895 -3.292226 2
24.306759 -1.166895 -3.292226 2
24.306759 -1.166895 -3.292226 2
24.306759 -1.166895 -3.292226 2
24.306759 -1.166895 -3.292226 2
24.306759 -1.166895 -3.292226 2
24.306759 -1.166895 -3.292226 2
24.306759 -1.166895 -3.292226 2
24.306759 -1.166895 -3.292226 2
24.306759 -1.166895 -3.292226 2
24.306759 -1.166895 -3.292226 2
24.306759 -1.166895 -3.292226 2
24.306759 -1.166895 -3.292226 2
24.306759 -1.166895 -3.292226 2
24.306759 -1.166895 -3.292226 2
24.306759 -1.166895 -3.292226 2
24.306759 -1.166895 -3.292226 2
24.306759 -1.166895 -3.292226 2
24.306759 -1.166895 -3.292226 2
24.306759 -1.166895 -3.292226 2
24.306759 -1.166895 -3.292226 2
24.306759 -1.166895 -3.292226 2
24.306759 -1.166895 -3.292226 2
24.306759 -1.166895 -3.292226 2
24.306759 -1.166895 -3.292226 2
24.306759 -1.166895 -3.292226 2
24.306759 -1.166895 -3.292226 2
24.306759 -1.166895 -3.292226 2
24.306759 -1.166895 -3.292226 2
24.306759 -1.166895 -3.292226 2
24.306759 -1.166895 -3.292226 2
24.306759 -1.166895 -3.292226 2
24.306759 -1.166895 -3.292226 2
24.306759 -1.166895 -3.292226 2
24.306759 -1.166895 -3.292226 2
24.306759 -1.166895 -3.292226 2
24.306759 -1.166895 -3.292226 2
24.306759 -1.166895 -3.292226 2
24.306759 -1.166895 -3.292226 2
24.306759 -1.166895 -3.292226 2
24.306759 -1.166895 -3.292226 2
24.306759 -1.166895 -3.292226 2
24.306759 -1.166895 -3.292226 2
24.306759 -1.166895 -3.292226 2
24.306759 -1.166895 -3.292226 2
24.306759 -1.166895 -3.292226 2
24.306759 -1.166895 -3.292226 2
24.306759 -1.166895 -3.292226 2
24.306759 -1.166895 -3.292226 2
24.306759 -1.166895 -3.292226 2
24.306759 -1.166895 -3.292226 2
24.306759 -1.166895 -3.292226 2
24.306759 -1.166895 -3.292226 2
24.306759 -1.166895 -3.292226 2
24.306759 -1.166895 -3.292226 2
24.306759 -1.166895 -3.292226 2
24.306759 -1.166895 -3.292226 2
24.306759 -1.166895 -3.292226 2
24.306759 -1.166895 -3.292226 2
24.306759 -1.166895 -3.292226 2
24.306759 -1.166895 -3.292226 2
24.306759 -1.166895 -3.292226 2
24.306759 -1.166895 -3.292226 2
24.306759 -1.166895 -3.292226 2
24.306759 -1.166895 -3.292226 2
24.306759 -1.166895 -3.292226 2
24.306759 -1.166895 -3.292226 2
24.306759 -1.166895 -3.292226 2
24.306759 -1.166895 -3.292226 2
24.306759 -1.166895 -3.292226 2
26.404303 3.187413 -1.621297 2
26.404303 3.187413 -1.621297 2
26.404303 3.187413 -1.621297 2
26.404303 3.187413 -1.621297 2
26.404303 3.187413 -1.621297 2
26.404303 3.187413 -1.621297 2
26.404303 3.187413 -1.621297 2
26.404303 3.187413 -1.621297 2
26.404303 3.187413 -1.621297 2
26.404303 3.187413 -1.621297 2
26.157381 2.866156 -1.297768 2
26.157381 2.866156 -1.297768 2
26.157381 2.866156 -1.297768 2
26.157381 2.866156 -1.297768 2
26.157381 2.866156 -1.297768 2
26.157381 2.866156 -1.297768 2
16.423405 2.733878 -1.412301 2
12.003823 2.069623 -1.940713 2
12.003823 2.069623 -1.940713 2
12.003823 2.069623 -1.940713 2
12.003823 2.069623 -1.940713 2
5.747192 4.790989 -1.314158 2
-1.053107 10.956437 -2.806962 2
-1.053107 10.956437 -2.806962 2
3.128882 0.598475 -1.367782 2
3.128882 0.598475 -1.367782 2
1.522300 3.353398 -0.786526 2
1.522300 3.353398 -0.786526 2
1.522300 3.353398 -0.786526 2
1.622174 1.646669 -0.409337 2
1.622174 1.646669 -0.409337 2
1.622174 1.646669 -0.409337 2
2.704268 3.368090 -3.321515 2
1.846567 1.308646 -2.448275 2
0.803458 2.474237 -0.469095 2
0.803458 2.474237 -0.469095 2
1.067065 1.211352 -2.525760 2
1.260917 1.944500 -1.383473 2
1.260917 1.944500 -1.383473 2
0.946377 2.599957 -0.824426 2
0.946377 2.599957 -0.824426 2
-0.665047 1.329299 -0.455222 2
0.829604 1.397972 -1.060025 2
1.099564 2.400284 -1.194136 2
1.099564 2.400284 -1.194136 2
1.099564 2.400284 -1.194136 2
-0.578788 2.287572 -0.490512 2
0.683877 1.421353 -1.226422 2
2.017650 2.697473 -2.057012 2
2.017650 2.697473 -2.057012 2
2.017650 2.697473 -2.057012 2
1.242537 2.186148 -1.667449 2
0.937202 1.502071 -1.232689 2
1.302271 2.216981 -1.972613 2
1.302271 2.216981 -1.972613 2
1.302271 2.216981 -1.972613 2
1.243224 1.687653 -1.749735 2
1.243224 1.687653 -1.749735 2
1.243224 1.687653 -1.749735 2
2.152056 1.963833 -1.640271 2
2.152056 1.963833 -1.640271 2
1.402697 1.777553 -1.712591 2
1.402697 1.777553 -1.712591 2
1.402697 1.777553 -1.712591 2
2.301019 2.698569 -2.045281 2
2.301019 2.698569 -2.045281 2
-1.212643 1.391968 -0.133258 2
2.791134 4.215243 -2.047948 2
0.364433 2.576569 -1.656465 2
1.281021 2.174897 -1.161606 2
1.281021 2.174897 -1.161606 2
0.382926 1.896420 -1.338184 2
3.744674 6.154653 -0.478101 2
1.242089 3.067290 -1.469712 2
1.156146 1.695939 -1.851190 2
1.156146 1.695939 -1.851190 2
1.156146 1.695939 -1.851190 2
1.156146 1.695939 -1.851190 2
1.156146 1.695939 -1.851190 2
1.306368 1.368200 -1.696755 2
1.306368 1.368200 -1.696755 2
1.306368 1.368200 -1.696755 2
-0.696045 -0.171350 -1.566680 2
-0.696045 -0.171350 -1.566680 2
-0.696045 -0.171350 -1.566680 2
-0.696045 -0.171350 -1.566680 2
-0.696045 -0.171350 -1.566680 2
-0.696045 -0.171350 -1.566680 2
-0.696045 -0.171350 -1.566680 2
-0.696045 -0.171350 -1.566680 2
-0.696045 -0.171350 -1.566680 2
-0.696045 -0.171350 -1.566680 2
-0.696045 -0.171350 -1.566680 2
-0.696045 -0.171350 -1.566680 2
-0.696045 -0.171350 -1.566680 2
-0.696045 -0.171350 -1.566680 2
0.655751 0.101714 -2.235411 2
0.655751 0.101714 -2.235411 2
2.180220 3.099426 -2.222886 2
0.910865 0.084349 -2.804267 2
0.910865 0.084349 -2.804267 2
21.319752 0.970099 -0.333534 2
21.319752 0.970099 -0.333534 2
21.319752 0.970099 -0.333534 2
21.319752 0.970099 -0.333534 2
21.319752 0.970099 -0.333534 2
21.319752 0.970099 -0.333534 2
21.319752 0.970099 -0.333534 2
21.319752 0.970099 -0.333534 2
21.319752 0.970099 -0.333534 2
21.319752 0.970099 -0.333534 2
21.319752 0.970099 -0.333534 2
21.319752 0.970099 -0.333534 2
21.319752 0.970099 -0.333534 2
21.319752 0.970099 -0.333534 2
21.319752 0.970099 -0.333534 2
21.319752 0.970099 -0.333534 2
21.319752 0.970099 -0.333534 2
21.319752 0.970099 -0.333534 2
21.319752 0.970099 -0.333534 2
21.319752 0.970099 -0.333534 2
21.319752 0.970099 -0.333534 2
21.319752 0.970099 -0.333534 2
21.319752 0.970099 -0.333534 2
21.319752 0.970099 -0.333534 2
21.319752 0.970099 -0.333534 2
21.319752 0.970099 -0.333534 2
21.319752 0.970099 -0.333534 2
21.319752 0.970099 -0.333534 2
21.319752 0.970099 -0.333534 2
21.319752 0.970099 -0.333534 2
21.319752 0.970099 -0.333534 2
21.319752 0.970099 -0.333534 2
21.319752 0.970099 -0.333534 2
21.319752 0.970099 -0.333534 2
21.319752 0.970099 -0.333534 2
21.319752 0.970099 -0.333534 2
21.319752 0.970099 -0.333534 2
21.319752 0.970099 -0.333534 2
21.319752 0.970099 -0.333534 2
33.272530 4.644650 -1.225344 2
33.272530 4.644650 -1.225344 2
33.272530 4.644650 -1.225344 2
33.272530 4.644650 -1.225344 2
33.272530 4.644650 -1.225344 2
32.591381 3.400408 -0.559290 2
32.591381 3.400408 -0.559290 2
32.591381 3.400408 -0.559290 2
32.591381 3.400408 -0.559290 2
32.591381 3.400408 -0.559290 2
32.591381 3.400408 -0.559290 2
32.591381 3.400408 -0.559290 2
32.591381 3.400408 -0.559290 2
32.591381 3.400408 -0.559290 2
32.591381 3.400408 -0.559290 2
32.591381 3.400408 -0.559290 2
32.591381 3.400408 -0.559290 2
32.591381 3.400408 -0.559290 2
32.591381 3.400408 -0.559290 2
32.591381 3.400408 -0.559290 2
32.591381 3.400408 -0.559290 2
32.591381 3.400408 -0.559290 2
32.591381 3.400408 -0.559290 2
32.591381 3.400408 -0.559290 2
32.591381 3.400408 -0.559290 2
32.591381 3.400408 -0.559290 2
32.591381 3.400408 -0.559290 2
32.591381 3.400408 -0.559290 2
32.591381 3.400408 -0.559290 2
32.591381 3.400408 -0.559290 2
32.591381 3.400408 -0.559290 2
32.591381 3.400408 -0.559290 2
32.591381 3.400408 -0.559290 2
32.591381 3.400408 -0.559290 2
23.218254 1.895918 -1.553873 2
23.163403 4.404880 -1.387443 2
23.163403 4.404880 -1.387443 2
19.020119 2.016703 -0.901434 2
19.020119 2.016703 -0.901434 2
7.811171 6.204437 -0.061061 2
7.811171 6.204437 -0.061061 2
7.811171 6.204437 -0.061061 2
5.512339 2.550722 0.283714 2
5.512339 2.550722 0.283714 2
0.657650 2.002754 -2.219689 2
0.657650 2.002754 -2.219689 2
1.713760 1.526346 -0.176982 2
1.713760 1.526346 -0.176982 2
2.030322 6.630771 -0.577433 2
2.030322 6.630771 -0.577433 2
2.030322 6.630771 -0.577433 2
2.241143 1.889348 -2.981894 2
2.241143 1.889348 -2.981894 2
2.241143 1.889348 -2.981894 2
2.241143 1.889348 -2.981894 2
2.625850 3.309210 -3.113297 2
2.625850 3.309210 -3.113297 2
2.625850 3.309210 -3.113297 2
0.700149 2.910708 -0.634523 2
0.700149 2.910708 -0.634523 2
1.361013 1.207667 -2.601433 2
1.361013 1.207667 -2.601433 2
0.834651 2.533337 -0.991020 2
-0.958884 1.589038 -0.326894 2
-0.958884 1.589038 -0.326894 2
0.670274 2.521384 -1.768886 2
0.670274 2.521384 -1.768886 2
2.198413 2.819983 -2.066308 2
2.198413 2.819983 -2.066308 2
1.226807 1.681795 -1.512719 2
0.591428 1.018250 -1.071696 2
2.362766 3.538566 -1.569945 2
2.362766 3.538566 -1.569945 2
2.362766 3.538566 -1.569945 2
0.625659 1.712977 -1.634513 2
1.108303 1.740048 -1.719150 2
1.108303 1.740048 -1.719150 2
1.901879 1.947403 -1.724891 2
1.901879 1.947403 -1.724891 2
1.901879 1.947403 -1.724891 2
1.901879 1.947403 -1.724891 2
1.176329 1.971767 -1.827116 2
1.176329 1.971767 -1.827116 2
1.176329 1.971767 -1.827116 2
-0.916223 1.311584 -0.033468 2
-0.916223 1.311584 -0.033468 2
1.055989 3.023899 -1.461651 2
1.055989 3.023899 -1.461651 2
0.228508 1.823608 -1.807291 2
0.228508 1.823608 -1.807291 2
0.190327 2.578105 -1.551072 2
0.190327 2.578105 -1.551072 2
0.190327 2.578105 -1.551072 2
1.091965 1.454195 -1.450086 2
1.091965 1.454195 -1.450086 2
-0.147836 0.889662 -1.035697 2
-0.089445 1.999963 -1.304775 2
-0.089445 1.999963 -1.304775 2
1.086717 1.896386 -1.385441 2
1.086717 1.896386 -1.385441 2
0.164904 2.023664 -1.833416 2
0.164904 2.023664 -1.833416 2
0.153097 1.877506 -1.279481 2
0.153097 1.877506 -1.279481 2
1.328857 2.511396 -0.907019 2
1.328857 2.511396 -0.907019 2
1.328857 2.511396 -0.907019 2
0.846499 2.281504 -1.490129 2
0.846499 2.281504 -1.490129 2
1.138710 1.945374 -0.935393 2
1.138710 1.945374 -0.935393 2
0.780868 0.926265 -2.236378 2
0.780868 0.926265 -2.236378 2
0.780868 0.926265 -2.236378 2
0.780868 0.926265 -2.236378 2
0.780868 0.926265 -2.236378 2
0.721227 0.054806 -2.792328 2
0.721227 0.054806 -2.792328 2
0.989779 2.001889 -1.120743 2
0.989779 2.001889 -1.120743 2
0.989779 2.001889 -1.120743 2
0.653381 1.346798 -1.936774 2
0.653381 1.346798 -1.936774 2
1.076779 1.927467 -1.023233 2
1.076779 1.927467 -1.023233 2
1.076779 1.927467 -1.023233 2
0.830379 1.706613 -1.471484 2
0.830379 1.706613 -1.471484 2
2.238559 3.588420 -2.009082 2
2.238559 3.588420 -2.009082 2
-0.584060 1.536229 0.205757 2
0.957012 1.229242 -1.196049 2
0.957012 1.229242 -1.196049 2
2.257139 3.294302 -2.044762 2
4.534776 4.320682 -0.143606 2
4.534776 4.320682 -0.143606 2
4.534776 4.320682 -0.143606 2
12.015100 2.833575 -0.494459 2
15.956782 5.235134 -0.361703 2
15.956782 5.235134 -0.361703 2
15.956782 5.235134 -0.361703 2
15.956782 5.235134 -0.361703 2
22.711573 0.383181 -3.036278 2
22.711573 0.383181 -3.036278 2
22.711573 0.383181 -3.036278 2
22.711573 0.383181 -3.036278 2
22.711573 0.383181 -3.036278 2
22.711573 0.383181 -3.036278 2
22.711573 0.383181 -3.036278 2
22.711573 0.383181 -3.036278 2
22.711573 0.383181 -3.036278 2
22.711573 0.383181 -3.036278 2
22.711573 0.383181 -3.036278 2
22.711573 0.383181 -3.036278 2
22.711573 0.383181 -3.036278 2
22.711573 0.383181 -3.036278 2
22.711573 0.383181 -3.036278 2
22.711573 0.383181 -3.036278 2
22.711573 0.383181 -3.036278 2
22.711573 0.383181 -3.036278 2
22.711573 0.383181 -3.036278 2
22.711573 0.383181 -3.036278 2
22.711573 0.383181 -3.036278 2
22.711573 0.383181 -3.036278 2
22.711573 0.383181 -3.036278 2
22.711573 0.383181 -3.036278 2
22.711573 0.383181 -3.036278 2
22.711573 0.383181 -3.036278 2
22.711573 0.383181 -3.036278 2
22.711573 0.383181 -3.036278 2
22.711573 0.383181 -3.036278 2
22.711573 0.383181 -3.036278 2
22.711573 0.383181 -3.036278 2
22.711573 0.383181 -3.036278 2
22.711573 0.383181 -3.036278 2
22.711573 0.383181 -3.036278 2
22.711573 0.383181 -3.036278 2
22.711573 0.383181 -3.036278 2
22.711573 0.383181 -3.036278 2
22.711573 0.383181 -3.036278 2
22.711573 0.383181 -3.036278 2
22.711573 0.383181 -3.036278 2
22.711573 0.383181 -3.036278 2
22.711573 0.383181 -3.036278 2
22.711573 0.383181 -3.036278 2
22.711573 0.383181 -3.036278 2
22.711573 0.383181 -3.036278 2
22.711573 0.383181 -3.036278 2
22.711573 0.383181 -3.036278 2
22.711573 0.383181 -3.036278 2
22.711573 0.383181 -3.036278 2
22.711573 0.383181 -3.036278 2
22.711573 0.383181 -3.036278 2
22.711573 0.383181 -3.036278 2
22.711573 0.383181 -3.036278 2
22.711573 0.383181 -3.036278 2
22.711573 0.383181 -3.036278 2
22.711573 0.383181 -3.036278 2
22.711573 0.383181 -3.036278 2
22.711573 0.383181 -3.036278 2
31.703413 4.418612 -1.578997 2
31.703413 4.418612 -1.578997 2
31.703413 4.418612 -1.578997 2
31.703413 4.418612 -1.578997 2
31.703413 4.418612 -1.578997 2
31.703413 4.418612 -1.578997 2
31.703413 4.418612 -1.578997 2
29.965828 2.410722 -2.710292 2
29.965828 2.410722 -2.710292 2
29.965828 2.410722 -2.710292 2
28.706814 -0.135703 -4.448934 2
28.706814 -0.135703 -4.448934 2
31.239414 1.761424 -2.198571 2
31.239414 1.761424 -2.198571 2
31.239414 1.761424 -2.198571 2
31.239414 1.761424 -2.198571 2
31.239414 1.761424 -2.198571 2
31.239414 1.761424 -2.198571 2
31.239414 1.761424 -2.198571 2
31.239414 1.761424 -2.198571 2
31.239414 1.761424 -2.198571 2
28.264282 -0.515122 -4.537301 2
28.264282 -0.515122 -4.537301 2
28.264282 -0.515122 -4.537301 2
28.264282 -0.515122 -4.537301 2
28.264282 -0.515122 -4.537301 2
28.264282 -0.515122 -4.537301 2
28.264282 -0.515122 -4.537301 2
28.264282 -0.515122 -4.537301 2
28.264282 -0.515122 -4.537301 2
28.264282 -0.515122 -4.537301 2
28.264282 -0.515122 -4.537301 2
28.264282 -0.515122 -4.537301 2
28.264282 -0.515122 -4.537301 2
28.264282 -0.515122 -4.537301 2
28.264282 -0.515122 -4.537301 2
28.264282 -0.515122 -4.537301 2
28.264282 -0.515122 -4.537301 2
28.264282 -0.515122 -4.537301 2
28.264282 -0.515122 -4.537301 2
28.264282 -0.515122 -4.537301 2
28.264282 -0.515122 -4.537301 2
7.806394 1.677875 -1.326084 2
-0.001181 4.515300 -2.701091 2
-0.001181 4.515300 -2.701091 2
3.067595 2.698152 -1.577257 2
3.067595 2.698152 -1.577257 2
3.067595 2.698152 -1.577257 2
3.067595 2.698152 -1.577257 2
3.067595 2.698152 -1.577257 2
1.021625 2.020161 -1.724126 2
1.021625 2.020161 -1.724126 2
1.021625 2.020161 -1.724126 2
1.021625 2.020161 -1.724126 2
1.021625 2.020161 -1.724126 2
1.021625 2.020161 -1.724126 2
1.614771 3.710908 -1.125573 2
1.614771 3.710908 -1.125573 2
1.614771 3.710908 -1.125573 2
1.614771 3.710908 -1.125573 2
1.614771 3.710908 -1.125573 2
-0.005320 2.669861 -1.457006 2
-0.005320 2.669861 -1.457006 2
0.482930 2.163081 -1.567557 2
0.179784 1.964238 -1.813811 2
0.179784 1.964238 -1.813811 2
0.179784 1.964238 -1.813811 2
0.179784 1.964238 -1.813811 2
0.179784 1.964238 -1.813811 2
0.179784 1.964238 -1.813811 2
0.179784 1.964238 -1.813811 2
0.179784 1.964238 -1.813811 2
0.179784 1.964238 -1.813811 2
0.179784 1.964238 -1.813811 2
0.179784 1.964238 -1.813811 2
0.179784 1.964238 -1.813811 2
0.179784 1.964238 -1.813811 2
0.179784 1.964238 -1.813811 2
0.179784 1.964238 -1.813811 2
0.179784 1.964238 -1.813811 2
0.179784 1.964238 -1.813811 2
0.179784 1.964238 -1.813811 2
0.179784 1.964238 -1.813811 2
0.179784 1.964238 -1.813811 2
0.179784 1.964238 -1.813811 2
0.179784 1.964238 -1.813811 2
0.179784 1.964238 -1.813811 2
0.179784 1.964238 -1.813811 2
0.179784 1.964238 -1.813811 2
0.179784 1.964238 -1.813811 2
0.179784 1.964238 -1.813811 2
0.179784 1.964238 -1.813811 2
0.179784 1.964238 -1.813811 2
0.179784 1.964238 -1.813811 2
0.179784 1.964238 -1.813811 2
0.179784 1.964238 -1.813811 2
0.179784 1.964238 -1.813811 2
0.179784 1.964238 -1.813811 2
0.179784 1.964238 -1.813811 2
0.179784 1.964238 -1.813811 2
0.635602 1.337786 -1.968474 2
0.635602 1.337786 -1.968474 2
0.635602 1.337786 -1.968474 2
2.474377 3.927336 -2.019286 2
2.474377 3.927336 -2.019286 2
0.997465 0.943443 -1.403887 2
0.997465 0.943443 -1.403887 2
2.425421 3.736696 -2.180006 2
2.425421 3.736696 -2.180006 2
2.425421 3.736696 -2.180006 2
1.067310 1.735161 -1.196612 2
1.067310 1.735161 -1.196612 2
3.123003 4.243760 -2.262405 2
0.950694 1.750690 -1.466141 2
0.950694 1.750690 -1.466141 2
0.658802 1.514173 -1.545396 2
0.658802 1.514173 -1.545396 2
2.617633 4.000823 -1.674256 2
2.617633 4.000823 -1.674256 2
2.617633 4.000823 -1.674256 2
0.604121 1.445146 -1.420176 2
0.604121 1.445146 -1.420176 2
2.181554 2.178738 -2.075877 2
2.181554 2.178738 -2.075877 2
0.911849 1.849682 -1.444893 2
0.911849 1.849682 -1.444893 2
