0.306072 3.262928 -0.962167 2
0.306072 3.262928 -0.962167 2
1.022956 2.953939 -1.226249 2
1.022956 2.953939 -1.226249 2
0.374489 1.543306 -1.466338 2
0.374489 1.543306 -1.466338 2
0.159812 1.515389 -1.544508 2
0.159812 1.515389 -1.544508 2
1.934022 3.811778 -1.429441 2
1.934022 3.811778 -1.429441 2
0.906136 2.769265 -1.144093 2
0.906136 2.769265 -1.144093 2
0.925494 2.836926 -1.192081 2
0.925494 2.836926 -1.192081 2
0.179095 1.200227 -1.459931 2
0.452774 1.481079 -1.468564 2
0.452774 1.481079 -1.468564 2
0.322320 1.560187 -1.490036 2
0.322320 1.560187 -1.490036 2
0.486387 1.784079 -1.560832 2
0.486387 1.784079 -1.560832 2
0.384822 1.642997 -1.567158 2
0.351394 1.592318 -1.562981 2
0.351394 1.592318 -1.562981 2
0.335397 1.718985 -1.600477 2
0.335397 1.718985 -1.600477 2
0.298133 1.598656 -1.520428 2
0.298133 1.598656 -1.520428 2
0.329018 1.784000 -1.626739 2
0.319902 1.648535 -1.526319 2
0.319902 1.648535 -1.526319 2
0.386718 1.531608 -1.558173 2
0.386718 1.531608 -1.558173 2
0.476804 1.654944 -1.512109 2
0.381265 1.699351 -1.570839 2
0.381265 1.699351 -1.570839 2
0.370235 1.590844 -1.498653 2
0.370235 1.590844 -1.498653 2
0.330342 1.568044 -1.435135 2
0.330342 1.568044 -1.435135 2
0.357832 1.683369 -1.454114 2
0.281679 1.320497 -1.353430 2
0.281679 1.320497 -1.353430 2
0.359666 1.584126 -1.517773 2
0.359666 1.584126 -1.517773 2
0.349685 1.215534 -1.547794 2
0.349685 1.215534 -1.547794 2
0.325087 1.463876 -1.509881 2
0.325087 1.463876 -1.509881 2
0.375006 1.633414 -1.466949 2
0.448364 1.614995 -1.437925 2
0.448364 1.614995 -1.437925 2
0.207601 1.568625 -1.626421 2
0.207601 1.568625 -1.626421 2
0.276487 1.357278 -1.350157 2
0.276487 1.357278 -1.350157 2
0.266995 1.469979 -1.389671 2
0.318967 1.455660 -1.369403 2
0.274355 1.689969 -1.593348 2
0.287203 1.415580 -1.284851 2
0.287203 1.415580 -1.284851 2
0.199788 1.320478 -1.336370 2
0.199788 1.320478 -1.336370 2
0.160511 1.490700 -1.640095 2
0.287633 1.466120 -1.669515 2
0.287633 1.466120 -1.669515 2
0.327794 1.398231 -1.570475 2
0.327794 1.398231 -1.570475 2
0.192703 1.334541 -1.398068 2
0.192703 1.334541 -1.398068 2
0.210018 1.370816 -1.563130 2
0.221556 1.404965 -1.349078 2
0.221556 1.404965 -1.349078 2
0.255546 1.402850 -1.327136 2
0.255546 1.402850 -1.327136 2
0.270420 1.501911 -1.331635 2
0.270420 1.501911 -1.331635 2
0.203725 1.378454 -1.325115 2
0.215669 1.409447 -1.291521 2
0.215669 1.409447 -1.291521 2
0.255403 1.485621 -1.312063 2
0.255403 1.485621 -1.312063 2
0.178814 1.346792 -1.311357 2
0.178814 1.346792 -1.311357 2
-0.025203 1.067376 -1.415577 2
0.159348 1.633058 -1.531371 2
0.159348 1.633058 -1.531371 2
0.037879 1.205255 -1.385693 2
0.037879 1.205255 -1.385693 2
0.001730 1.004359 -1.481949 2
0.001730 1.004359 -1.481949 2
0.182947 1.395792 -1.467133 2
0.221915 1.355988 -1.346565 2
0.221915 1.355988 -1.346565 2
-0.055008 1.116216 -1.517747 2
-0.055008 1.116216 -1.517747 2
0.010315 1.197346 -1.492756 2
0.010315 1.197346 -1.492756 2
0.128793 1.108836 -1.423529 2
0.116063 1.389783 -1.537752 2
0.116063 1.389783 -1.537752 2
0.031926 1.144715 -1.449140 2
0.031926 1.144715 -1.449140 2
0.080769 1.217778 -1.449080 2
0.080769 1.217778 -1.449080 2
0.144389 1.216019 -1.470297 2
0.325728 1.796022 -1.516180 2
0.325728 1.796022 -1.516180 2
0.087348 1.417166 -1.495236 2
0.087348 1.417166 -1.495236 2
0.222183 1.690493 -1.532645 2
0.222183 1.690493 -1.532645 2
0.035195 1.166931 -1.387077 2
0.040535 1.179453 -1.408255 2
0.040535 1.179453 -1.408255 2
-0.251930 0.840663 -1.503887 2
-0.251930 0.840663 -1.503887 2
-0.114751 1.143414 -1.655094 2
-0.062533 1.495360 -1.595364 2
0.016614 1.297907 -1.564171 2
-0.086438 1.346165 -1.510183 2
-0.086438 1.346165 -1.510183 2
0.110432 1.596893 -1.408446 2
0.110432 1.596893 -1.408446 2
-0.194119 1.221874 -1.632168 2
-0.194119 1.221874 -1.632168 2
-0.221684 1.276302 -1.506337 2
-0.097349 1.337480 -1.551469 2
-0.140376 1.316273 -1.577871 2
0.030888 1.317557 -1.534580 2
0.030888 1.317557 -1.534580 2
-0.062628 1.359815 -1.492008 2
-0.062628 1.359815 -1.492008 2
-0.058754 1.529897 -1.490486 2
0.064156 1.417642 -1.570222 2
0.064156 1.417642 -1.570222 2
0.146386 1.461911 -1.501079 2
0.146386 1.461911 -1.501079 2
0.111436 1.491369 -1.501444 2
0.111436 1.491369 -1.501444 2
0.068339 1.554795 -1.527916 2
0.178611 1.482586 -1.392983 2
0.178611 1.482586 -1.392983 2
0.225318 1.656143 -1.536143 2
0.225318 1.656143 -1.536143 2
0.165667 1.515220 -1.455700 2
0.165667 1.515220 -1.455700 2
0.032260 1.358618 -1.479038 2
0.122308 1.349213 -1.509796 2
0.122308 1.349213 -1.509796 2
-0.024758 1.126832 -1.375235 2
-0.024758 1.126832 -1.375235 2
0.521209 1.579292 -1.523464 2
0.521209 1.579292 -1.523464 2
0.177459 1.453215 -1.327851 2
0.177459 1.453215 -1.327851 2
-0.256101 1.045070 -1.636048 2
0.106716 1.467940 -1.437600 2
0.106716 1.467940 -1.437600 2
0.144639 1.705603 -1.554230 2
0.144639 1.705603 -1.554230 2
-0.122183 1.527529 -1.643327 2
0.059795 1.260435 -1.402878 2
0.059795 1.260435 -1.402878 2
-0.750525 1.434959 -0.894207 2
-0.750525 1.434959 -0.894207 2
0.083376 1.555904 -1.481226 2
0.083376 1.555904 -1.481226 2
0.005563 1.336424 -1.450896 2
0.005563 1.336424 -1.450896 2
-0.075655 1.221609 -1.443640 2
-0.005552 1.345881 -1.481050 2
-0.005552 1.345881 -1.481050 2
-0.013993 1.535879 -1.491910 2
-0.013993 1.535879 -1.491910 2
0.069522 1.528888 -1.491361 2
-0.199441 0.986766 -1.548816 2
-0.199441 0.986766 -1.548816 2
-0.025448 1.270364 -1.426398 2
-0.025448 1.270364 -1.426398 2
0.009442 1.232113 -1.476081 2
0.009442 1.232113 -1.476081 2
0.038877 1.268691 -1.470273 2
-0.024413 1.242269 -1.432902 2
-0.024413 1.242269 -1.432902 2
0.273769 1.385526 -1.444075 2
0.273769 1.385526 -1.444075 2
0.005805 1.215187 -1.422448 2
-0.065423 1.265409 -1.558658 2
-0.000214 1.229364 -1.392762 2
-0.082404 1.254494 -1.485504 2
0.245136 1.554077 -1.506209 2
-0.184189 1.069229 -1.396573 2
-0.184189 1.069229 -1.396573 2
-0.157394 1.016067 -1.523757 2
-0.157394 1.016067 -1.523757 2
0.156946 1.353216 -1.470834 2
-0.048846 3.585265 -0.597580 2
-0.048846 3.585265 -0.597580 2
0.840333 2.611291 -1.871068 2
0.840333 2.611291 -1.871068 2
-0.159286 1.072143 -1.573001 2
-0.159286 1.072143 -1.573001 2
0.074532 1.400220 -1.235668 2
0.123894 1.397567 -1.267583 2
0.123894 1.397567 -1.267583 2
0.082151 1.571985 -1.495568 2
0.082151 1.571985 -1.495568 2
-0.732047 1.446605 -0.837624 2
-0.732047 1.446605 -0.837624 2
0.135660 1.477460 -1.239645 2
0.088811 1.502810 -1.597251 2
0.088811 1.502810 -1.597251 2
0.146533 1.538630 -1.222924 2
0.146533 1.538630 -1.222924 2
0.034023 1.392852 -1.254023 2
0.034023 1.392852 -1.254023 2
0.116886 1.428764 -1.219963 2
0.056978 1.397599 -1.276148 2
0.056978 1.397599 -1.276148 2
0.104787 1.444586 -1.241366 2
0.104787 1.444586 -1.241366 2
0.099787 1.510551 -1.240145 2
0.099787 1.510551 -1.240145 2
-0.013957 1.639304 -1.545076 2
0.055657 1.330428 -1.365962 2
0.055657 1.330428 -1.365962 2
0.128487 1.371346 -1.323549 2
0.128487 1.371346 -1.323549 2
-0.035740 1.435792 -1.434649 2
-0.035740 1.435792 -1.434649 2
0.006009 1.598822 -1.524046 2
-0.001730 1.624012 -1.580521 2
-0.001730 1.624012 -1.580521 2
-0.090000 1.639710 -1.568224 2
-0.090000 1.639710 -1.568224 2
0.107813 1.478045 -1.278417 2
0.107813 1.478045 -1.278417 2
0.087383 1.462246 -1.304878 2
0.121674 1.531789 -1.286720 2
0.121674 1.531789 -1.286720 2
0.024155 1.698737 -1.403740 2
0.024155 1.698737 -1.403740 2
0.120887 1.309610 -1.216620 2
0.202500 1.385937 -1.236539 2
0.092838 1.465377 -1.210210 2
0.189556 1.532607 -1.243464 2
0.189556 1.532607 -1.243464 2
0.131917 1.432548 -1.340049 2
0.131917 1.432548 -1.340049 2
0.150743 1.499858 -1.161291 2
0.150743 1.499858 -1.161291 2
0.116644 1.457429 -1.228287 2
0.168685 1.655856 -1.183247 2
0.189486 1.572456 -1.189494 2
0.017027 1.536636 -1.285457 2
0.017027 1.536636 -1.285457 2
0.135926 1.508834 -1.352465 2
0.135926 1.508834 -1.352465 2
0.223317 1.575167 -1.192719 2
0.223317 1.575167 -1.192719 2
0.164857 1.562882 -1.135279 2
0.169834 1.730721 -1.237931 2
0.169834 1.730721 -1.237931 2
0.184611 1.570629 -1.263260 2
0.184611 1.570629 -1.263260 2
1.492675 3.591484 -1.642884 2
0.247521 1.846801 -1.426523 2
0.247521 1.846801 -1.426523 2
0.261358 1.806063 -1.538022 2
0.261358 1.806063 -1.538022 2
0.137584 1.714983 -1.454945 2
0.137584 1.714983 -1.454945 2
1.726545 3.872561 -1.552477 2
1.337314 3.317744 -1.753772 2
1.337314 3.317744 -1.753772 2
0.019955 3.950313 -0.550685 2
0.019955 3.950313 -0.550685 2
1.517059 3.941246 -1.676004 2
1.517059 3.941246 -1.676004 2
0.308630 1.945013 -1.476711 2
0.384365 1.985291 -1.456190 2
0.384365 1.985291 -1.456190 2
0.100425 3.991086 -0.562601 2
0.100425 3.991086 -0.562601 2
1.501738 3.597292 -1.807269 2
1.501738 3.597292 -1.807269 2
-0.614816 0.322803 -1.920944 2
1.683240 3.748516 -1.778895 2
1.683240 3.748516 -1.778895 2
0.163355 3.988664 -0.628739 2
0.163355 3.988664 -0.628739 2
0.454134 1.974985 -1.366983 2
0.454134 1.974985 -1.366983 2
0.153688 4.174054 -0.619471 2
1.270311 3.245439 -1.833357 2
1.270311 3.245439 -1.833357 2
1.112617 3.110273 -1.933650 2
1.112617 3.110273 -1.933650 2
1.603878 3.645594 -1.766778 2
1.603878 3.645594 -1.766778 2
-0.308966 1.391916 -1.936690 2
0.448875 2.206390 -1.502728 2
0.448875 2.206390 -1.502728 2
0.305877 2.134548 -1.497458 2
0.305877 2.134548 -1.497458 2
-0.047950 4.021474 -0.584472 2
-0.047950 4.021474 -0.584472 2
0.347751 2.063751 -1.453054 2
0.137123 1.968157 -1.599269 2
0.137123 1.968157 -1.599269 2
0.388255 2.140253 -1.475131 2
0.388255 2.140253 -1.475131 2
0.368953 1.946089 -1.542220 2
0.401706 2.046797 -1.541250 2
0.480217 2.284489 -1.478922 2
0.317280 2.021073 -1.431866 2
0.317280 2.021073 -1.431866 2
0.333873 2.131235 -1.427767 2
0.333873 2.131235 -1.427767 2
0.312485 2.011256 -1.381144 2
0.312485 2.011256 -1.381144 2
0.355025 2.140547 -1.407126 2
0.377591 2.129373 -1.409514 2
0.333661 2.173006 -1.328151 2
0.333661 2.173006 -1.328151 2
0.333661 2.173006 -1.328151 2
0.151930 2.005864 -1.439911 2
0.151930 2.005864 -1.439911 2
0.299391 1.985588 -1.414755 2
0.375135 2.140609 -1.443749 2
0.375135 2.140609 -1.443749 2
0.240689 2.019934 -1.396258 2
0.240689 2.019934 -1.396258 2
0.201064 2.100106 -1.372297 2
0.201064 2.100106 -1.372297 2
0.201064 2.100106 -1.372297 2
0.148567 1.922343 -1.442901 2
0.148567 1.922343 -1.442901 2
0.148567 1.922343 -1.442901 2
0.148567 1.922343 -1.442901 2
0.261048 2.022449 -1.455117 2
0.188887 1.676882 -1.388298 2
0.229799 2.054220 -1.427446 2
0.253963 2.061230 -1.413440 2
0.253963 2.061230 -1.413440 2
0.213759 2.173344 -1.415575 2
0.213759 2.173344 -1.415575 2
0.183389 2.105353 -1.386693 2
0.153300 2.056340 -1.365008 2
0.113008 2.007332 -1.346360 2
0.149227 2.106753 -1.429739 2
0.149227 2.106753 -1.429739 2
0.172033 2.015440 -1.452134 2
0.172033 2.015440 -1.452134 2
0.342200 2.016354 -1.424139 2
0.342200 2.016354 -1.424139 2
0.306168 2.255723 -1.401315 2
0.350521 2.370409 -1.411088 2
0.350521 2.370409 -1.411088 2
0.438618 2.786254 -1.336687 2
0.438618 2.786254 -1.336687 2
0.436920 2.738976 -1.401954 2
0.436920 2.738976 -1.401954 2
0.700380 3.174989 -1.306135 2
0.359790 2.648372 -1.384573 2
0.359790 2.648372 -1.384573 2
0.446035 2.664599 -1.441814 2
0.446035 2.664599 -1.441814 2
0.519492 2.862881 -1.281428 2
0.519492 2.862881 -1.281428 2
0.336078 2.282464 -1.287713 2
0.418823 2.336046 -1.323679 2
0.418823 2.336046 -1.323679 2
0.374732 2.345669 -1.347175 2
0.374732 2.345669 -1.347175 2
0.140641 2.183433 -1.438472 2
0.140641 2.183433 -1.438472 2
0.192917 2.121786 -1.355295 2
0.227412 2.170538 -1.431426 2
0.227412 2.170538 -1.431426 2
0.186567 1.699915 -1.300544 2
0.186567 1.699915 -1.300544 2
-0.070495 2.334038 -1.063939 2
-0.070495 2.334038 -1.063939 2
0.356243 2.296575 -1.418651 2
0.189966 1.998852 -1.390949 2
0.370841 2.311074 -1.330770 2
0.327515 1.916156 -1.396742 2
0.327515 1.916156 -1.396742 2
0.433302 2.363647 -1.291197 2
0.433302 2.363647 -1.291197 2
-0.056399 3.970133 -0.542217 2
1.360185 3.704504 -1.491803 2
1.086754 3.190049 -1.864447 2
0.249960 2.027198 -1.384770 2
0.249960 2.027198 -1.384770 2
0.109101 1.931763 -1.327757 2
0.109101 1.931763 -1.327757 2
0.310044 2.248835 -1.354202 2
0.310044 2.248835 -1.354202 2
0.310044 2.248835 -1.354202 2
0.294106 2.322415 -1.406755 2
0.294106 2.322415 -1.406755 2
-0.100202 2.288636 -1.003137 2
-0.100202 2.288636 -1.003137 2
0.322645 2.172873 -1.424781 2
1.278237 3.751653 -1.483532 2
1.278237 3.751653 -1.483532 2
1.036748 3.207573 -1.695050 2
1.036748 3.207573 -1.695050 2
-0.915935 0.183846 -1.685131 2
-0.915935 0.183846 -1.685131 2
1.347618 3.679571 -1.529634 2
-0.010552 3.710966 -0.587251 2
-0.010552 3.710966 -0.587251 2
1.147306 3.326012 -1.657274 2
1.147306 3.326012 -1.657274 2
-0.094262 3.660050 -0.588084 2
-0.094262 3.660050 -0.588084 2
1.332350 3.509751 -1.539817 2
1.294341 3.877875 -1.681581 2
1.294341 3.877875 -1.681581 2
1.355663 3.527852 -1.579592 2
1.355663 3.527852 -1.579592 2
-0.647375 0.627388 -1.629724 2
1.205388 3.597558 -1.704068 2
-0.021964 3.341533 -0.632868 2
-0.063540 3.552258 -0.575564 2
-0.063540 3.552258 -0.575564 2
1.234123 3.359379 -1.591605 2
1.234123 3.359379 -1.591605 2
0.039217 3.666384 -0.553209 2
0.039217 3.666384 -0.553209 2
1.344509 3.435542 -1.689270 2
0.265672 3.419299 -0.728630 2
0.265672 3.419299 -0.728630 2
-0.683928 0.414342 -1.659507 2
-0.683928 0.414342 -1.659507 2
1.457054 3.518665 -1.591499 2
1.457054 3.518665 -1.591499 2
1.432649 3.559030 -1.498824 2
1.207252 3.298700 -1.604044 2
1.207252 3.298700 -1.604044 2
0.016459 3.860510 -0.489018 2
0.016459 3.860510 -0.489018 2
-0.065607 3.844239 -0.525881 2
-0.065607 3.844239 -0.525881 2
0.352654 2.142950 -1.388126 2
0.105640 1.869832 -1.453274 2
0.105640 1.869832 -1.453274 2
0.342536 1.790568 -1.373464 2
0.342536 1.790568 -1.373464 2
0.174886 1.796641 -1.388952 2
0.174886 1.796641 -1.388952 2
0.245377 1.816196 -1.402321 2
0.305774 2.098953 -1.415761 2
0.344245 2.001918 -1.407321 2
0.279115 1.789599 -1.443229 2
0.279115 1.789599 -1.443229 2
0.296180 1.863507 -1.391113 2
0.296180 1.863507 -1.391113 2
0.406404 2.171325 -1.295108 2
0.241058 2.105337 -1.359043 2
0.241058 2.105337 -1.359043 2
0.293173 1.961160 -1.324663 2
0.293173 1.961160 -1.324663 2
0.166791 1.744822 -1.427514 2
0.264292 1.990593 -1.390964 2
0.301791 2.113045 -1.389432 2
0.281772 2.069071 -1.465173 2
0.281772 2.069071 -1.465173 2
0.195059 1.861309 -1.403291 2
0.195059 1.861309 -1.403291 2
-0.014401 1.982888 -1.081056 2
-0.014401 1.982888 -1.081056 2
0.293396 2.099107 -1.384551 2
0.253059 1.998284 -1.345457 2
0.253059 1.998284 -1.345457 2
0.312482 1.991938 -1.337214 2
0.312482 1.991938 -1.337214 2
0.285710 2.067380 -1.370149 2
0.285710 2.067380 -1.370149 2
-0.013328 1.999872 -1.097662 2
0.315027 1.994865 -1.316782 2
0.315027 1.994865 -1.316782 2
0.251122 1.904820 -1.379422 2
0.177980 1.937316 -1.302820 2
0.065063 1.919122 -1.411948 2
0.065063 1.919122 -1.411948 2
0.216060 2.052760 -1.372491 2
0.132181 1.845332 -1.244424 2
0.236886 2.033253 -1.361201 2
0.154795 1.995830 -1.331246 2
0.094131 1.784312 -1.265940 2
0.230325 1.927106 -1.326098 2
0.230325 1.927106 -1.326098 2
0.184920 1.922567 -1.326280 2
0.300695 1.962490 -1.350807 2
0.248854 1.857799 -1.333007 2
0.026431 1.822232 -1.329576 2
0.114022 1.853373 -1.396744 2
0.305567 1.996995 -1.380173 2
0.404051 2.163704 -1.352194 2
0.175860 1.986184 -1.327159 2
0.297012 2.039889 -1.322784 2
0.126301 1.969190 -1.463814 2
0.098505 2.005925 -1.312886 2
0.233733 2.141889 -1.381433 2
0.148447 1.987425 -1.362808 2
0.199010 2.061046 -1.360646 2
0.117872 1.933275 -1.369493 2
0.214548 2.071569 -1.315654 2
0.067693 1.978311 -1.357778 2
0.361832 2.238254 -1.442546 2
0.169341 2.055020 -1.332528 2
0.284412 2.119390 -1.423416 2
0.284412 2.119390 -1.423416 2
0.186339 1.973223 -1.394746 2
0.229868 2.198221 -1.353679 2
0.095129 2.013638 -1.363269 2
0.127363 2.017247 -1.348426 2
-0.839525 0.774337 -1.464217 2
0.056833 1.935933 -1.431986 2
0.056833 1.935933 -1.431986 2
0.101384 1.979164 -1.344643 2
0.145698 2.129064 -1.327262 2
0.198824 2.101332 -1.377018 2
0.128492 1.956693 -1.347759 2
0.129952 2.095587 -1.352961 2
0.309972 2.299899 -1.359804 2
0.316304 2.326938 -1.312236 2
0.124658 2.073060 -1.384345 2
0.073849 1.933671 -1.368813 2
0.244386 1.929936 -1.388805 2
0.176310 2.099774 -1.391684 2
0.099700 1.922969 -1.385860 2
0.171732 1.940492 -1.344683 2
0.234959 1.949860 -1.382046 2
0.185461 2.022609 -1.443185 2
0.261697 2.249565 -1.321889 2
0.261697 2.249565 -1.321889 2
0.148768 1.940517 -1.309754 2
0.229669 1.901784 -1.345174 2
0.151987 2.126177 -1.425992 2
0.185628 2.035418 -1.360538 2
0.159274 1.998366 -1.384441 2
0.167887 2.059136 -1.398614 2
0.103266 1.947659 -1.341847 2
0.088275 1.906659 -1.357637 2
0.148066 1.957584 -1.323127 2
0.053703 2.006014 -1.412726 2
0.053703 2.006014 -1.412726 2
-2.227845 2.072652 -0.224871 2
0.281695 2.271817 -1.281792 2
0.065345 2.024108 -1.332589 2
0.066781 1.838263 -1.392611 2
0.326290 2.275537 -1.318183 2
0.018314 1.816548 -1.372139 2
0.018314 1.816548 -1.372139 2
0.365858 2.375786 -1.372422 2
0.396222 2.230333 -1.353168 2
0.217972 1.896556 -1.369303 2
0.089970 1.875239 -1.403124 2
-0.125636 2.330152 -1.002533 2
0.279094 1.935248 -1.445769 2
0.279094 1.935248 -1.445769 2
0.338848 2.230007 -1.287173 2
0.254118 2.096629 -1.323650 2
0.080599 1.972527 -1.334828 2
-0.156104 2.268939 -0.988338 2
0.376361 2.194463 -1.305120 2
0.096492 1.863282 -1.437287 2
0.264240 2.222221 -1.325982 2
0.400822 2.255671 -1.319632 2
0.414114 2.232782 -1.315294 2
0.414114 2.232782 -1.315294 2
0.326885 2.216535 -1.339061 2
0.297745 2.320818 -1.342417 2
0.215567 2.185752 -1.345038 2
0.215567 2.185752 -1.345038 2
0.338953 2.329585 -1.341836 2
0.377120 2.241920 -1.336167 2
0.319741 2.263380 -1.317721 2
-0.140992 2.305445 -0.987739 2
0.258505 2.203032 -1.335032 2
0.248026 2.264531 -1.338630 2
0.286147 2.264544 -1.335210 2
0.379871 2.184379 -1.327201 2
-0.160259 2.358424 -1.026221 2
0.257234 2.284140 -1.337115 2
0.308955 2.177626 -1.333549 2
0.255329 2.196525 -1.315486 2
0.323501 2.301330 -1.320278 2
-0.180428 2.327986 -0.993657 2
0.318321 2.242902 -1.380333 2
0.328530 2.284609 -1.369671 2
-0.157204 2.215244 -0.992388 2
0.249997 2.160583 -1.311468 2
0.081938 1.972449 -1.314824 2
-0.138993 2.239613 -0.976788 2
-0.138993 2.239613 -0.976788 2
-0.922737 0.765872 -0.926793 2
-0.922737 0.765872 -0.926793 2
-1.001824 1.593876 -0.859849 2
0.027770 1.940058 -1.365447 2
0.027770 1.940058 -1.365447 2
0.428435 2.341470 -1.369283 2
0.341790 2.234913 -1.322278 2
0.316445 2.212431 -1.338681 2
0.268207 2.216902 -1.377938 2
-0.204419 2.330957 -1.012146 2
-0.204419 2.330957 -1.012146 2
0.263143 2.262849 -1.327232 2
0.263143 2.262849 -1.327232 2
0.059537 1.922349 -1.368321 2
0.059537 1.922349 -1.368321 2
0.072686 1.868994 -1.375256 2
0.203380 1.996781 -1.405163 2
0.203380 1.996781 -1.405163 2
0.203380 1.996781 -1.405163 2
0.203380 1.996781 -1.405163 2
0.151523 1.979337 -1.362669 2
0.109484 1.890775 -1.320251 2
0.109484 1.890775 -1.320251 2
0.024802 1.728140 -1.522153 2
0.024802 1.728140 -1.522153 2
0.108557 2.089220 -1.361657 2
0.123567 2.004326 -1.380761 2
0.123567 2.004326 -1.380761 2
0.170905 2.061976 -1.415544 2
-0.043208 1.883406 -1.387751 2
-0.043208 1.883406 -1.387751 2
-0.043208 1.883406 -1.387751 2
-0.973410 0.449478 -1.415789 2
-0.973410 0.449478 -1.415789 2
0.122663 1.908978 -1.427296 2
0.149199 1.979543 -1.354531 2
0.149199 1.979543 -1.354531 2
0.122187 2.132867 -1.381448 2
0.122187 2.132867 -1.381448 2
0.106110 1.952050 -1.403049 2
0.106110 1.952050 -1.403049 2
0.029846 1.864921 -1.363453 2
0.281760 1.918325 -1.401524 2
0.281760 1.918325 -1.401524 2
0.157271 1.910854 -1.303471 2
0.157271 1.910854 -1.303471 2
0.046920 1.810526 -1.436667 2
0.197533 1.954500 -1.371756 2
0.150535 2.146116 -1.382281 2
0.057686 1.788931 -1.361915 2
0.057686 1.788931 -1.361915 2
0.031738 1.940472 -1.348920 2
0.031738 1.940472 -1.348920 2
0.146147 1.930089 -1.254496 2
0.042974 1.902964 -1.394127 2
0.153497 2.092942 -1.413897 2
0.079020 2.004768 -1.367111 2
0.079020 2.004768 -1.367111 2
0.127530 1.977973 -1.342092 2
0.127530 1.977973 -1.342092 2
0.131383 2.081645 -1.355329 2
0.122175 1.882602 -1.481498 2
0.222253 1.926547 -1.385081 2
0.149065 1.998458 -1.352459 2
0.149065 1.998458 -1.352459 2
0.131112 2.005117 -1.353128 2
0.131112 2.005117 -1.353128 2
0.152168 1.944734 -1.336836 2
0.152168 1.944734 -1.336836 2
0.097569 1.847734 -1.300718 2
0.249042 2.104928 -1.368594 2
0.249042 2.104928 -1.368594 2
0.103384 1.975847 -1.347796 2
0.103384 1.975847 -1.347796 2
0.109511 1.990912 -1.366841 2
0.109511 1.990912 -1.366841 2
0.177431 1.938055 -1.341244 2
0.168815 1.894800 -1.400832 2
0.212513 1.991466 -1.475150 2
0.103855 1.799509 -1.391952 2
0.103855 1.799509 -1.391952 2
0.092296 1.972753 -1.308644 2
0.092296 1.972753 -1.308644 2
0.125148 1.936048 -1.361655 2
0.158546 1.954446 -1.357600 2
0.124262 1.960691 -1.343419 2
0.132224 2.042147 -1.360980 2
0.132224 2.042147 -1.360980 2
0.369177 1.975452 -1.353211 2
0.227498 1.931856 -1.379088 2
0.227498 1.931856 -1.379088 2
-0.415575 1.084734 -1.450930 2
-0.415575 1.084734 -1.450930 2
-0.415575 1.084734 -1.450930 2
-0.415575 1.084734 -1.450930 2
0.261511 1.793339 -1.391124 2
0.261511 1.793339 -1.391124 2
0.261511 1.793339 -1.391124 2
0.123363 2.105837 -1.376847 2
0.123363 2.105837 -1.376847 2
0.123363 2.105837 -1.376847 2
0.123363 2.105837 -1.376847 2
0.113604 1.895836 -1.344250 2
0.192923 1.986338 -1.351585 2
0.205750 1.951510 -1.305595 2
0.177927 1.915872 -1.401971 2
0.177927 1.915872 -1.401971 2
0.387918 2.014178 -1.376687 2
0.387918 2.014178 -1.376687 2
0.137734 1.789102 -1.347971 2
0.137734 1.789102 -1.347971 2
0.158676 1.855477 -1.304684 2
0.158676 1.855477 -1.304684 2
0.158676 1.855477 -1.304684 2
0.080471 1.895823 -1.321130 2
0.080471 1.895823 -1.321130 2
0.218420 2.074830 -1.385897 2
0.218420 2.074830 -1.385897 2
0.195374 1.943406 -1.426869 2
0.195374 1.943406 -1.426869 2
0.195374 1.943406 -1.426869 2
0.115113 1.900286 -1.393090 2
0.115113 1.900286 -1.393090 2
0.219639 2.129231 -1.299971 2
0.219639 2.129231 -1.299971 2
0.133146 1.955472 -1.348113 2
0.133146 1.955472 -1.348113 2
0.133146 1.955472 -1.348113 2
0.220122 2.019412 -1.387092 2
0.220122 2.019412 -1.387092 2
0.268784 1.892718 -1.405832 2
0.268784 1.892718 -1.405832 2
0.223123 1.942605 -1.295278 2
0.130158 1.906873 -1.347938 2
0.130158 1.906873 -1.347938 2
0.003031 1.908065 -1.340688 2
0.003031 1.908065 -1.340688 2
0.186968 1.955317 -1.274622 2
0.186968 1.955317 -1.274622 2
0.160805 1.996242 -1.400556 2
0.188475 2.016797 -1.365255 2
0.188475 2.016797 -1.365255 2
0.166279 1.905483 -1.391171 2
0.166279 1.905483 -1.391171 2
0.098581 1.777433 -1.374949 2
0.098581 1.777433 -1.374949 2
0.125315 1.830649 -1.381024 2
0.107528 1.765933 -1.423885 2
0.232896 1.914102 -1.342529 2
0.113224 1.890957 -1.420640 2
0.113224 1.890957 -1.420640 2
0.401021 2.174750 -1.210917 2
0.401021 2.174750 -1.210917 2
0.264998 1.897876 -1.343993 2
0.187855 2.015466 -1.436163 2
0.187855 2.015466 -1.436163 2
0.160958 1.859018 -1.401678 2
0.160958 1.859018 -1.401678 2
0.130631 1.802910 -1.410745 2
0.130631 1.802910 -1.410745 2
0.250447 1.952881 -1.477078 2
0.332829 1.838101 -1.447399 2
0.332829 1.838101 -1.447399 2
0.227154 2.038700 -1.498565 2
0.227154 2.038700 -1.498565 2
0.225318 1.948390 -1.383291 2
0.176692 1.909269 -1.358202 2
0.187232 1.900311 -1.358958 2
0.063443 1.770757 -1.363464 2
0.063443 1.770757 -1.363464 2
0.158281 1.870248 -1.320732 2
0.158281 1.870248 -1.320732 2
0.126177 1.878447 -1.349973 2
0.126177 1.878447 -1.349973 2
0.133161 1.936658 -1.373127 2
0.243982 1.889443 -1.352235 2
0.243982 1.889443 -1.352235 2
0.203386 1.997681 -1.418896 2
0.203386 1.997681 -1.418896 2
0.271108 2.049448 -1.420937 2
0.271108 2.049448 -1.420937 2
0.218164 1.715994 -1.350681 2
0.220571 2.025982 -1.340936 2
0.220571 2.025982 -1.340936 2
0.094048 1.800458 -1.398434 2
0.094048 1.800458 -1.398434 2
0.302768 2.036963 -1.394900 2
0.302768 2.036963 -1.394900 2
0.194360 1.999822 -1.405475 2
0.221405 2.021506 -1.357432 2
0.221405 2.021506 -1.357432 2
0.305576 1.781077 -1.354003 2
0.305576 1.781077 -1.354003 2
0.193056 1.943405 -1.336811 2
0.229488 1.962729 -1.432901 2
0.242193 1.950218 -1.388051 2
0.256418 2.009931 -1.353917 2
0.256418 2.009931 -1.353917 2
0.122537 1.989535 -1.377783 2
0.122537 1.989535 -1.377783 2
0.219293 1.902591 -1.360892 2
0.219293 1.902591 -1.360892 2
0.245896 1.829134 -1.392524 2
-0.070368 2.025595 -1.146482 2
-0.070368 2.025595 -1.146482 2
0.168595 1.973295 -1.334829 2
0.168595 1.973295 -1.334829 2
0.214681 1.863766 -1.469864 2
0.127264 1.764235 -1.440202 2
0.345029 2.087170 -1.457576 2
0.277049 1.921568 -1.387621 2
0.277049 1.921568 -1.387621 2
0.179035 2.011421 -1.348827 2
0.179035 2.011421 -1.348827 2
0.162284 2.053066 -1.368961 2
0.162284 2.053066 -1.368961 2
0.251348 1.906767 -1.346108 2
0.183391 1.931520 -1.370297 2
0.213624 2.064956 -1.372727 2
0.185486 1.937468 -1.338163 2
0.185486 1.937468 -1.338163 2
0.213003 1.819158 -1.232126 2
0.213003 1.819158 -1.232126 2
0.223486 1.917696 -1.361910 2
0.222972 1.918037 -1.424835 2
0.222972 1.918037 -1.424835 2
0.245662 1.993838 -1.385328 2
0.245662 1.993838 -1.385328 2
0.042139 1.836219 -1.425275 2
0.042139 1.836219 -1.425275 2
0.187490 2.012411 -1.446275 2
0.219107 1.867052 -1.402095 2
0.219107 1.867052 -1.402095 2
0.217056 1.961402 -1.394361 2
0.217056 1.961402 -1.394361 2
0.198691 2.057031 -1.395421 2
0.140760 1.943390 -1.330580 2
0.110002 1.775715 -1.402323 2
0.185016 1.963342 -1.370160 2
0.185016 1.963342 -1.370160 2
0.335309 1.832246 -1.394190 2
0.335309 1.832246 -1.394190 2
0.113182 1.794672 -1.346297 2
0.382514 2.064775 -1.410642 2
0.217225 1.822118 -1.466906 2
0.217225 1.822118 -1.466906 2
0.437663 2.059912 -1.365177 2
0.132568 1.984656 -1.352733 2
0.132568 1.984656 -1.352733 2
0.201032 1.989335 -1.350728 2
0.201032 1.989335 -1.350728 2
0.211495 2.081110 -1.417143 2
0.322574 1.816197 -1.297995 2
0.322574 1.816197 -1.297995 2
0.188422 2.107938 -1.406543 2
0.188422 2.107938 -1.406543 2
0.337260 1.981650 -1.395468 2
0.123210 1.873001 -1.342437 2
0.150035 1.940256 -1.390262 2
0.225140 1.923682 -1.302417 2
0.225140 1.923682 -1.302417 2
0.228649 1.941991 -1.345587 2
0.228649 1.941991 -1.345587 2
0.242714 2.089704 -1.483196 2
0.242714 2.089704 -1.483196 2
0.170286 1.873977 -1.431295 2
0.148733 1.991806 -1.286639 2
0.148733 1.991806 -1.286639 2
0.221230 1.970950 -1.351524 2
0.221230 1.970950 -1.351524 2
0.140445 1.939574 -1.408741 2
0.140445 1.939574 -1.408741 2
0.113518 1.791400 -1.369933 2
0.257052 1.955475 -1.347926 2
0.257052 1.955475 -1.347926 2
0.208551 2.056807 -1.380422 2
0.208551 2.056807 -1.380422 2
0.216298 2.011837 -1.404895 2
0.131164 2.037083 -1.378228 2
0.177683 1.711878 -1.416865 2
0.251630 1.815761 -1.411404 2
0.207486 1.940417 -1.279439 2
0.177407 2.041245 -1.348331 2
0.177407 2.041245 -1.348331 2
0.143771 2.035904 -1.453370 2
0.143771 2.035904 -1.453370 2
0.105619 1.884314 -1.349777 2
0.224493 1.997326 -1.321207 2
0.076875 1.780586 -1.389335 2
0.310100 2.087745 -1.343559 2
0.310100 2.087745 -1.343559 2
0.213608 2.028933 -1.393602 2
0.192520 1.877678 -1.274456 2
0.269545 1.967470 -1.386489 2
0.128449 1.819093 -1.426570 2
0.128449 1.819093 -1.426570 2
0.165345 2.092813 -1.396663 2
0.165345 2.092813 -1.396663 2
0.072760 1.693401 -1.417623 2
0.238651 2.010575 -1.361944 2
0.170998 1.896369 -1.415305 2
0.236772 1.983264 -1.429717 2
0.236772 1.983264 -1.429717 2
0.141945 1.998077 -1.398939 2
0.141945 1.998077 -1.398939 2
0.217066 2.026921 -1.352022 2
0.217066 2.026921 -1.352022 2
0.334012 2.069278 -1.452293 2
0.130768 1.869908 -1.320172 2
0.130768 1.869908 -1.320172 2
0.156616 2.120945 -1.385129 2
0.156616 2.120945 -1.385129 2
-0.009948 1.836072 -1.311843 2
-0.009948 1.836072 -1.311843 2
1.681065 2.925526 -1.107411 2
-0.384612 0.033716 -0.819930 2
-0.384612 0.033716 -0.819930 2
0.132609 2.075852 -1.577292 2
1.774882 2.913674 -1.118961 2
-0.458899 0.657445 -0.574510 2
0.097002 1.853077 -1.270395 2
0.097002 1.853077 -1.270395 2
0.377870 1.963248 -0.768512 2
-0.028343 1.754435 -1.610925 2
0.354819 1.988627 -0.532610 2
0.048756 1.863729 -1.614901 2
0.048756 1.863729 -1.614901 2
-0.907752 1.152380 -0.460711 2
-0.772386 1.009927 -1.329222 2
1.337007 2.381846 -0.996614 2
1.337007 2.381846 -0.996614 2
1.337007 2.381846 -0.996614 2
1.337007 2.381846 -0.996614 2
1.337007 2.381846 -0.996614 2
1.337007 2.381846 -0.996614 2
1.337007 2.381846 -0.996614 2
-0.072033 -0.072281 -1.291487 2
0.258271 -0.291719 -0.433318 2
-0.256341 3.184488 -1.083425 2
0.146572 2.264910 -0.767177 2
0.146572 2.264910 -0.767177 2
0.725443 2.429421 -1.185071 2
0.667530 3.481589 -1.437052 2
0.667530 3.481589 -1.437052 2
0.580917 3.875446 -1.457883 2
0.580917 3.875446 -1.457883 2
-0.774136 3.229777 2.049890 2
-0.384679 2.761155 -1.503422 2
-0.384679 2.761155 -1.503422 2
-0.384679 2.761155 -1.503422 2
-0.170012 3.034542 -1.431797 2
0.811615 2.174722 -1.358233 2
-0.150278 0.111681 -1.304479 2
-0.150278 0.111681 -1.304479 2
1.745551 5.740308 -1.559026 2
1.745551 5.740308 -1.559026 2
1.127758 3.831256 -1.258683 2
1.797516 5.181229 -2.350536 2
1.797516 5.181229 -2.350536 2
1.797516 5.181229 -2.350536 2
0.470494 3.598472 -0.670046 2
0.638381 3.797262 -1.346793 2
0.638381 3.797262 -1.346793 2
-0.491235 2.203828 -0.854347 2
0.524108 3.149122 -1.214638 2
0.023511 2.776663 -1.359817 2
0.395861 3.149826 -1.556243 2
-0.842859 1.892536 -1.017808 2
-0.615440 1.895516 -1.076244 2
-0.615440 1.895516 -1.076244 2
-0.290769 2.186382 -1.304338 2
0.852653 2.974892 -0.804181 2
-0.918978 3.004173 -1.184032 2
-0.380887 2.635732 -0.584620 2
0.411685 3.090413 -1.091499 2
-0.146160 1.996895 -1.003059 2
-0.882142 2.462272 -1.048317 2
0.223464 2.707458 -0.881357 2
-0.097571 3.481325 -1.044671 2
0.282552 2.843680 -0.782586 2
-0.506831 2.034189 -1.675363 2
-0.828977 1.805780 -1.063709 2
-2.540987 1.198667 0.073876 2
-2.540987 1.198667 0.073876 2
-7.495646 0.202921 -1.158820 2
-7.547091 3.877373 -0.784440 2
-7.209853 3.851711 -1.423714 2
-8.173251 -0.202846 -1.247550 2
-10.152076 1.674423 -1.051595 2
-8.129567 4.786204 -1.189216 2
-8.129567 4.786204 -1.189216 2
-10.076776 0.728308 -1.224376 2
-9.372966 1.107457 -0.817397 2
-8.711569 3.050894 -0.515555 2
-8.880656 1.545420 -1.557521 2
-8.948339 2.138326 -0.144049 2
-10.177330 1.954230 -1.437442 2
-9.701556 2.883754 -0.882296 2
-10.271641 1.984303 -0.789968 2
-9.508938 1.377554 -1.635320 2
-9.824451 1.994557 -1.294678 2
-10.629860 2.032318 -1.078287 2
-9.712727 3.632174 -0.977895 2
-9.712727 3.632174 -0.977895 2
-9.712727 3.632174 -0.977895 2
-10.014325 2.430326 -1.390902 2
-10.446078 1.907379 -0.976080 2
-9.849122 2.607647 -0.758669 2
-8.598885 3.595214 -2.003294 2
-9.714591 2.328880 -1.053754 2
-9.721746 1.363137 -1.260008 2
-10.702751 1.370413 -1.123304 2
-10.007925 2.238515 -1.110876 2
-9.916565 1.907625 -0.857034 2
-10.004308 1.802777 0.223131 2
-9.486606 2.234741 -1.358721 2
-10.003493 3.849300 -1.662125 2
-8.878040 2.920615 -1.891834 2
-9.512053 3.054190 -0.678443 2
-9.694954 2.303742 -1.297887 2
-9.532938 1.956788 -1.135446 2
-10.641428 1.731416 -1.255154 2
-9.147665 2.971374 -1.902354 2
-9.358546 1.880221 -1.045052 2
-10.418601 1.374104 -0.649727 2
-9.734470 2.187022 -1.327686 2
-9.257720 3.033833 -1.370654 2
-9.431189 1.804636 -1.369459 2
-10.138226 1.642130 -0.855519 2
-10.370193 1.848096 -1.089508 2
-10.130100 3.146536 -1.370148 2
-10.130100 3.146536 -1.370148 2
-9.940466 2.443207 -1.274608 2
-9.988549 2.926636 -1.401995 2
-10.464894 4.235614 -1.874215 2
-10.714886 1.480171 -0.685540 2
-9.749993 1.675174 -1.152666 2
-9.578408 1.968630 -1.068391 2
-9.341503 3.856620 -1.669277 2
-10.475428 1.658589 -1.057912 2
-9.434227 2.852519 -1.747032 2
-10.337963 1.040262 -0.211102 2
-10.345934 1.982449 -0.611946 2
-8.532777 4.880757 -1.782642 2
-8.984273 4.353572 -0.443232 2
-9.202498 2.845153 -2.081303 2
-9.202498 2.845153 -2.081303 2
-9.875897 2.132259 -1.324411 2
-9.409989 2.232749 -1.117285 2
-13.122229 -0.440152 -1.034956 2
-9.707059 1.780888 -1.359387 2
-9.916220 1.720057 -1.089587 2
-10.291122 1.307808 -0.762069 2
-10.159778 1.581310 -1.198853 2
-9.153652 3.388820 -2.240352 2
-10.029008 1.529749 -0.643114 2
-10.029008 1.529749 -0.643114 2
-10.253055 4.202260 -1.643296 2
-8.812896 3.673263 -1.596117 2
-9.436831 3.178371 -1.756036 2
-9.436831 3.178371 -1.756036 2
-9.726977 4.829387 -1.695499 2
-10.968921 3.183353 -1.502250 2
-10.474176 2.617928 -0.735057 2
-10.165106 0.628566 -0.777409 2
-9.867352 1.381593 -1.072662 2
-9.282910 4.274095 -1.504862 2
-9.282910 4.274095 -1.504862 2
-9.315684 2.774382 -1.641441 2
-10.047894 1.504282 -0.757554 2
-10.232779 2.126882 -0.907579 2
-9.624677 2.050821 -1.233312 2
-9.645336 3.807995 -1.840381 2
-9.263984 2.701911 -2.052465 2
-9.260189 2.687724 -0.835117 2
-9.260189 2.687724 -0.835117 2
-9.484433 1.934031 -1.004292 2
-14.649031 -2.365398 -0.708308 2
-9.908159 1.410671 -1.186481 2
-9.900610 2.012250 -1.153845 2
-10.482100 0.707515 -0.332264 2
-10.482100 0.707515 -0.332264 2
-7.692263 2.820643 -1.355124 2
-5.492697 1.778264 -1.290586 2
-4.515202 2.132713 -1.120781 2
-4.282744 3.629761 -1.480083 2
-4.282744 3.629761 -1.480083 2
-0.968288 0.615549 -1.806727 2
-0.624456 0.654308 -0.586544 2
-0.937874 3.055176 -0.546834 2
-0.937874 3.055176 -0.546834 2
0.352472 2.091136 -1.378532 2
0.518099 2.906888 -1.273593 2
-0.162787 1.803849 0.763273 2
-0.119633 1.950814 -0.973837 2
-0.119633 1.950814 -0.973837 2
-0.524056 1.500987 -1.302317 2
-1.235541 1.791949 -0.015783 2
-0.268616 2.767947 -0.541540 2
0.371648 1.788717 -0.748092 2
0.365864 3.309885 -1.164168 2
0.037020 3.097652 -1.417369 2
-0.496245 1.772139 0.028756 2
-0.388827 2.135205 -1.306925 2
0.855029 7.447772 0.324948 2
0.371525 3.304895 -0.879830 2
0.549476 3.891443 -1.731535 2
-0.518595 1.436708 -1.090401 2
-0.037694 2.563401 -1.196314 2
-0.037694 2.563401 -1.196314 2
-0.331224 2.854399 -1.417060 2
-0.308372 2.395893 -1.170397 2
0.299726 2.366873 -1.013340 2
-0.236515 2.937098 -1.044271 2
1.173063 2.838168 -0.606158 2
-0.305155 2.747167 -1.744848 2
-0.287145 1.887010 -0.768083 2
0.630174 3.380838 -1.537835 2
-0.418295 3.063948 -1.207867 2
0.767812 3.072669 -0.842652 2
-0.153956 3.341534 -1.492200 2
-0.267805 1.925329 -1.417566 2
0.241814 2.366118 -0.623959 2
0.241814 2.366118 -0.623959 2
-0.148239 2.602637 -1.170910 2
-0.731294 2.454467 -1.461792 2
-1.322133 1.718725 -1.372012 2
0.926485 3.433510 -1.049623 2
0.809807 2.858796 -0.803687 2
-0.503209 2.980692 -2.180998 2
-0.503209 2.980692 -2.180998 2
0.869434 3.308102 -0.378624 2
0.869434 3.308102 -0.378624 2
0.651440 2.898504 -0.876372 2
1.383758 4.373904 -1.680922 2
-0.474059 1.728877 -1.328923 2
-0.894853 2.323974 -0.829704 2
-0.894853 2.323974 -0.829704 2
-0.184538 2.856493 -0.951003 2
0.360257 2.402987 -0.991431 2
0.360257 2.402987 -0.991431 2
-0.149450 3.237816 -1.059426 2
-0.149450 3.237816 -1.059426 2
-0.521594 2.551726 -1.552343 2
-0.521594 2.551726 -1.552343 2
-0.521594 2.551726 -1.552343 2
-0.250653 3.918989 -1.042041 2
1.146398 2.974496 -0.793364 2
0.373381 4.029173 -1.536336 2
0.373381 4.029173 -1.536336 2
1.821497 5.328086 -1.134659 2
0.285755 3.700967 -0.732135 2
-0.299833 2.859452 -1.301483 2
-0.299833 2.859452 -1.301483 2
-0.875944 2.027070 -1.170417 2
0.914544 3.724632 -1.035165 2
0.914544 3.724632 -1.035165 2
0.407091 3.358399 -1.411502 2
0.407091 3.358399 -1.411502 2
-0.928481 1.794423 -1.252765 2
0.879089 3.344596 -0.473854 2
0.879089 3.344596 -0.473854 2
1.663530 5.097114 -2.106627 2
1.663530 5.097114 -2.106627 2
-0.725228 2.285323 -0.803388 2
0.839086 3.537097 -0.536306 2
-0.700955 2.867424 -1.288012 2
-0.075260 2.035969 -1.390225 2
0.218740 2.556372 -1.055898 2
0.218740 2.556372 -1.055898 2
0.218740 2.556372 -1.055898 2
-0.832750 2.691141 -1.823786 2
-0.832750 2.691141 -1.823786 2
0.459122 3.553646 -1.634994 2
0.459122 3.553646 -1.634994 2
0.693314 3.153280 -1.459416 2
0.434404 4.196033 -1.487058 2
0.434404 4.196033 -1.487058 2
1.860282 5.327213 -1.178812 2
1.860282 5.327213 -1.178812 2
-0.259709 2.912222 -1.296290 2
-0.259709 2.912222 -1.296290 2
0.906604 0.222962 0.389222 2
3.215793 3.786149 -1.099301 2
3.215793 3.786149 -1.099301 2
8.660851 2.810943 -1.579873 2
6.430411 -1.155814 -0.173082 2
9.555327 4.160987 -0.148456 2
9.555327 4.160987 -0.148456 2
8.525560 3.824853 -0.421425 2
9.875760 3.089422 -0.957664 2
9.875760 3.089422 -0.957664 2
9.875760 3.089422 -0.957664 2
10.416578 4.754005 -1.066217 2
10.416578 4.754005 -1.066217 2
10.084846 3.718567 -0.716331 2
12.130436 5.890028 0.078227 2
10.247076 4.414702 -0.609155 2
9.586002 4.695400 -0.881337 2
9.983469 4.183975 -0.465274 2
9.983469 4.183975 -0.465274 2
9.983469 4.183975 -0.465274 2
9.992906 4.967998 -0.881994 2
9.273363 4.281061 0.150394 2
11.080735 4.451063 -0.568380 2
10.367837 3.260635 -1.048895 2
9.202393 4.239026 0.099572 2
10.514727 4.850229 -0.474106 2
11.193130 4.037177 -1.002325 2
11.193130 4.037177 -1.002325 2
11.598585 5.193839 0.140829 2
9.672568 4.644705 -0.795160 2
9.750814 4.601473 -0.559812 2
10.639392 4.326320 -0.772112 2
9.690557 3.413179 -0.660747 2
9.690557 3.413179 -0.660747 2
10.692889 4.342475 -0.784562 2
10.308088 3.724802 -1.044888 2
9.967264 4.297270 -0.945472 2
10.060225 3.848292 -1.079637 2
11.039667 6.758906 0.420874 2
9.722235 4.135125 -0.258481 2
11.472033 2.635154 -1.111878 2
11.472033 2.635154 -1.111878 2
11.863924 4.962054 -1.050668 2
9.944263 4.451921 -0.837682 2
9.944263 4.451921 -0.837682 2
9.944263 4.451921 -0.837682 2
10.334356 3.938877 -0.802365 2
10.334356 3.938877 -0.802365 2
10.334356 3.938877 -0.802365 2
8.984322 4.610383 0.429522 2
8.870215 2.079346 -0.649588 2
9.483940 3.772549 -0.670374 2
10.598981 4.276280 -0.865163 2
10.564780 4.332843 -0.282269 2
10.768421 3.618347 -1.338773 2
9.080617 3.710936 -0.513365 2
11.943690 6.442736 0.220988 2
10.238962 4.185217 -0.832139 2
9.746257 4.397367 -0.629107 2
10.467481 4.180974 -0.832821 2
9.774640 3.577341 -0.677132 2
9.774640 3.577341 -0.677132 2
11.362929 3.866794 -0.692494 2
10.300598 3.810818 -0.870054 2
9.723612 1.459132 -1.851966 2
10.027822 3.799232 -0.891299 2
10.074548 4.099084 -0.536583 2
10.679565 4.170892 -0.578744 2
10.303343 4.097033 -0.871306 2
10.023881 3.660548 -1.239705 2
10.023881 3.660548 -1.239705 2
10.023881 3.660548 -1.239705 2
9.642882 4.128147 -0.537162 2
9.880371 4.075078 -0.606113 2
9.880371 4.075078 -0.606113 2
11.058586 6.911327 1.676936 2
10.676740 4.144397 -0.585836 2
10.762202 3.918761 -0.599003 2
9.769349 4.495216 -0.719390 2
12.382140 6.403248 0.339460 2
10.538148 4.114030 -0.896732 2
10.542587 4.301764 -0.779233 2
10.635755 4.346942 -0.817087 2
9.801741 3.516586 -0.646998 2
9.801741 3.516586 -0.646998 2
10.776114 4.212488 -0.341419 2
9.768415 4.240554 -0.615907 2
10.536039 4.025554 -0.856842 2
9.778355 3.469947 -0.869496 2
9.841510 6.907768 1.224371 2
10.901267 4.356966 -0.376274 2
10.234344 3.401290 -0.851661 2
10.261136 3.834285 -1.063819 2
11.826446 5.766709 -0.066029 2
10.049221 4.297415 -0.539632 2
10.683781 4.175780 -0.358641 2
9.910866 3.856652 -0.776848 2
9.468487 3.519569 -0.731369 2
12.129693 6.827145 0.115749 2
10.180079 4.469182 -0.695200 2
10.180079 4.469182 -0.695200 2
6.029411 4.312054 -0.762134 2
6.029411 4.312054 -0.762134 2
9.376469 8.576334 -0.374599 2
9.376469 8.576334 -0.374599 2
0.973720 4.087600 -0.989985 2
0.973720 4.087600 -0.989985 2
0.466215 3.974565 -1.101381 2
0.521344 -1.843017 0.787043 2
0.563970 2.644947 -0.732321 2
0.885474 5.147964 -1.092076 2
0.885474 5.147964 -1.092076 2
0.295702 2.344942 -1.698201 2
0.295702 2.344942 -1.698201 2
0.295702 2.344942 -1.698201 2
1.113574 3.897703 -1.934570 2
1.113574 3.897703 -1.934570 2
1.113574 3.897703 -1.934570 2
1.113574 3.897703 -1.934570 2
0.110731 2.720586 -1.191714 2
1.162928 3.910788 -1.949503 2
-0.426527 3.479053 -1.070376 2
-1.790978 0.465272 0.828053 2
0.703457 3.104135 -0.802736 2
-0.660995 2.593441 -1.856675 2
-0.660995 2.593441 -1.856675 2
0.110660 2.876628 -1.010279 2
0.110660 2.876628 -1.010279 2
0.995908 2.758486 -1.188961 2
0.010386 3.720829 -1.709408 2
0.010386 3.720829 -1.709408 2
0.010386 3.720829 -1.709408 2
0.010386 3.720829 -1.709408 2
0.211442 3.252418 -1.386128 2
0.230688 5.613973 -3.310422 2
-0.654911 2.180871 -1.116949 2
0.601321 3.400016 -1.045624 2
0.601321 3.400016 -1.045624 2
-0.065209 2.705647 -1.601543 2
-0.065209 2.705647 -1.601543 2
-0.065209 2.705647 -1.601543 2
-0.065209 2.705647 -1.601543 2
1.255113 2.981982 -1.141626 2
1.134981 4.291517 -1.790532 2
1.134981 4.291517 -1.790532 2
-0.740026 2.199949 -1.118212 2
-0.740026 2.199949 -1.118212 2
-0.770857 3.111315 -1.268387 2
-0.770857 3.111315 -1.268387 2
-0.770857 3.111315 -1.268387 2
-0.714098 2.511958 -0.962942 2
-0.714098 2.511958 -0.962942 2
-0.881330 2.867568 -1.856622 2
-0.881330 2.867568 -1.856622 2
-0.881330 2.867568 -1.856622 2
-0.919531 3.046962 -1.115092 2
-0.919531 3.046962 -1.115092 2
0.403836 3.966693 -1.518609 2
0.403836 3.966693 -1.518609 2
0.403836 3.966693 -1.518609 2
0.403836 3.966693 -1.518609 2
0.403836 3.966693 -1.518609 2
-1.317515 4.411233 -1.951468 2
0.149510 2.531794 -0.975332 2
0.793758 3.531090 -1.086408 2
0.133795 2.922652 -1.768367 2
0.133795 2.922652 -1.768367 2
0.133795 2.922652 -1.768367 2
0.003421 3.500841 -1.324275 2
1.260299 4.461113 -1.145567 2
0.475457 2.883729 -1.105482 2
0.661834 3.803887 -1.832646 2
-0.531738 1.836292 -1.250476 2
-0.093455 2.758788 -1.086880 2
1.264655 4.812384 -0.487580 2
-0.574704 2.541667 -1.217536 2
-0.574704 2.541667 -1.217536 2
-0.564756 0.574290 0.377011 2
-0.564756 0.574290 0.377011 2
1.139275 3.910256 -0.858102 2
0.360679 3.803798 -1.306785 2
0.182341 1.273475 -0.747959 2
0.182341 1.273475 -0.747959 2
0.469349 4.984748 -1.053963 2
0.469349 4.984748 -1.053963 2
-0.554341 2.070204 -1.257914 2
-0.554341 2.070204 -1.257914 2
-0.554341 2.070204 -1.257914 2
-0.554341 2.070204 -1.257914 2
0.322994 3.543384 -1.389244 2
0.322994 3.543384 -1.389244 2
-1.345236 1.289837 -1.525305 2
-1.345236 1.289837 -1.525305 2
-1.345236 1.289837 -1.525305 2
0.684851 3.730689 -1.505903 2
0.684851 3.730689 -1.505903 2
-0.882851 2.195643 -1.164423 2
-0.882851 2.195643 -1.164423 2
-0.882851 2.195643 -1.164423 2
0.926960 4.098825 -1.839532 2
-4.069377 1.921768 0.517765 2
-3.655354 2.225246 -0.640477 2
-3.655354 2.225246 -0.640477 2
-3.655354 2.225246 -0.640477 2
-11.403882 2.760497 -0.913509 2
-14.021978 2.656425 -0.630323 2
-13.555090 -2.407442 0.209287 2
-14.167973 1.043275 -0.493305 2
-14.149908 4.575868 -1.080218 2
-14.764531 2.046418 -0.003144 2
-13.625511 1.903105 -0.613377 2
-15.702066 4.518128 -2.650703 2
-14.859272 2.604949 -0.634494 2
-14.859272 2.604949 -0.634494 2
-14.186226 2.659972 -0.570583 2
-13.913499 1.983384 -0.442771 2
-15.203301 1.462885 0.229367 2
-15.203301 1.462885 0.229367 2
-15.108863 0.953446 0.033983 2
-14.832892 1.864186 -0.523388 2
-14.609768 1.516841 -1.041288 2
-15.460567 1.645859 -0.985264 2
-15.234908 0.818772 -1.262323 2
-15.780925 2.547296 -0.314747 2
-15.396893 3.004810 -0.507032 2
-15.237432 1.504892 0.007602 2
-14.633060 1.891223 -0.299994 2
-14.633060 1.891223 -0.299994 2
-14.548032 2.545376 -0.355326 2
-15.269360 2.091061 -0.236544 2
-14.889614 1.411751 -0.778154 2
-14.889614 1.411751 -0.778154 2
-15.018238 0.630506 -0.119718 2
-14.766003 1.966505 -0.427650 2
-15.331993 1.557390 -0.378342 2
-14.815014 2.475398 -0.947268 2
-14.815014 2.475398 -0.947268 2
-15.388638 2.478771 -0.142198 2
-14.917694 2.507691 -0.447008 2
-15.493937 1.647835 -0.748660 2
-15.227411 2.532197 -0.924854 2
-14.844647 2.783317 -0.433888 2
-14.844647 2.783317 -0.433888 2
-15.003508 1.090678 -0.848272 2
-15.377611 1.944640 -1.258680 2
-15.125334 1.653697 -1.205043 2
-15.676252 1.278982 0.172362 2
-15.079071 2.480160 -0.363530 2
-15.044269 1.355664 -0.905361 2
-15.653975 1.708231 -1.383015 2
-15.653975 1.708231 -1.383015 2
-14.912621 1.704212 -0.116428 2
-15.162886 2.677387 -0.586648 2
-15.443060 2.440969 -1.255227 2
-15.443060 2.440969 -1.255227 2
-15.443060 2.440969 -1.255227 2
-14.518712 2.779802 -0.381401 2
-15.048169 2.106235 -0.354550 2
-14.286738 2.384945 -1.042817 2
-15.869324 1.412209 -0.821479 2
-15.112883 0.591427 -0.059830 2
-14.371868 1.134332 -0.339010 2
-15.404518 1.639555 -0.899370 2
-14.737575 2.398530 -0.940696 2
-14.737575 2.398530 -0.940696 2
-15.553181 2.092942 -0.342831 2
-14.972184 1.943915 -0.638439 2
-15.838381 4.807968 -2.140393 2
-15.315482 2.503409 -1.071011 2
-15.315482 2.503409 -1.071011 2
-14.647552 2.898821 -0.417048 2
-14.647552 2.898821 -0.417048 2
-15.334356 1.927581 -1.204914 2
-15.059230 1.808196 -1.375064 2
-15.882525 1.711502 -0.154609 2
-15.498252 2.700343 -0.424369 2
-14.869890 1.481602 -1.114313 2
-15.535985 1.806545 -1.443193 2
-15.535985 1.806545 -1.443193 2
-15.218360 2.957298 -0.145771 2
-15.181560 2.834237 -0.625747 2
-15.060778 1.806230 -0.738788 2
-15.320314 1.450372 -0.822396 2
-15.320314 1.450372 -0.822396 2
-14.773046 2.842292 -0.402241 2
-15.691313 4.032293 -1.920243 2
-15.232744 1.835519 -0.465826 2
-15.232744 1.835519 -0.465826 2
-15.604678 1.684526 -0.131705 2
-15.344270 2.375102 -0.316356 2
-15.664857 1.350470 -0.677495 2
-14.981734 2.711006 -0.813865 2
-14.981734 2.711006 -0.813865 2
-14.975385 2.809671 -0.104122 2
-14.887910 2.416466 -0.578183 2
-15.678937 1.571121 -1.105984 2
-15.376864 1.618303 -0.770489 2
-15.376864 1.618303 -0.770489 2
-14.711888 2.938792 -0.436363 2
-15.217095 0.519613 -0.543940 2
-15.402385 2.167677 -0.863291 2
-15.402385 2.167677 -0.863291 2
-13.963562 1.384882 -0.128308 2
-11.241616 1.834784 -0.093900 2
-9.617648 2.647924 -1.457431 2
1.279208 -4.131479 0.457942 2
-3.487722 1.211071 -1.905391 2
-2.682246 -1.141414 0.215047 2
-3.023135 2.531897 -0.115508 2
-3.023135 2.531897 -0.115508 2
1.908054 5.751707 -2.663046 2
0.044750 0.989612 -2.158747 2
-0.528952 0.033041 -1.171379 2
-0.528952 0.033041 -1.171379 2
-0.528952 0.033041 -1.171379 2
1.132243 4.245080 -1.216622 2
-1.694309 3.029014 -0.918866 2
-1.694309 3.029014 -0.918866 2
-0.800549 2.240850 -1.360340 2
-0.800549 2.240850 -1.360340 2
-0.665980 2.355330 -2.134315 2
-0.665980 2.355330 -2.134315 2
-0.177167 2.069756 -1.125221 2
-0.177167 2.069756 -1.125221 2
1.807370 4.616011 -1.321769 2
-1.153338 3.324786 -1.787807 2
-1.153338 3.324786 -1.787807 2
-1.153338 3.324786 -1.787807 2
-1.153338 3.324786 -1.787807 2
1.334654 4.116351 -1.560237 2
0.876725 4.463138 -1.431369 2
-0.920042 2.252964 -1.076569 2
0.276665 2.202722 -0.608459 2
0.276665 2.202722 -0.608459 2
0.504410 3.863640 -1.204441 2
-1.174114 2.130619 -1.270791 2
0.134231 2.483548 -1.019283 2
-0.721563 0.124022 0.573209 2
-0.721563 0.124022 0.573209 2
-0.509402 2.851311 -1.866522 2
-0.509402 2.851311 -1.866522 2
0.092172 2.442675 -1.043863 2
0.092172 2.442675 -1.043863 2
0.415369 2.014298 -1.461895 2
0.621471 3.578008 -1.837452 2
0.621471 3.578008 -1.837452 2
-0.040923 3.761468 -0.641644 2
-0.040923 3.761468 -0.641644 2
-0.040923 3.761468 -0.641644 2
0.586712 3.233535 -1.712505 2
0.586712 3.233535 -1.712505 2
-1.214875 1.923284 -0.856553 2
-1.214875 1.923284 -0.856553 2
0.392681 3.699561 -1.384559 2
0.392681 3.699561 -1.384559 2
0.392681 3.699561 -1.384559 2
-0.557392 3.102262 -1.108178 2
0.493860 2.440218 -0.918988 2
-0.072040 3.586317 -1.693867 2
-0.072040 3.586317 -1.693867 2
-0.072040 3.586317 -1.693867 2
-0.072040 3.586317 -1.693867 2
0.546685 3.796763 -1.274862 2
0.546685 3.796763 -1.274862 2
-0.592469 1.675411 -1.155563 2
0.284715 3.074310 -1.415929 2
0.284715 3.074310 -1.415929 2
0.230117 3.168618 -1.496926 2
-0.921991 1.971489 -1.394986 2
-0.921991 1.971489 -1.394986 2
1.184383 4.439557 -0.943932 2
0.912168 2.570957 -1.310144 2
0.132724 2.974024 -1.920832 2
0.132724 2.974024 -1.920832 2
-1.041983 2.832604 -0.781582 2
-1.041983 2.832604 -0.781582 2
-0.178777 2.890498 -1.037393 2
-0.178777 2.890498 -1.037393 2
0.705929 3.801059 -1.313769 2
0.705929 3.801059 -1.313769 2
0.705929 3.801059 -1.313769 2
-0.149928 3.222052 -1.315341 2
-0.149928 3.222052 -1.315341 2
-0.149928 3.222052 -1.315341 2
-0.149928 3.222052 -1.315341 2
-0.149928 3.222052 -1.315341 2
-0.149928 3.222052 -1.315341 2
0.345026 3.860561 -1.388655 2
0.345026 3.860561 -1.388655 2
0.345026 3.860561 -1.388655 2
0.464238 3.479979 -0.921821 2
0.464238 3.479979 -0.921821 2
-1.049582 1.647499 -1.034040 2
0.329273 3.038871 -1.307209 2
0.473777 2.701518 -1.323268 2
0.433917 3.678412 -1.426810 2
0.433917 3.678412 -1.426810 2
0.827909 4.541971 -0.533655 2
0.827909 4.541971 -0.533655 2
0.403076 3.061598 -1.429297 2
0.509206 3.782198 -1.846469 2
0.509206 3.782198 -1.846469 2
0.509206 3.782198 -1.846469 2
0.509206 3.782198 -1.846469 2
9.627769 1.890479 -1.025523 2
9.627769 1.890479 -1.025523 2
11.918886 4.271742 -0.121866 2
10.837667 6.977948 0.304886 2
10.837667 6.977948 0.304886 2
15.022249 0.635679 -2.294810 2
15.022249 0.635679 -2.294810 2
15.022249 0.635679 -2.294810 2
15.022249 0.635679 -2.294810 2
15.022249 0.635679 -2.294810 2
15.022249 0.635679 -2.294810 2
15.022249 0.635679 -2.294810 2
15.022249 0.635679 -2.294810 2
15.022249 0.635679 -2.294810 2
15.022249 0.635679 -2.294810 2
15.022249 0.635679 -2.294810 2
14.973413 5.402589 0.718121 2
14.973413 5.402589 0.718121 2
14.973413 5.402589 0.718121 2
14.973413 5.402589 0.718121 2
14.973413 5.402589 0.718121 2
14.973413 5.402589 0.718121 2
14.973413 5.402589 0.718121 2
14.973413 5.402589 0.718121 2
14.973413 5.402589 0.718121 2
14.973413 5.402589 0.718121 2
15.962505 6.281621 1.629532 2
15.962505 6.281621 1.629532 2
15.962505 6.281621 1.629532 2
15.962505 6.281621 1.629532 2
15.962505 6.281621 1.629532 2
15.962505 6.281621 1.629532 2
15.962505 6.281621 1.629532 2
15.962505 6.281621 1.629532 2
15.962505 6.281621 1.629532 2
15.962505 6.281621 1.629532 2
15.962505 6.281621 1.629532 2
15.962505 6.281621 1.629532 2
15.962505 6.281621 1.629532 2
15.962505 6.281621 1.629532 2
15.962505 6.281621 1.629532 2
15.962505 6.281621 1.629532 2
15.962505 6.281621 1.629532 2
15.962505 6.281621 1.629532 2
15.962505 6.281621 1.629532 2
15.962505 6.281621 1.629532 2
15.962505 6.281621 1.629532 2
15.962505 6.281621 1.629532 2
15.962505 6.281621 1.629532 2
15.044024 5.470946 0.421914 2
15.044024 5.470946 0.421914 2
15.044024 5.470946 0.421914 2
15.044024 5.470946 0.421914 2
15.044024 5.470946 0.421914 2
15.044024 5.470946 0.421914 2
15.044024 5.470946 0.421914 2
15.044024 5.470946 0.421914 2
15.044024 5.470946 0.421914 2
15.044024 5.470946 0.421914 2
15.044024 5.470946 0.421914 2
16.150496 6.399804 0.816702 2
16.150496 6.399804 0.816702 2
16.150496 6.399804 0.816702 2
14.482433 6.037444 1.125110 2
14.482433 6.037444 1.125110 2
14.482433 6.037444 1.125110 2
14.482433 6.037444 1.125110 2
14.482433 6.037444 1.125110 2
14.482433 6.037444 1.125110 2
14.482433 6.037444 1.125110 2
15.464928 4.941135 -0.314905 2
15.464928 4.941135 -0.314905 2
15.464928 4.941135 -0.314905 2
15.464928 4.941135 -0.314905 2
14.097583 3.930625 -0.967851 2
14.097583 3.930625 -0.967851 2
14.097583 3.930625 -0.967851 2
14.097583 3.930625 -0.967851 2
14.097583 3.930625 -0.967851 2
14.097583 3.930625 -0.967851 2
14.097583 3.930625 -0.967851 2
14.097583 3.930625 -0.967851 2
14.097583 3.930625 -0.967851 2
14.097583 3.930625 -0.967851 2
14.097583 3.930625 -0.967851 2
14.097583 3.930625 -0.967851 2
14.097583 3.930625 -0.967851 2
14.097583 3.930625 -0.967851 2
16.259628 5.922283 1.571130 2
16.259628 5.922283 1.571130 2
16.259628 5.922283 1.571130 2
16.259628 5.922283 1.571130 2
16.259628 5.922283 1.571130 2
16.259628 5.922283 1.571130 2
15.628099 5.041584 -0.928054 2
15.628099 5.041584 -0.928054 2
15.279165 5.827962 1.236687 2
15.279165 5.827962 1.236687 2
10.625437 3.377360 -1.349493 2
10.625437 3.377360 -1.349493 2
9.420360 7.275165 0.237523 2
9.420360 7.275165 0.237523 2
5.833912 1.882109 -0.704538 2
1.189705 6.658231 -0.264592 2
1.189705 6.658231 -0.264592 2
1.189705 6.658231 -0.264592 2
1.189705 6.658231 -0.264592 2
0.877842 2.033892 -1.207039 2
1.062149 4.531730 -0.401678 2
1.062149 4.531730 -0.401678 2
0.068388 1.490794 -1.256318 2
0.068388 1.490794 -1.256318 2
0.940980 4.100308 -0.627343 2
0.940980 4.100308 -0.627343 2
2.416392 10.146235 -4.753867 2
-0.032915 3.005817 -1.300450 2
-0.369987 0.173248 1.087304 2
0.959239 3.238230 -1.531390 2
0.959239 3.238230 -1.531390 2
-0.447681 3.550261 -0.994922 2
-0.447681 3.550261 -0.994922 2
-0.447681 3.550261 -0.994922 2
0.611818 2.806480 -0.964937 2
-0.019211 -0.170915 -1.316233 2
-0.444394 2.397179 -1.064904 2
-0.444394 2.397179 -1.064904 2
-0.444394 2.397179 -1.064904 2
-0.444394 2.397179 -1.064904 2
0.539626 3.436995 -1.822667 2
-0.306289 3.017793 -1.048465 2
-1.002805 -0.306211 1.038889 2
2.434195 5.594182 -0.387328 2
0.263663 3.826273 -1.477280 2
0.263663 3.826273 -1.477280 2
0.263663 3.826273 -1.477280 2
-0.171564 3.293680 -0.968735 2
0.642632 2.358467 -0.881853 2
-0.489578 2.596759 -1.473893 2
-0.489578 2.596759 -1.473893 2
-0.489578 2.596759 -1.473893 2
1.498852 4.105517 -1.420317 2
1.498852 4.105517 -1.420317 2
0.659906 4.196667 -1.161203 2
2.188228 6.142244 -0.926324 2
2.188228 6.142244 -0.926324 2
2.053429 5.227953 -0.033287 2
2.053429 5.227953 -0.033287 2
-1.035747 1.247745 0.514689 2
-1.035747 1.247745 0.514689 2
-1.035747 1.247745 0.514689 2
0.804947 4.103186 -1.448946 2
0.804947 4.103186 -1.448946 2
0.804947 4.103186 -1.448946 2
0.804947 4.103186 -1.448946 2
0.904239 2.725714 -1.450157 2
0.904239 2.725714 -1.450157 2
0.196634 3.396915 -1.279287 2
1.008941 4.210237 -0.606054 2
-1.298608 2.949593 -1.752146 2
-1.298608 2.949593 -1.752146 2
-1.298608 2.949593 -1.752146 2
-1.071844 0.778076 0.678797 2
-1.071844 0.778076 0.678797 2
0.093949 4.089158 -0.784435 2
0.093949 4.089158 -0.784435 2
-4.470277 3.753203 -1.052444 2
-9.094285 0.279414 -0.527144 2
-15.114564 -0.044109 0.138267 2
-22.953354 1.784886 -0.107775 2
-22.953354 1.784886 -0.107775 2
-18.913294 1.669699 0.229652 2
-19.695135 1.804449 -0.277260 2
-20.655323 1.495955 0.493433 2
-20.655323 1.495955 0.493433 2
-20.655323 1.495955 0.493433 2
-19.475163 1.345755 -0.734377 2
-20.450066 2.164958 -0.592590 2
-18.930054 0.801373 -0.272430 2
-18.930054 0.801373 -0.272430 2
-18.930054 0.801373 -0.272430 2
-19.716537 1.899113 -0.632779 2
-20.089392 1.601048 -0.988528 2
-21.454302 -0.365968 0.142216 2
-21.454302 -0.365968 0.142216 2
-20.108814 1.993203 0.044970 2
-19.615736 1.734935 -0.716346 2
-19.615736 1.734935 -0.716346 2
-21.717730 -0.878350 -0.267272 2
-21.717730 -0.878350 -0.267272 2
-19.966757 1.398158 -0.339624 2
-19.656994 1.773231 -0.909702 2
-20.068270 1.312533 -1.127605 2
-20.068270 1.312533 -1.127605 2
-19.300741 1.039931 0.144957 2
-19.962357 1.533534 -0.569702 2
-19.859106 1.844940 -1.108421 2
-21.757694 -0.717337 0.258702 2
-21.757694 -0.717337 0.258702 2
-21.757694 -0.717337 0.258702 2
-20.320290 1.475339 -0.824498 2
-20.316563 1.794564 -1.088173 2
-20.718996 0.801395 0.375383 2
-20.718996 0.801395 0.375383 2
-19.433256 1.555661 -0.154801 2
-20.237837 1.628012 -1.137093 2
-19.778511 2.118227 -1.227171 2
-19.778511 2.118227 -1.227171 2
-19.180954 1.237629 0.155419 2
-19.193247 1.052979 -0.714285 2
-20.092913 1.785200 -1.448683 2
-21.125175 0.174578 -0.815850 2
-21.125175 0.174578 -0.815850 2
-19.976862 1.727643 0.148377 2
-19.586901 1.496918 -1.013222 2
-20.175297 1.142158 -1.210877 2
-21.382971 -0.790255 0.291835 2
-21.382971 -0.790255 0.291835 2
-19.726498 1.471372 0.073027 2
-19.788528 1.782484 -1.014249 2
-20.362904 1.462553 -1.105549 2
-20.362904 1.462553 -1.105549 2
-19.027582 1.236779 0.152994 2
-19.954903 1.169436 -0.453566 2
-19.811556 1.857223 -1.063845 2
-19.793783 0.438304 0.238034 2
-19.793783 0.438304 0.238034 2
-19.097902 0.644893 0.090029 2
-20.104214 1.773814 -0.812385 2
-19.779778 1.855801 -1.095034 2
-22.132353 -0.632919 0.353108 2
-17.766775 3.408128 -0.472065 2
-19.662308 1.823936 -0.428269 2
-20.256891 1.604177 -0.974533 2
-20.455252 1.815877 -0.779999 2
-20.455252 1.815877 -0.779999 2
-20.455252 1.815877 -0.779999 2
-19.161463 0.553951 0.118521 2
-20.193588 1.555478 -1.065317 2
-19.859447 1.951163 -1.120813 2
-19.859447 1.951163 -1.120813 2
-19.222677 1.019323 -0.058385 2
-19.241665 1.045439 -0.712597 2
-20.027063 1.475638 -1.230387 2
-22.027626 -0.364459 0.416972 2
-22.027626 -0.364459 0.416972 2
-20.082731 1.486164 0.020308 2
-19.558676 1.531348 -1.067817 2
-20.152044 1.236509 -1.254658 2
-21.389729 -0.515302 0.213946 2
-21.389729 -0.515302 0.213946 2
-19.669828 1.228806 0.011088 2
-20.022095 1.635455 -0.510510 2
-20.378756 1.674590 -1.106452 2
-20.378756 1.674590 -1.106452 2
-16.329952 4.059003 -1.657854 2
-20.064497 0.917093 -0.435079 2
-20.190823 1.323822 -0.491939 2
-19.879063 1.583636 -1.355379 2
-17.585085 1.059048 -0.187120 2
-14.913792 1.084390 -0.215560 2
-14.377236 2.863474 -1.112858 2
-10.859818 4.577127 -2.057595 2
-6.340486 1.557720 -1.087996 2
-5.072108 -0.408030 -1.019191 2
-4.055037 2.523971 -0.830066 2
-4.055037 2.523971 -0.830066 2
1.708537 7.788816 -2.249134 2
0.096934 2.168351 -2.626314 2
0.096934 2.168351 -2.626314 2
0.096934 2.168351 -2.626314 2
0.096934 2.168351 -2.626314 2
1.376958 3.664268 -2.943702 2
1.376958 3.664268 -2.943702 2
-1.030336 2.119863 -1.252862 2
-0.138637 2.049349 -1.247181 2
-0.138637 2.049349 -1.247181 2
-0.138637 2.049349 -1.247181 2
0.244182 5.130582 -1.164080 2
-0.774470 1.897701 -0.947411 2
-0.774470 1.897701 -0.947411 2
-0.774470 1.897701 -0.947411 2
-0.681195 2.687351 -0.903826 2
-0.646738 5.056839 -3.145607 2
-0.226415 1.602967 -0.635572 2
-0.226415 1.602967 -0.635572 2
-0.226415 1.602967 -0.635572 2
-0.182770 3.498713 -1.006589 2
-0.182770 3.498713 -1.006589 2
-0.315899 2.305117 -1.106916 2
-0.315899 2.305117 -1.106916 2
0.384860 3.284286 -1.200615 2
-0.000087 -0.628913 -1.228271 2
-0.753727 1.608879 -1.372629 2
-0.753727 1.608879 -1.372629 2
-0.753727 1.608879 -1.372629 2
0.509996 3.056812 -0.760509 2
2.455034 5.458699 -2.493025 2
2.455034 5.458699 -2.493025 2
-0.197089 2.227795 -0.562841 2
-0.197089 2.227795 -0.562841 2
-0.826649 2.940924 -1.269669 2
-0.826649 2.940924 -1.269669 2
0.558011 3.723038 -1.343119 2
0.558011 3.723038 -1.343119 2
0.558011 3.723038 -1.343119 2
-1.011168 2.951623 -1.767343 2
-1.011168 2.951623 -1.767343 2
0.536385 3.923675 -1.485511 2
0.536385 3.923675 -1.485511 2
0.823835 2.618468 -1.179547 2
-0.202259 3.814132 -1.621075 2
-0.202259 3.814132 -1.621075 2
-0.476995 1.939479 -1.103309 2
-0.476995 1.939479 -1.103309 2
-0.476995 1.939479 -1.103309 2
-0.091572 3.311143 -1.428872 2
-0.091572 3.311143 -1.428872 2
1.653151 5.369355 -1.024786 2
-0.641143 3.332460 -0.950768 2
0.576315 3.992843 -1.367486 2
0.576315 3.992843 -1.367486 2
0.013033 2.580915 -0.958735 2
0.373513 3.446836 -1.166610 2
0.373513 3.446836 -1.166610 2
-0.284988 2.795493 -1.597995 2
-2.183672 2.657863 -2.687106 2
-2.183672 2.657863 -2.687106 2
1.141072 4.259370 -0.968810 2
0.538128 2.924960 -0.947285 2
0.993429 4.274163 -1.914840 2
0.993429 4.274163 -1.914840 2
-0.458312 2.494658 -0.504044 2
3.207924 7.896930 -0.650830 2
3.207924 7.896930 -0.650830 2
0.726198 3.567559 -1.763729 2
0.119883 3.086300 -1.033100 2
-0.746623 2.281754 -0.768660 2
-0.746623 2.281754 -0.768660 2
0.302757 3.621037 -1.238229 2
0.302757 3.621037 -1.238229 2
0.795477 3.623601 -1.272305 2
-0.408205 2.974611 -1.096973 2
3.552948 5.420465 -1.072269 2
-0.750789 2.833493 -1.756658 2
-0.750789 2.833493 -1.756658 2
-0.750789 2.833493 -1.756658 2
-0.750789 2.833493 -1.756658 2
-0.750789 2.833493 -1.756658 2
0.184042 3.723639 -1.454233 2
-0.393437 2.365120 -1.110428 2
2.373044 6.071647 -1.123598 2
2.373044 6.071647 -1.123598 2
0.555200 3.472038 -0.909862 2
0.555200 3.472038 -0.909862 2
0.147993 2.666989 -0.929978 2
0.147993 2.666989 -0.929978 2
0.647188 4.300324 -0.876491 2
0.531909 3.479809 -1.440412 2
1.721376 0.363010 0.047713 2
5.874600 2.608039 -0.340353 2
5.834966 5.622563 -0.377884 2
9.033750 5.540686 -1.261611 2
9.033750 5.540686 -1.261611 2
11.166867 -3.824374 -2.150349 2
11.166867 -3.824374 -2.150349 2
11.166867 -3.824374 -2.150349 2
11.166867 -3.824374 -2.150349 2
21.333527 3.752731 -0.687259 2
21.333527 3.752731 -0.687259 2
21.333527 3.752731 -0.687259 2
21.333527 3.752731 -0.687259 2
21.333527 3.752731 -0.687259 2
21.333527 3.752731 -0.687259 2
19.540144 4.039798 0.070636 2
19.540144 4.039798 0.070636 2
19.540144 4.039798 0.070636 2
19.540144 4.039798 0.070636 2
19.540144 4.039798 0.070636 2
19.540144 4.039798 0.070636 2
19.540144 4.039798 0.070636 2
19.540144 4.039798 0.070636 2
19.540144 4.039798 0.070636 2
19.540144 4.039798 0.070636 2
19.540144 4.039798 0.070636 2
19.540144 4.039798 0.070636 2
19.540144 4.039798 0.070636 2
19.540144 4.039798 0.070636 2
19.540144 4.039798 0.070636 2
19.540144 4.039798 0.070636 2
19.540144 4.039798 0.070636 2
19.540144 4.039798 0.070636 2
19.540144 4.039798 0.070636 2
19.540144 4.039798 0.070636 2
19.540144 4.039798 0.070636 2
19.540144 4.039798 0.070636 2
19.540144 4.039798 0.070636 2
19.540144 4.039798 0.070636 2
19.540144 4.039798 0.070636 2
19.540144 4.039798 0.070636 2
19.540144 4.039798 0.070636 2
19.540144 4.039798 0.070636 2
19.540144 4.039798 0.070636 2
19.540144 4.039798 0.070636 2
19.540144 4.039798 0.070636 2
19.540144 4.039798 0.070636 2
19.540144 4.039798 0.070636 2
19.540144 4.039798 0.070636 2
19.540144 4.039798 0.070636 2
19.540144 4.039798 0.070636 2
19.540144 4.039798 0.070636 2
19.540144 4.039798 0.070636 2
19.540144 4.039798 0.070636 2
19.540144 4.039798 0.070636 2
19.540144 4.039798 0.070636 2
19.540144 4.039798 0.070636 2
19.540144 4.039798 0.070636 2
19.540144 4.039798 0.070636 2
19.540144 4.039798 0.070636 2
20.713081 4.225245 -0.179476 2
20.713081 4.225245 -0.179476 2
20.713081 4.225245 -0.179476 2
20.713081 4.225245 -0.179476 2
20.713081 4.225245 -0.179476 2
20.713081 4.225245 -0.179476 2
20.268560 5.188417 -0.277568 2
20.268560 5.188417 -0.277568 2
20.268560 5.188417 -0.277568 2
20.268560 5.188417 -0.277568 2
20.268560 5.188417 -0.277568 2
20.268560 5.188417 -0.277568 2
19.372625 4.477838 -0.011150 2
19.846582 5.630626 -0.576176 2
19.846582 5.630626 -0.576176 2
20.681677 4.185629 -0.646727 2
20.681677 4.185629 -0.646727 2
20.746990 3.947670 -0.440587 2
20.746990 3.947670 -0.440587 2
20.746990 3.947670 -0.440587 2
20.746990 3.947670 -0.440587 2
20.746990 3.947670 -0.440587 2
20.746990 3.947670 -0.440587 2
20.746990 3.947670 -0.440587 2
20.746990 3.947670 -0.440587 2
20.746990 3.947670 -0.440587 2
20.746990 3.947670 -0.440587 2
20.746990 3.947670 -0.440587 2
20.746990 3.947670 -0.440587 2
20.746990 3.947670 -0.440587 2
20.746990 3.947670 -0.440587 2
20.746990 3.947670 -0.440587 2
20.746990 3.947670 -0.440587 2
20.746990 3.947670 -0.440587 2
20.746990 3.947670 -0.440587 2
20.746990 3.947670 -0.440587 2
20.746990 3.947670 -0.440587 2
20.746990 3.947670 -0.440587 2
20.746990 3.947670 -0.440587 2
20.746990 3.947670 -0.440587 2
20.746990 3.947670 -0.440587 2
20.746990 3.947670 -0.440587 2
20.746990 3.947670 -0.440587 2
20.746990 3.947670 -0.440587 2
5.461370 5.933400 -1.206379 2
5.461370 5.933400 -1.206379 2
6.433363 3.656043 -0.221499 2
4.431133 2.241223 -0.593949 2
4.431133 2.241223 -0.593949 2
4.431133 2.241223 -0.593949 2
4.431133 2.241223 -0.593949 2
0.336108 -0.904214 -1.912109 2
0.415252 2.498994 -0.226464 2
1.089224 5.418372 -0.907583 2
1.089224 5.418372 -0.907583 2
-0.522228 0.408942 0.130107 2
-0.522228 0.408942 0.130107 2
-0.522228 0.408942 0.130107 2
1.464880 4.364599 -1.663354 2
1.464880 4.364599 -1.663354 2
1.145303 6.168513 -1.179178 2
1.045035 5.082071 -0.593157 2
0.470763 2.330470 -1.384281 2
0.669575 3.116826 -2.158575 2
0.669575 3.116826 -2.158575 2
0.669575 3.116826 -2.158575 2
0.669575 3.116826 -2.158575 2
0.669575 3.116826 -2.158575 2
0.380607 3.335596 -2.091674 2
0.380607 3.335596 -2.091674 2
1.382160 3.776010 -0.467453 2
1.382160 3.776010 -0.467453 2
0.003160 2.488019 -1.381705 2
-0.616422 1.815156 -0.952656 2
0.126664 2.353662 -0.661794 2
0.306604 3.698522 -0.886415 2
2.636631 4.609215 -0.457836 2
0.865745 3.271253 -0.495559 2
0.865745 3.271253 -0.495559 2
1.337502 4.025414 -0.677205 2
1.337502 4.025414 -0.677205 2
0.916042 2.607218 -0.946677 2
0.235103 3.202295 -1.271722 2
0.095683 3.263948 -1.234991 2
2.306990 5.809029 -1.431647 2
2.306990 5.809029 -1.431647 2
0.801609 3.519851 -0.970899 2
0.801609 3.519851 -0.970899 2
0.567848 3.171638 -0.684823 2
0.567848 3.171638 -0.684823 2
0.567848 3.171638 -0.684823 2
0.518169 3.651348 -1.469628 2
-1.036853 2.392481 -0.913577 2
0.473476 3.851733 -0.893368 2
0.473476 3.851733 -0.893368 2
2.976114 5.141947 -0.991576 2
1.361426 4.740704 -1.697157 2
0.195799 2.628193 -0.719410 2
0.195799 2.628193 -0.719410 2
0.195799 2.628193 -0.719410 2
0.195799 2.628193 -0.719410 2
0.744630 3.789486 -1.853690 2
0.744630 3.789486 -1.853690 2
1.392036 5.930941 -0.324880 2
2.145961 6.264865 0.363019 2
-0.230109 1.855947 -1.269619 2
-0.230109 1.855947 -1.269619 2
0.810976 3.663500 -1.111685 2
0.810976 3.663500 -1.111685 2
2.142118 6.034828 -0.773226 2
-0.098073 3.319387 -1.315491 2
-0.098073 3.319387 -1.315491 2
2.292708 7.407313 -1.417707 2
2.292708 7.407313 -1.417707 2
2.292708 7.407313 -1.417707 2
-0.900790 4.745437 -2.336513 2
-0.900790 4.745437 -2.336513 2
-0.900790 4.745437 -2.336513 2
-0.900790 4.745437 -2.336513 2
0.642598 3.949873 -1.134828 2
0.642598 3.949873 -1.134828 2
0.642598 3.949873 -1.134828 2
-0.649735 0.360335 0.902407 2
-0.649735 0.360335 0.902407 2
0.566019 3.737413 -1.327556 2
-1.124173 2.532942 -0.872722 2
-0.377194 0.278159 0.538649 2
-0.377194 0.278159 0.538649 2
-0.705988 4.364106 0.005689 2
0.685223 3.722394 -1.437753 2
-0.536317 2.462641 -1.099093 2
-0.536317 2.462641 -1.099093 2
-0.536317 2.462641 -1.099093 2
0.714375 3.189288 -0.799177 2
0.942022 4.076042 -1.779297 2
0.942022 4.076042 -1.779297 2
-0.979972 0.069296 0.798076 2
1.341923 4.513639 -1.134995 2
0.809288 4.150445 -1.258647 2
1.352810 4.240066 -1.662305 2
-3.766042 2.088617 -0.527839 2
-3.766042 2.088617 -0.527839 2
-3.766042 2.088617 -0.527839 2
-3.766042 2.088617 -0.527839 2
-12.382496 4.857018 -1.772725 2
-14.893677 1.909002 -1.550325 2
-14.604959 -1.268361 0.557377 2
-28.584684 0.575789 0.294031 2
-28.584684 0.575789 0.294031 2
-25.792278 4.291060 -1.137899 2
-27.276651 0.683447 -0.695998 2
-27.753922 -2.061417 0.535350 2
-25.712374 -3.878386 1.664137 2
-29.775391 2.948909 -0.409107 2
-29.775391 2.948909 -0.409107 2
-29.775391 2.948909 -0.409107 2
-29.441446 1.327111 -0.400886 2
-30.824043 0.916827 1.310023 2
-31.297014 -1.299297 0.683526 2
-31.297014 -1.299297 0.683526 2
-29.563648 1.396157 -0.614920 2
-29.945398 1.881795 -0.850144 2
-29.793955 0.052034 0.009989 2
-29.793955 0.052034 0.009989 2
-29.793955 0.052034 0.009989 2
-29.099852 1.127605 -0.745996 2
-29.646944 1.221991 -0.723182 2
-31.464109 -2.171136 1.076693 2
-27.172537 4.263895 -2.214982 2
-30.129044 1.679303 -0.383281 2
-30.169397 -0.065090 -0.274947 2
-30.169397 -0.065090 -0.274947 2
-28.495693 -0.178020 0.168074 2
-27.027462 3.130574 -2.164880 2
-29.993233 1.647201 -0.686354 2
-30.306694 0.172956 -0.837972 2
-30.306694 0.172956 -0.837972 2
-29.017279 0.389361 0.118100 2
-28.834158 0.860939 -0.110472 2
-29.482800 0.570949 -0.466062 2
-29.366068 1.002563 -0.986804 2
-30.495464 0.281045 -0.672510 2
-28.700275 0.418435 0.035016 2
-28.700275 0.418435 0.035016 2
-29.806555 0.571135 -0.445561 2
-29.842205 0.517451 -0.547642 2
-32.234989 -1.702064 0.814266 2
-27.658407 5.029005 -1.876363 2
-29.721516 0.944357 -0.377877 2
-29.863878 0.343208 -0.435154 2
-29.863878 0.343208 -0.435154 2
-30.411264 -0.008250 -0.122278 2
-26.887157 3.764908 -1.505107 2
-29.880432 1.276772 -0.548243 2
-29.983650 1.173270 -1.182865 2
-29.993549 -0.331582 0.067511 2
-30.204184 0.999105 -0.779147 2
-30.204184 0.999105 -0.779147 2
-28.744415 0.362632 0.120485 2
-29.850601 0.945615 -1.250192 2
-29.767410 -1.246050 0.211217 2
-29.767410 -1.246050 0.211217 2
-28.818455 0.570187 -0.045901 2
-29.208792 0.575965 -0.656601 2
-30.167732 0.700968 -0.812589 2
-28.386408 2.455647 -1.676883 2
-28.386408 2.455647 -1.676883 2
-29.577747 1.091360 -0.202733 2
-29.496824 1.003099 -0.979991 2
-30.609718 0.359383 -0.783476 2
-31.905439 -1.367244 0.758154 2
-26.999058 4.355685 -2.135549 2
-29.499508 0.724317 -0.235477 2
-29.451288 1.057319 -1.101993 2
-30.439985 0.427386 -0.696592 2
-30.439985 0.427386 -0.696592 2
-28.911148 0.436690 0.054103 2
-29.851801 0.767034 -0.440112 2
-29.350647 1.100186 -1.146365 2
-30.170265 -1.101276 0.370895 2
-30.170265 -1.101276 0.370895 2
-30.170265 -1.101276 0.370895 2
-30.342884 0.457903 -0.045949 2
-29.719145 0.776108 -0.489266 2
-27.254356 3.807758 -2.242550 2
-27.254356 3.807758 -2.242550 2
-29.941032 0.920674 -0.602543 2
-30.057257 1.104728 -1.032604 2
-29.901180 0.818749 -0.820050 2
-30.870888 -0.220848 0.242730 2
-26.169794 4.089244 -3.049779 2
-29.846842 0.929452 -1.114822 2
-29.846842 0.929452 -1.114822 2
-30.071850 0.634685 -1.040398 2
-30.071850 0.634685 -1.040398 2
-28.913687 0.552652 0.049649 2
-29.080700 0.690543 -0.704304 2
-29.852619 0.959799 -1.192102 2
-29.490515 1.236809 -1.228235 2
-29.490515 1.236809 -1.228235 2
-29.490515 1.236809 -1.228235 2
-26.288973 1.310853 -1.217658 2
-24.243084 1.896357 -1.830406 2
-21.177383 1.569516 -0.731248 2
-17.107872 -0.397170 -0.085353 2
-13.964268 2.559258 -0.434389 2
-11.803398 6.365053 -2.359100 2
-11.803398 6.365053 -2.359100 2
-3.646762 0.359870 -2.293892 2
-3.646762 0.359870 -2.293892 2
-3.646762 0.359870 -2.293892 2
-3.646762 0.359870 -2.293892 2
-3.646762 0.359870 -2.293892 2
0.141763 0.000798 -1.714003 2
0.141763 0.000798 -1.714003 2
0.141763 0.000798 -1.714003 2
0.141763 0.000798 -1.714003 2
0.141763 0.000798 -1.714003 2
7.604012 7.976259 -2.087021 2
-0.619438 1.161698 -0.083375 2
-0.619438 1.161698 -0.083375 2
-0.619438 1.161698 -0.083375 2
-0.619438 1.161698 -0.083375 2
0.970141 6.437259 -1.598002 2
-0.928235 1.843499 -1.065458 2
-0.347284 2.186497 -0.720312 2
0.093584 3.976901 -1.683105 2
0.093584 3.976901 -1.683105 2
0.431754 3.733588 -1.441162 2
0.524223 3.010812 -1.110080 2
-0.200219 2.555093 -0.960155 2
2.593623 6.534303 -1.037197 2
-0.816252 2.670088 -1.127332 2
-0.747736 2.514413 -0.981931 2
0.696801 3.117995 -1.206321 2
0.696801 3.117995 -1.206321 2
0.696801 3.117995 -1.206321 2
-0.401802 3.044410 -1.128294 2
0.171358 2.200343 -0.897815 2
2.247092 5.836776 -1.309558 2
0.951429 5.041465 -1.356513 2
1.474479 4.330899 -1.216384 2
0.341002 3.188809 -1.125587 2
0.341002 3.188809 -1.125587 2
2.025594 5.935009 -0.803517 2
2.025594 5.935009 -0.803517 2
0.230134 2.787796 -1.025715 2
0.035697 3.113131 -1.204482 2
0.470936 3.761997 -1.115131 2
-0.556550 0.509176 0.640686 2
0.638713 3.418117 -0.786660 2
0.307646 3.413983 -1.354850 2
0.307646 3.413983 -1.354850 2
-0.644992 2.448083 -1.124861 2
-0.644992 2.448083 -1.124861 2
-0.644992 2.448083 -1.124861 2
0.220470 3.285747 -1.521406 2
-0.576186 2.459423 -1.193011 2
-0.576186 2.459423 -1.193011 2
-0.576186 2.459423 -1.193011 2
0.758781 4.150102 -0.974388 2
-0.830057 2.040543 -0.975167 2
-0.830057 2.040543 -0.975167 2
2.292405 6.794815 -0.793772 2
2.808797 7.177789 -0.306608 2
2.808797 7.177789 -0.306608 2
0.708289 3.605301 -1.685748 2
0.708289 3.605301 -1.685748 2
-0.388600 3.079991 -0.674692 2
1.026194 4.372828 -1.007523 2
0.011628 3.692168 -1.320823 2
-0.888808 2.576066 -0.999287 2
-0.888808 2.576066 -0.999287 2
0.365930 4.038089 -0.772199 2
1.381467 3.738782 -1.181991 2
-0.261012 2.954392 -1.648827 2
-0.261012 2.954392 -1.648827 2
-0.261012 2.954392 -1.648827 2
0.188151 1.851632 -1.469177 2
1.184870 3.974938 -1.006575 2
0.259422 3.720191 -1.396604 2
-0.116016 2.702011 -1.076686 2
-0.116016 2.702011 -1.076686 2
-0.116016 2.702011 -1.076686 2
0.204162 2.633080 -1.304596 2
0.933953 4.293794 -1.148237 2
0.057518 2.749712 -0.662271 2
-0.470405 0.477458 0.602277 2
0.126435 3.156346 -1.240224 2
-1.094045 2.418916 -0.898016 2
-1.094045 2.418916 -0.898016 2
0.259770 3.598838 -1.128086 2
0.259770 3.598838 -1.128086 2
0.259770 3.598838 -1.128086 2
-0.074720 2.553717 -1.658671 2
-0.118745 1.758110 -0.870839 2
0.047195 3.590378 -1.367709 2
0.047195 3.590378 -1.367709 2
0.047195 3.590378 -1.367709 2
0.447621 3.556863 -1.825291 2
2.115268 3.048272 -1.042897 2
3.559556 4.314604 -0.368053 2
7.134590 7.083504 -0.539106 2
13.544077 -1.516305 -2.196922 2
13.544077 -1.516305 -2.196922 2
13.544077 -1.516305 -2.196922 2
13.544077 -1.516305 -2.196922 2
13.544077 -1.516305 -2.196922 2
13.544077 -1.516305 -2.196922 2
13.544077 -1.516305 -2.196922 2
13.544077 -1.516305 -2.196922 2
13.544077 -1.516305 -2.196922 2
13.544077 -1.516305 -2.196922 2
13.544077 -1.516305 -2.196922 2
13.544077 -1.516305 -2.196922 2
30.485958 5.761691 3.030916 2
30.485958 5.761691 3.030916 2
30.485958 5.761691 3.030916 2
30.485958 5.761691 3.030916 2
30.485958 5.761691 3.030916 2
30.485958 5.761691 3.030916 2
30.485958 5.761691 3.030916 2
30.485958 5.761691 3.030916 2
30.485958 5.761691 3.030916 2
30.485958 5.761691 3.030916 2
30.485958 5.761691 3.030916 2
30.485958 5.761691 3.030916 2
30.485958 5.761691 3.030916 2
30.485958 5.761691 3.030916 2
30.485958 5.761691 3.030916 2
30.485958 5.761691 3.030916 2
30.337183 5.365719 2.881377 2
30.337183 5.365719 2.881377 2
30.879263 5.140316 2.740152 2
30.879263 5.140316 2.740152 2
30.879263 5.140316 2.740152 2
30.333633 5.332373 3.002619 2
30.333633 5.332373 3.002619 2
30.333633 5.332373 3.002619 2
30.333633 5.332373 3.002619 2
30.333633 5.332373 3.002619 2
31.085619 5.733535 2.426198 2
31.085619 5.733535 2.426198 2
31.085619 5.733535 2.426198 2
30.596539 5.107036 2.924373 2
30.458523 5.106373 2.878949 2
30.458523 5.106373 2.878949 2
30.458523 5.106373 2.878949 2
30.458523 5.106373 2.878949 2
30.458523 5.106373 2.878949 2
30.458523 5.106373 2.878949 2
30.805302 4.897200 3.062675 2
31.218264 4.936496 2.592499 2
31.218264 4.936496 2.592499 2
31.218264 4.936496 2.592499 2
31.270485 4.790335 2.740413 2
31.270485 4.790335 2.740413 2
31.270485 4.790335 2.740413 2
31.035131 4.966993 2.771720 2
31.035131 4.966993 2.771720 2
31.179457 4.873926 2.858963 2
31.179457 4.873926 2.858963 2
31.179457 4.873926 2.858963 2
31.179457 4.873926 2.858963 2
31.179457 4.873926 2.858963 2
31.179457 4.873926 2.858963 2
31.179457 4.873926 2.858963 2
31.179457 4.873926 2.858963 2
31.179457 4.873926 2.858963 2
31.179457 4.873926 2.858963 2
31.179457 4.873926 2.858963 2
31.053558 4.890151 2.838334 2
31.053558 4.890151 2.838334 2
30.759142 5.088523 2.789350 2
30.759142 5.088523 2.789350 2
30.759142 5.088523 2.789350 2
30.759142 5.088523 2.789350 2
30.759142 5.088523 2.789350 2
30.759142 5.088523 2.789350 2
30.714464 5.090560 2.864180 2
30.714464 5.090560 2.864180 2
30.714464 5.090560 2.864180 2
30.714464 5.090560 2.864180 2
31.137917 5.011355 2.862854 2
30.685163 5.149045 2.874913 2
30.685163 5.149045 2.874913 2
30.685163 5.149045 2.874913 2
30.685163 5.149045 2.874913 2
30.685163 5.149045 2.874913 2
30.685163 5.149045 2.874913 2
30.685163 5.149045 2.874913 2
30.685163 5.149045 2.874913 2
30.685163 5.149045 2.874913 2
31.160837 4.877815 2.847568 2
31.160837 4.877815 2.847568 2
31.160837 4.877815 2.847568 2
31.055214 4.858063 2.702296 2
31.055214 4.858063 2.702296 2
31.055214 4.858063 2.702296 2
31.055214 4.858063 2.702296 2
31.055214 4.858063 2.702296 2
26.641743 2.670066 0.888909 2
23.079960 2.831733 -0.148221 2
23.079960 2.831733 -0.148221 2
23.079960 2.831733 -0.148221 2
23.079960 2.831733 -0.148221 2
23.079960 2.831733 -0.148221 2
23.079960 2.831733 -0.148221 2
23.079960 2.831733 -0.148221 2
23.079960 2.831733 -0.148221 2
23.079960 2.831733 -0.148221 2
23.079960 2.831733 -0.148221 2
23.079960 2.831733 -0.148221 2
23.079960 2.831733 -0.148221 2
23.079960 2.831733 -0.148221 2
23.079960 2.831733 -0.148221 2
23.079960 2.831733 -0.148221 2
23.079960 2.831733 -0.148221 2
23.079960 2.831733 -0.148221 2
23.079960 2.831733 -0.148221 2
23.079960 2.831733 -0.148221 2
23.079960 2.831733 -0.148221 2
23.079960 2.831733 -0.148221 2
23.079960 2.831733 -0.148221 2
0.550634 2.279844 -1.274559 2
0.550634 2.279844 -1.274559 2
1.438807 5.766692 -1.414225 2
-0.525139 3.026778 -0.883276 2
0.619352 2.939747 -1.404723 2
-0.732387 2.711864 -1.053086 2
-0.732387 2.711864 -1.053086 2
-0.732387 2.711864 -1.053086 2
-0.732387 2.711864 -1.053086 2
0.375697 2.959357 -1.693858 2
-0.071921 2.466937 -1.065638 2
-0.071921 2.466937 -1.065638 2
3.077895 6.927010 -1.110330 2
0.518643 2.394695 -1.100307 2
1.700646 5.069943 -1.822187 2
1.700646 5.069943 -1.822187 2
-0.476635 2.423309 -0.692343 2
-0.476635 2.423309 -0.692343 2
0.930152 3.904469 -1.082069 2
0.661172 3.353485 -1.637626 2
0.661172 3.353485 -1.637626 2
-0.440967 2.435078 -0.633672 2
-0.440967 2.435078 -0.633672 2
0.033417 3.344184 -1.379043 2
-0.376806 2.571756 -1.558784 2
0.936655 3.454709 -1.200936 2
1.063207 4.108793 -1.074082 2
1.063207 4.108793 -1.074082 2
-0.157530 3.221156 -1.318678 2
-0.598610 3.116499 -1.156109 2
0.715093 4.043276 -1.362046 2
2.588422 7.641591 -1.196897 2
1.056034 2.575762 -1.023544 2
0.146489 3.518384 -1.617251 2
0.146489 3.518384 -1.617251 2
0.146489 3.518384 -1.617251 2
0.146489 3.518384 -1.617251 2
0.146489 3.518384 -1.617251 2
1.928329 6.645828 -1.583767 2
1.928329 6.645828 -1.583767 2
1.751705 5.270761 -1.036243 2
1.751705 5.270761 -1.036243 2
0.389183 3.505421 -1.353368 2
-0.965838 2.283394 -0.849998 2
0.591518 3.627804 -1.096890 2
1.062568 3.689768 -0.994682 2
0.822429 4.253308 -0.922024 2
0.329247 3.006675 -1.768170 2
0.329247 3.006675 -1.768170 2
0.280500 3.680762 -1.193184 2
1.132958 4.145148 -0.613425 2
1.132958 4.145148 -0.613425 2
1.308612 4.391460 -1.280057 2
1.308612 4.391460 -1.280057 2
1.308612 4.391460 -1.280057 2
1.308612 4.391460 -1.280057 2
0.824134 4.004205 -1.072083 2
2.029119 5.696145 -2.643450 2
-0.137204 2.934418 -1.048274 2
-0.461538 2.530685 -0.616359 2
2.429895 5.910944 -0.255429 2
-0.846451 2.246715 -1.312569 2
-0.670275 2.421376 -0.934712 2
0.951384 3.618657 -1.251231 2
-0.197669 3.045310 -0.734496 2
0.991161 4.034084 -1.044440 2
0.445822 3.660061 -1.250356 2
