0.419808 4.530920 -0.800677 2
0.419808 4.530920 -0.800677 2
-0.716843 3.109213 -1.586376 2
1.646499 4.718700 -1.374061 2
1.900206 5.642179 -1.077122 2
1.900206 5.642179 -1.077122 2
0.668286 3.644774 -1.437547 2
1.385239 4.780093 -1.540174 2
1.385239 4.780093 -1.540174 2
1.645475 5.036650 -1.511915 2
0.881302 3.753164 -1.059452 2
0.881302 3.753164 -1.059452 2
2.685197 6.001007 -1.012130 2
0.992218 3.602393 -1.297847 2
2.442707 5.726013 -0.307497 2
0.669399 3.882381 -1.183223 2
0.669399 3.882381 -1.183223 2
0.669399 3.882381 -1.183223 2
0.669399 3.882381 -1.183223 2
-0.500272 1.359976 -0.747146 2
-0.411533 2.204332 -0.503300 2
-0.946733 2.623219 0.119927 2
-0.946733 2.623219 0.119927 2
-0.485744 4.324708 -0.432525 2
-0.091662 3.417726 -0.771334 2
-0.091662 3.417726 -0.771334 2
-0.051760 3.159416 -0.625148 2
0.399293 4.277902 -1.055899 2
-0.168363 3.309205 -1.137470 2
-0.579684 3.372545 -0.628401 2
0.753128 4.254340 0.655560 2
0.150410 3.525213 -0.101710 2
0.150410 3.525213 -0.101710 2
0.396584 3.278033 -1.197434 2
-0.648346 2.903556 -0.847326 2
-0.648346 2.903556 -0.847326 2
0.281093 3.589117 -0.535855 2
0.417933 5.984090 -1.260953 2
0.651448 4.111882 -1.006898 2
0.651448 4.111882 -1.006898 2
-0.492111 4.126706 -0.099832 2
-0.254778 3.416574 -0.642688 2
-0.254778 3.416574 -0.642688 2
-0.257989 3.169966 -1.241007 2
-0.842459 3.326648 -0.612321 2
-0.307740 3.609008 -0.988393 2
-0.307740 3.609008 -0.988393 2
0.010312 4.126393 -1.303309 2
0.397008 2.597553 -1.798790 2
-0.739481 2.895133 -1.264044 2
-0.558187 4.003702 -1.034597 2
0.341495 4.605748 -0.749058 2
-0.002438 3.359272 -1.073095 2
-0.002438 3.359272 -1.073095 2
0.189996 3.213361 0.222523 2
-0.960196 3.767659 -0.558582 2
-0.271269 4.848545 -1.322623 2
-0.732936 3.374811 -1.154285 2
-0.634259 2.750796 -0.837241 2
-0.134441 3.683886 -1.166515 2
-0.134441 3.683886 -1.166515 2
0.795690 6.539523 1.664214 2
-0.119614 3.460032 -1.327704 2
0.066594 3.019526 -0.977000 2
0.045380 3.847871 -1.245559 2
-0.327185 3.541858 -0.758960 2
0.568442 3.338930 -0.963568 2
-1.145291 3.132375 -0.824632 2
-0.217244 3.532116 -0.606941 2
0.403191 3.062712 -0.198219 2
-0.415069 4.808377 -1.579388 2
-0.372156 3.420797 -1.125302 2
-0.904358 3.021265 -0.561109 2
-0.035747 3.650660 -0.847008 2
-0.035747 3.650660 -0.847008 2
0.861828 6.705708 0.931829 2
0.062201 3.535154 -1.555924 2
-0.436275 2.680192 -0.538422 2
-0.601771 3.691423 -0.979707 2
1.019026 4.551960 -0.735642 2
1.138677 4.316189 -0.875251 2
1.138677 4.316189 -0.875251 2
-0.303613 3.641477 -0.392281 2
-0.303613 3.641477 -0.392281 2
-0.053457 4.308468 -1.250044 2
-0.490642 2.463099 -1.298512 2
-0.331715 3.150552 -0.786437 2
-0.227816 3.828660 -1.068598 2
-0.227816 3.828660 -1.068598 2
1.181175 6.853994 1.529255 2
-0.128819 3.416957 -1.292190 2
-0.067382 4.256817 0.193211 2
0.158975 3.887850 -1.154673 2
-0.564205 3.212153 -0.933568 2
1.474188 3.016627 -1.079825 2
1.474188 3.016627 -1.079825 2
4.825204 3.761007 0.411104 2
7.309256 7.692837 -0.519536 2
6.719881 4.137628 -0.400922 2
7.915438 2.694900 -1.304093 2
6.024082 0.986988 -0.653044 2
7.027720 3.868662 0.140724 2
7.027720 3.868662 0.140724 2
8.165473 5.304158 -1.030234 2
7.937812 4.467802 -0.635088 2
7.679960 3.733906 0.884949 2
8.459163 5.086311 0.495243 2
8.459163 5.086311 0.495243 2
6.972746 4.228637 0.288903 2
6.972746 4.228637 0.288903 2
9.221389 4.673516 0.573950 2
8.830259 3.948795 0.349840 2
8.962649 5.526999 -0.618040 2
8.755602 5.354392 -0.245986 2
7.351810 4.150701 1.451970 2
9.035164 4.720870 0.111566 2
9.035164 4.720870 0.111566 2
7.596436 5.255868 -0.249537 2
7.370111 4.696209 -0.534101 2
7.370111 4.696209 -0.534101 2
9.212377 5.493500 0.687648 2
9.212377 5.493500 0.687648 2
9.194551 5.007279 -0.229361 2
9.194551 5.007279 -0.229361 2
7.924847 2.860979 -0.595659 2
9.557675 5.692964 0.662875 2
8.698085 5.781431 -0.344211 2
8.842098 4.802603 -0.399739 2
8.130772 4.780064 0.010732 2
8.714538 4.931894 0.152833 2
9.223938 5.638416 -0.356535 2
7.640315 4.633418 -0.422716 2
7.559079 5.183381 -1.069686 2
7.529605 3.136878 1.003777 2
8.210025 4.965285 0.236033 2
8.993767 4.996089 -0.349436 2
8.258267 3.366264 -0.707258 2
8.446593 4.976862 -0.598167 2
8.563172 4.564181 0.276135 2
8.974088 4.243681 0.369584 2
8.661550 5.067895 -0.138602 2
7.441049 3.320425 -0.944992 2
7.680972 4.048452 1.335792 2
8.931376 4.773696 0.143908 2
8.931376 4.773696 0.143908 2
8.277993 5.437656 0.177129 2
7.621240 5.217375 -0.451385 2
8.306843 4.411374 -0.255565 2
8.170640 5.038809 0.048776 2
8.244676 5.131444 -0.341532 2
7.111250 4.360066 0.660383 2
7.111250 4.360066 0.660383 2
8.703070 4.751129 0.300806 2
9.433668 5.642695 0.767802 2
7.821739 3.318827 -0.833177 2
8.671357 5.176136 -0.756879 2
7.898576 3.722639 1.254600 2
8.360451 5.043789 0.391383 2
8.360451 5.043789 0.391383 2
8.031588 5.046807 -0.440938 2
7.496760 4.843944 -0.537325 2
7.101230 4.063729 0.709482 2
8.499177 4.712103 0.272690 2
8.976327 5.320024 -0.186662 2
7.073418 4.332961 0.497171 2
7.073418 4.332961 0.497171 2
8.399752 4.527670 0.198261 2
9.036300 5.841606 0.899300 2
8.855442 4.951366 0.008482 2
7.925282 4.668753 -0.848224 2
8.547602 4.883970 -0.112187 2
8.257474 4.749612 0.115398 2
8.257474 4.749612 0.115398 2
7.246248 5.092739 0.984324 2
7.246248 5.092739 0.984324 2
7.664130 3.918217 -0.198399 2
8.858317 4.936580 0.254699 2
8.238994 5.398660 -0.489333 2
7.081816 4.339593 0.619937 2
7.081816 4.339593 0.619937 2
8.883485 3.972962 -0.039361 2
9.470818 5.518899 0.615114 2
8.169536 3.501087 -0.764395 2
8.840071 5.551769 -0.819095 2
7.847891 3.903914 0.741329 2
8.652370 5.228599 0.448793 2
8.652370 5.228599 0.448793 2
9.027907 5.258170 -0.253365 2
8.361730 5.110539 -0.702645 2
7.177398 4.037849 1.363301 2
8.212793 5.030324 0.411427 2
9.011099 4.643191 -0.414521 2
8.671069 5.178371 -0.379520 2
8.671069 5.178371 -0.379520 2
7.456756 4.132621 -0.062611 2
5.620156 2.754979 -0.328165 2
6.109121 6.637662 0.966185 2
1.336368 4.815279 -0.924208 2
1.836041 4.195538 -1.372880 2
1.119182 3.646964 -1.708140 2
1.119182 3.646964 -1.708140 2
0.152214 2.959475 -0.802452 2
-0.076421 3.452428 -0.922165 2
-0.284382 3.401237 -0.995532 2
0.618583 3.795340 -0.269258 2
0.618583 3.795340 -0.269258 2
0.121036 3.009098 -0.936162 2
-0.855862 2.988014 -0.673959 2
-0.235367 4.014433 -1.490229 2
-0.040108 2.292387 -0.646666 2
-0.040108 2.292387 -0.646666 2
0.611283 4.705742 -1.062381 2
-1.037265 2.576664 -1.074321 2
-0.421907 4.342482 -1.100848 2
0.251403 2.763881 -0.654510 2
0.035207 3.355723 -1.052410 2
-0.191450 2.873791 -1.513842 2
-0.191450 2.873791 -1.513842 2
-0.053905 4.175960 -0.081635 2
-0.539137 4.052455 -1.000668 2
-0.399698 3.477924 -1.193111 2
-0.715597 2.596465 -0.908474 2
0.016958 3.824070 -1.039834 2
-0.295204 4.106989 -0.545942 2
0.800629 3.749037 -0.820662 2
-0.767618 3.038398 -1.312795 2
-0.166171 2.952579 -1.227356 2
-0.067273 3.871086 -1.228860 2
-0.512290 4.036340 -0.815775 2
-0.512290 4.036340 -0.815775 2
0.093257 4.770788 -1.590206 2
-0.925894 4.804377 -0.599899 2
0.335214 4.032152 -0.496710 2
0.335214 4.032152 -0.496710 2
0.187818 3.651282 -1.181075 2
0.187818 3.651282 -1.181075 2
-1.115338 2.824862 -0.513336 2
0.152806 2.218539 -0.677277 2
0.152806 2.218539 -0.677277 2
-0.055726 3.521318 -1.559491 2
-0.531519 3.461960 -0.803630 2
-0.592448 3.823222 -0.888410 2
2.509528 7.335069 -1.117958 2
0.387942 4.084553 -1.283757 2
-0.705880 2.836018 -1.016537 2
0.024040 3.771636 -1.086190 2
-0.915983 3.225133 -0.456470 2
-0.099227 3.386549 -0.393103 2
-0.474784 3.148368 -1.026428 2
-0.721834 2.529787 -0.817245 2
-0.059939 3.684891 -1.117452 2
-0.603910 3.472450 -0.652749 2
-0.603910 3.472450 -0.652749 2
-0.680523 3.235041 -1.383232 2
-0.357344 3.604122 -0.256100 2
-0.107541 3.805703 -1.225969 2
-0.107541 3.805703 -1.225969 2
0.717355 4.058317 -0.991276 2
-0.615999 2.881171 -0.796831 2
-0.061169 4.173225 -0.145838 2
0.329231 3.429599 -0.376285 2
0.329231 3.429599 -0.376285 2
0.242474 3.541653 -1.150665 2
-0.838564 3.234655 -0.496095 2
-0.104662 3.767066 -0.867309 2
0.116429 2.851023 -0.584544 2
0.116429 2.851023 -0.584544 2
0.862836 5.138661 -1.153073 2
0.862836 5.138661 -1.153073 2
-0.747947 3.376334 -0.601317 2
0.925735 4.224765 -0.802008 2
0.627433 3.395645 -1.154507 2
0.027068 2.896308 -1.009293 2
-0.310677 4.179483 -0.584698 2
-0.340027 3.774575 -0.484729 2
-0.340027 3.774575 -0.484729 2
-0.501342 2.701763 -1.191279 2
-0.571800 2.860952 -0.820909 2
-0.019313 3.717117 -1.058982 2
-0.424384 3.723286 -0.962249 2
0.480420 3.290080 -0.624189 2
-0.334727 3.045947 -1.376890 2
-0.297689 2.562741 -1.004604 2
-0.093016 3.711486 -0.937713 2
-0.093016 3.711486 -0.937713 2
0.684585 3.946995 -0.952548 2
-0.678195 3.049266 -0.823501 2
-0.170998 4.027802 -0.399337 2
0.453570 2.610117 -0.806637 2
-0.843681 4.690870 -1.127448 2
0.081606 3.905675 -1.347733 2
-1.047753 2.701466 -0.544585 2
-0.180672 3.875714 -0.912384 2
0.234283 2.893675 -0.674665 2
0.783526 3.227402 -1.169050 2
2.909006 3.296975 -1.112265 2
4.671250 3.449210 0.168724 2
6.316541 5.131206 0.338985 2
13.049095 10.375631 0.722650 2
13.049095 10.375631 0.722650 2
7.331713 1.944943 -1.845071 2
8.305556 4.120532 0.724626 2
9.515837 6.450929 0.898143 2
8.840436 5.755957 0.710568 2
8.250303 2.909399 -1.425326 2
8.170895 3.357647 1.146399 2
9.407427 5.120780 0.333777 2
8.516232 5.783218 -0.323078 2
7.915085 4.729629 -0.447434 2
8.111402 5.954700 -0.154675 2
8.111402 5.954700 -0.154675 2
8.983701 5.662255 0.637462 2
8.983701 5.662255 0.637462 2
9.479073 5.633492 -0.500691 2
7.633334 2.925872 -0.415853 2
8.367819 4.456296 0.729107 2
9.739361 5.709053 0.672301 2
8.478047 5.278766 -0.252379 2
8.643766 5.358765 -0.723954 2
7.563725 4.516544 -0.004298 2
8.616043 3.249797 0.033693 2
8.616043 3.249797 0.033693 2
7.628805 4.958749 -0.354681 2
7.991653 5.431289 -0.919838 2
7.881322 3.514445 1.001716 2
8.558461 5.207501 0.448760 2
9.056653 5.640723 -0.190180 2
8.383080 4.294083 -0.588536 2
8.669589 4.547109 -0.620995 2
8.502563 4.786081 0.185841 2
8.897677 4.191739 0.389412 2
8.900763 5.378049 -0.016527 2
8.449702 4.847882 -0.756295 2
8.963346 3.945457 0.580504 2
9.017355 4.838711 0.102405 2
8.617796 6.145820 -0.185551 2
9.028564 5.429272 0.067912 2
7.368657 4.611439 -0.481727 2
8.345624 4.893705 -0.314575 2
8.853601 4.909351 0.374308 2
8.269118 5.463446 -0.519635 2
8.808330 5.111201 -0.305136 2
8.634190 5.328732 -0.132663 2
8.657298 4.646041 0.360169 2
9.632440 5.729141 0.702670 2
7.604666 5.000119 -0.412191 2
8.798773 5.727341 -0.741573 2
7.189905 4.236829 -0.219877 2
8.286271 5.036184 0.226238 2
8.585207 5.182717 -0.438412 2
8.953925 5.598981 -0.098360 2
8.216101 4.939848 -0.847835 2
5.218833 1.682034 -0.590272 2
7.780713 4.728680 0.239219 2
9.031735 5.453150 -0.380892 2
6.954595 4.394712 0.464394 2
9.096330 4.920429 -0.181156 2
8.516429 5.066553 0.143500 2
8.903708 5.945827 0.772934 2
8.562271 4.872887 -0.077068 2
8.720000 5.510551 -0.684861 2
8.591616 4.614678 0.270793 2
8.960713 4.865387 -0.472634 2
7.875510 4.535264 -0.811461 2
7.468078 4.499644 0.646639 2
8.686696 4.808625 0.055210 2
8.161187 4.899241 -0.604255 2
8.837620 4.885553 -0.340597 2
8.837620 4.885553 -0.340597 2
8.628521 3.876699 0.064867 2
9.891134 7.607812 1.503369 2
8.099372 5.033430 -0.584219 2
8.592902 5.500690 -0.779649 2
7.617419 4.540586 -0.157621 2
8.369153 3.101981 0.141234 2
8.970808 5.705336 -0.269151 2
7.138156 4.420182 0.453069 2
8.994206 5.576813 -0.551681 2
8.994206 5.576813 -0.551681 2
7.377823 4.239453 0.776367 2
9.074719 5.252763 -0.193746 2
8.817759 5.313898 -0.370788 2
7.590991 4.912509 -0.463780 2
8.629014 3.769154 -0.146165 2
9.193064 2.689156 1.058923 2
8.624480 4.850489 -0.280066 2
8.471013 5.249177 -0.497874 2
8.318141 3.475195 0.450521 2
8.787140 4.839384 0.328421 2
7.464370 2.934831 -0.652689 2
7.464370 2.934831 -0.652689 2
8.100798 5.273798 -0.300414 2
7.355584 5.890341 -0.035579 2
6.237322 4.327103 -0.280299 2
6.237322 4.327103 -0.280299 2
1.878082 4.038441 -0.824641 2
1.272824 4.240499 -0.660430 2
1.380536 4.229635 -1.140699 2
1.216749 2.078043 -0.986257 2
1.242544 3.707892 -0.769320 2
0.403885 2.968435 -1.350712 2
-0.549936 3.386990 -0.844680 2
0.267576 3.038645 -0.369342 2
0.583106 2.853300 -0.587952 2
-0.117529 3.572619 -0.759636 2
-0.200249 3.056693 -1.291299 2
-1.598316 4.328535 -0.782931 2
-0.164293 3.628924 -0.586545 2
0.214459 4.720796 -0.882230 2
-0.098547 3.659595 -0.916283 2
-0.377078 2.917665 -1.336044 2
-0.006044 3.071462 -0.225293 2
-0.331850 2.449717 0.096273 2
0.500627 3.923163 -0.871070 2
-0.567147 3.519784 -1.472366 2
-0.485079 2.817539 -1.015646 2
0.042570 4.057627 -1.222277 2
1.352558 5.119823 -0.565770 2
0.520307 3.738994 -1.028231 2
-0.376251 3.091834 -1.578807 2
-1.433723 4.334271 -0.833393 2
-0.195931 3.881536 -0.895170 2
-0.195931 3.881536 -0.895170 2
0.248285 3.902066 -1.017843 2
-0.236117 4.068810 -1.335332 2
0.180250 3.904949 0.274126 2
-0.232816 3.286083 -0.622055 2
-0.836887 4.149338 -0.791258 2
-0.949326 2.888173 -0.614007 2
-0.949326 2.888173 -0.614007 2
-0.284617 3.570396 -0.796476 2
0.116023 2.526767 -0.582534 2
0.116023 2.526767 -0.582534 2
-0.119934 2.261947 -1.579616 2
-1.711313 4.466214 -0.923725 2
-0.467044 3.984677 -0.621439 2
2.812763 7.029689 -0.762024 2
-0.220016 4.064319 -0.993861 2
-0.392633 2.845956 -0.959925 2
-0.242000 4.064038 -0.473190 2
-0.242000 4.064038 -0.473190 2
-0.242000 4.064038 -0.473190 2
-0.530820 3.857833 -1.091628 2
-0.555800 2.567356 -0.761566 2
0.331529 3.282520 -0.237919 2
-0.416616 4.050879 -0.748007 2
1.572320 4.940597 -0.613826 2
-0.356390 2.717166 -1.743588 2
-2.081876 5.256438 -1.073591 2
0.086055 4.032154 -0.938181 2
0.086055 4.032154 -0.938181 2
0.507192 4.744793 -0.902900 2
-0.245736 4.594819 -1.343984 2
-0.536205 4.906186 -0.009032 2
-0.191428 1.999242 0.290651 2
-0.181199 3.806077 -0.908406 2
-0.441278 3.411743 -1.339033 2
-0.974446 2.751349 -0.646024 2
-0.391250 3.542616 -0.855848 2
1.199166 4.444863 -0.877332 2
-0.117909 3.645850 -0.902575 2
-0.256872 2.829894 -1.104883 2
-1.703978 4.518794 -0.885980 2
-1.703978 4.518794 -0.885980 2
-1.703978 4.518794 -0.885980 2
-0.348615 4.208655 -0.523624 2
-0.125063 3.277023 -1.209560 2
0.075784 4.079818 -0.947070 2
-0.323666 2.365983 0.003200 2
1.081077 4.594650 -0.479722 2
-0.395017 3.080884 -1.489106 2
-0.728368 2.402748 -0.728842 2
0.073280 3.638874 -1.208035 2
-0.492805 3.832724 -0.776399 2
0.630787 4.158220 -0.713166 2
-1.157097 6.122540 -2.056906 2
-1.450896 4.236889 -0.787481 2
0.485123 3.111936 -0.533489 2
0.485123 3.111936 -0.533489 2
-0.167556 4.048828 -1.054410 2
-0.757989 2.839401 -0.874061 2
0.009063 3.986208 -0.747559 2
0.633235 2.900996 -0.766315 2
-0.195826 3.744649 -0.944357 2
-0.437108 3.340020 -1.222068 2
-0.888526 2.603025 -0.501097 2
-0.389751 3.609399 -0.845983 2
0.067645 4.235538 -0.779231 2
-0.088192 3.696513 -0.760594 2
-0.673861 2.655338 -1.039420 2
-1.351871 3.987564 -0.754032 2
-0.087149 3.570740 -0.514507 2
-0.573961 3.993854 -0.146509 2
5.252417 4.017800 -1.307204 2
6.564837 2.394193 -1.266114 2
9.137034 4.740107 0.496636 2
10.251877 7.132289 1.550549 2
10.251877 7.132289 1.550549 2
10.251877 7.132289 1.550549 2
10.251877 7.132289 1.550549 2
10.251877 7.132289 1.550549 2
10.251877 7.132289 1.550549 2
15.374682 4.371449 -1.056764 2
14.834933 3.523375 -0.951879 2
14.834933 3.523375 -0.951879 2
14.834933 3.523375 -0.951879 2
14.834933 3.523375 -0.951879 2
15.259789 2.759228 -1.327150 2
15.183255 4.490425 -1.345852 2
14.393099 3.905557 -0.856678 2
14.393099 3.905557 -0.856678 2
15.046028 4.728172 -1.349166 2
14.393534 3.659163 -1.579676 2
15.319458 4.400738 0.540688 2
15.319458 4.400738 0.540688 2
15.291402 3.882945 -0.984456 2
15.115910 5.496878 -1.164905 2
15.115910 5.496878 -1.164905 2
15.115910 5.496878 -1.164905 2
15.115910 5.496878 -1.164905 2
15.115910 5.496878 -1.164905 2
14.816608 5.381390 -1.195042 2
15.286941 4.887300 -1.356723 2
15.286941 4.887300 -1.356723 2
15.286941 4.887300 -1.356723 2
15.639091 4.776627 -1.220990 2
15.060532 5.285048 -1.163101 2
15.913828 2.987939 -1.720494 2
15.060929 3.614146 -1.202915 2
19.908030 6.491099 1.745916 2
15.545820 4.920227 -1.208837 2
15.545820 4.920227 -1.208837 2
15.545820 4.920227 -1.208837 2
15.545820 4.920227 -1.208837 2
15.545820 4.920227 -1.208837 2
15.246175 4.200874 -0.968599 2
15.156534 4.408294 -0.750847 2
17.749666 3.731417 -0.716033 2
14.691620 4.115350 -1.445434 2
15.448195 4.505392 -1.237455 2
15.534367 4.824238 -1.266397 2
15.297342 2.915337 -1.027531 2
14.947796 3.556142 -1.112718 2
15.597470 3.078488 -1.437050 2
15.236142 4.636402 -1.337292 2
15.437904 5.032746 -1.288967 2
15.437904 5.032746 -1.288967 2
15.437904 5.032746 -1.288967 2
15.437904 5.032746 -1.288967 2
15.092722 5.035141 -1.314555 2
15.204972 4.777521 -1.088058 2
15.204972 4.777521 -1.088058 2
15.335488 3.050761 -1.435290 2
15.335488 3.050761 -1.435290 2
15.062511 5.191198 -1.194861 2
15.619309 4.111027 -1.874897 2
15.619309 4.111027 -1.874897 2
15.619309 4.111027 -1.874897 2
15.355206 3.976234 -0.875774 2
15.175769 5.007275 -1.247136 2
15.175769 5.007275 -1.247136 2
15.175769 5.007275 -1.247136 2
15.175769 5.007275 -1.247136 2
15.292361 4.335585 -0.716219 2
15.161152 4.407197 -1.267648 2
15.161152 4.407197 -1.267648 2
15.161152 4.407197 -1.267648 2
15.161152 4.407197 -1.267648 2
15.161152 4.407197 -1.267648 2
15.306611 4.138149 -1.411164 2
15.306611 4.138149 -1.411164 2
15.306611 4.138149 -1.411164 2
15.312444 4.423995 -1.375545 2
15.880253 4.568181 -0.825689 2
15.029709 4.167958 -0.862823 2
16.870195 5.897005 0.430891 2
16.870195 5.897005 0.430891 2
15.085314 5.040281 -1.276915 2
15.266452 3.857154 -1.602933 2
15.266452 3.857154 -1.602933 2
14.434315 5.930454 -1.727519 2
14.434315 5.930454 -1.727519 2
15.148578 5.161712 -1.245497 2
15.530919 5.068919 -1.299139 2
15.530919 5.068919 -1.299139 2
15.530919 5.068919 -1.299139 2
15.087543 3.909020 -0.872774 2
15.045479 5.107388 -1.255660 2
15.516003 4.390743 -1.450928 2
15.516003 4.390743 -1.450928 2
15.516003 4.390743 -1.450928 2
15.384086 4.029083 -1.100636 2
15.584367 5.093192 -1.674579 2
15.584367 5.093192 -1.674579 2
15.584367 5.093192 -1.674579 2
15.584367 5.093192 -1.674579 2
5.903381 3.650767 -0.034416 2
5.903381 3.650767 -0.034416 2
5.903381 3.650767 -0.034416 2
1.408909 3.390620 -1.110267 2
1.408909 3.390620 -1.110267 2
0.773068 3.085201 -0.948139 2
-0.252124 3.670196 -1.065319 2
-0.149130 2.533505 -0.532966 2
1.399199 2.951263 0.020478 2
-0.088449 4.593375 -0.644256 2
-0.625019 3.481665 -0.362146 2
-0.066986 3.791884 -1.747666 2
0.063587 4.221920 -1.378664 2
0.961863 3.396839 -0.441080 2
0.416993 3.056266 -1.283842 2
0.416993 3.056266 -1.283842 2
-0.485691 2.343796 -0.843606 2
-0.168026 4.189352 -1.058691 2
-0.222183 3.373071 -0.447776 2
-0.442978 3.248420 -0.776902 2
-0.319823 2.640973 -1.288365 2
-0.319823 2.640973 -1.288365 2
-0.630027 3.570472 0.316001 2
-0.630027 3.570472 0.316001 2
0.245609 4.269613 -0.617935 2
-0.124908 2.816827 -1.334806 2
-0.237444 3.745961 -0.783974 2
-0.162244 2.611411 -0.373643 2
0.747002 4.504343 -0.897856 2
-0.621350 3.524957 -1.177610 2
-0.602259 2.946929 -1.031116 2
-0.022579 3.835537 -1.131158 2
-0.022579 3.835537 -1.131158 2
0.214817 3.969564 -0.843905 2
-0.906268 3.258317 -1.274214 2
-1.003303 3.904125 -0.247609 2
-0.041178 3.753843 -1.073153 2
-0.041178 3.753843 -1.073153 2
-0.041178 3.753843 -1.073153 2
-1.045884 2.970599 -0.752976 2
-0.202245 3.639565 -0.506783 2
0.207124 2.914679 -0.270707 2
0.708398 5.184413 0.047884 2
-0.997962 3.225250 -1.609031 2
-1.204519 2.865371 -0.598016 2
-0.205979 3.791828 -0.904575 2
0.009415 3.383308 -0.878064 2
0.152249 4.548092 -1.480886 2
-0.278655 3.279156 -1.565510 2
-0.263241 2.633312 -0.716890 2
-0.146078 3.989223 -0.048646 2
-0.175384 3.596844 -1.045778 2
-0.161573 3.786862 -1.046024 2
-0.122109 3.029244 -1.141343 2
-0.328823 3.667256 -0.751433 2
-0.642097 3.438340 -0.318693 2
-0.132293 3.575141 -0.596216 2
-0.697645 3.181514 -1.318111 2
-0.480909 2.951902 -0.999631 2
-0.018728 3.689775 -0.920817 2
-0.732308 3.477425 -0.953788 2
0.189489 3.906973 -0.889501 2
-0.782815 3.159939 -1.196853 2
-0.782815 3.159939 -1.196853 2
-0.782815 3.159939 -1.196853 2
-0.782815 3.159939 -1.196853 2
-0.782815 3.159939 -1.196853 2
-0.782815 3.159939 -1.196853 2
-0.378629 3.860977 -0.386740 2
0.048027 3.097796 -0.393777 2
-0.245201 3.515408 -1.056793 2
-0.245201 3.515408 -1.056793 2
-1.031616 2.785882 -0.570115 2
-0.193098 3.645942 -0.845423 2
0.120832 3.971354 -0.765263 2
0.715781 4.433003 -0.627220 2
-0.288080 3.007485 -1.375539 2
-0.178620 4.208151 -0.647245 2
-0.178620 4.208151 -0.647245 2
-1.386750 3.669453 0.063525 2
0.130226 3.290456 -1.114577 2
-0.253803 3.040261 -1.158565 2
-0.478165 3.963807 -0.415805 2
-1.211494 3.392232 -0.076982 2
-0.254448 5.123137 -0.580009 2
-0.637262 3.211092 -1.267174 2
-0.730872 2.537384 -0.811906 2
-0.010970 3.695045 -1.109519 2
-0.902179 2.984383 -0.685105 2
0.281121 3.917862 -0.857669 2
-0.798682 3.182720 -1.188086 2
0.764431 3.319819 0.350286 2
0.188697 3.646744 -1.023503 2
0.188697 3.646744 -1.023503 2
0.184563 3.904729 -1.016920 2
-0.892652 2.817247 -0.700535 2
1.373032 3.938464 -0.602295 2
3.152301 3.401517 -0.758505 2
6.244545 6.914324 -0.803896 2
9.479523 4.132553 -1.078880 2
12.492453 1.590381 0.948471 2
13.386691 4.292126 -0.375718 2
13.386691 4.292126 -0.375718 2
13.386691 4.292126 -0.375718 2
15.668340 1.965220 -2.007242 2
15.668340 1.965220 -2.007242 2
15.668340 1.965220 -2.007242 2
15.668340 1.965220 -2.007242 2
14.859378 3.184618 -1.611689 2
14.982393 3.845125 -0.885997 2
14.982393 3.845125 -0.885997 2
14.982393 3.845125 -0.885997 2
14.982393 3.845125 -0.885997 2
15.619289 6.132555 -0.629134 2
15.619289 6.132555 -0.629134 2
14.566809 3.109583 -0.124041 2
15.552835 5.044505 -0.298435 2
15.325398 5.098750 -1.150395 2
15.325398 5.098750 -1.150395 2
15.325398 5.098750 -1.150395 2
17.151886 5.681121 -0.020971 2
17.151886 5.681121 -0.020971 2
17.151886 5.681121 -0.020971 2
14.854849 4.703976 -0.168476 2
14.854849 4.703976 -0.168476 2
14.854849 4.703976 -0.168476 2
14.854849 4.703976 -0.168476 2
14.854849 4.703976 -0.168476 2
14.651295 3.503464 -0.627086 2
15.171621 3.540441 -0.744910 2
14.935264 4.254151 -0.330824 2
14.858728 4.663020 -0.693235 2
14.858728 4.663020 -0.693235 2
14.858728 4.663020 -0.693235 2
14.858728 4.663020 -0.693235 2
14.858728 4.663020 -0.693235 2
15.371063 4.709212 -0.846379 2
15.371063 4.709212 -0.846379 2
15.371063 4.709212 -0.846379 2
15.371063 4.709212 -0.846379 2
15.371063 4.709212 -0.846379 2
16.056068 5.038890 -1.325147 2
15.482908 4.200472 -1.428671 2
15.016838 3.598145 -0.358946 2
14.665433 3.912930 -0.107162 2
15.689041 4.505599 -1.225833 2
15.689041 4.505599 -1.225833 2
16.997936 5.498080 0.146156 2
16.900856 5.385424 -1.211320 2
16.900856 5.385424 -1.211320 2
17.021982 5.807686 0.751942 2
15.100650 4.944316 -1.266889 2
15.100650 4.944316 -1.266889 2
15.229044 3.819387 -0.484730 2
15.229044 3.819387 -0.484730 2
15.229044 3.819387 -0.484730 2
15.229044 3.819387 -0.484730 2
15.229044 3.819387 -0.484730 2
15.229044 3.819387 -0.484730 2
15.229044 3.819387 -0.484730 2
16.535957 5.619043 -0.009677 2
15.143898 4.431758 -1.478790 2
15.143898 4.431758 -1.478790 2
15.143898 4.431758 -1.478790 2
15.200341 4.517353 -1.244583 2
15.884717 4.789217 -0.526365 2
15.884717 4.789217 -0.526365 2
15.103745 3.758907 -0.259962 2
15.103745 3.758907 -0.259962 2
15.103745 3.758907 -0.259962 2
16.442623 6.321196 -0.593556 2
16.442623 6.321196 -0.593556 2
16.442623 6.321196 -0.593556 2
16.442623 6.321196 -0.593556 2
16.442623 6.321196 -0.593556 2
16.573320 5.429245 -0.201007 2
16.573320 5.429245 -0.201007 2
16.573320 5.429245 -0.201007 2
15.379461 4.035253 -0.537052 2
15.724206 4.750871 -0.638543 2
15.203576 3.744224 -0.886781 2
15.097558 3.414824 -0.755805 2
15.097558 3.414824 -0.755805 2
15.097558 3.414824 -0.755805 2
15.097558 3.414824 -0.755805 2
19.571457 10.035666 2.937090 2
17.304644 5.578486 -0.492232 2
17.304644 5.578486 -0.492232 2
17.304644 5.578486 -0.492232 2
14.357048 4.403390 -0.436834 2
14.357048 4.403390 -0.436834 2
14.357048 4.403390 -0.436834 2
14.357048 4.403390 -0.436834 2
14.357048 4.403390 -0.436834 2
16.871906 6.957414 -0.517616 2
16.871906 6.957414 -0.517616 2
11.938342 3.878078 -0.275793 2
11.938342 3.878078 -0.275793 2
10.047447 4.819279 -0.353414 2
5.261728 6.266453 0.730080 2
5.578994 3.921441 -0.773932 2
5.578994 3.921441 -0.773932 2
-0.472164 0.433805 0.670314 2
0.975431 3.040283 -2.025285 2
-0.025844 4.766636 -1.682908 2
1.084392 3.045451 -0.673045 2
1.129440 2.866488 -0.549545 2
-0.212701 3.614458 -0.079444 2
-0.099382 3.697180 -0.592082 2
-1.784817 4.584383 -0.886161 2
-0.129061 3.577987 -0.535874 2
-0.129061 3.577987 -0.535874 2
0.022645 3.405803 -0.518748 2
0.336966 3.462075 -1.826635 2
-0.296719 3.707335 -1.124748 2
-0.580405 3.506879 -0.253066 2
-0.402662 3.637187 0.654573 2
-0.537389 3.154002 -1.297457 2
-0.779203 2.907200 -1.587290 2
-0.293684 3.981762 -1.223345 2
-1.218542 2.623477 -0.262554 2
0.497363 2.828871 -0.572744 2
0.497363 2.828871 -0.572744 2
-0.391677 3.622616 -0.271821 2
-0.085879 4.047564 -1.057825 2
-0.085879 4.047564 -1.057825 2
0.810086 3.756335 -0.942963 2
-0.264031 3.166555 -1.098168 2
-0.275616 3.913653 -0.330418 2
-0.506049 3.857097 -0.762317 2
1.292226 7.076049 -0.313538 2
0.234726 3.451157 -1.147811 2
-1.243776 2.985457 -0.493077 2
-0.107352 3.813081 -0.889084 2
-0.040027 2.346525 -0.624322 2
0.189384 3.878742 -0.985822 2
-0.211244 3.582224 -1.275958 2
-0.951467 2.522953 -0.721548 2
-0.330194 3.569988 -0.856406 2
0.263404 3.227228 -0.697532 2
-0.350369 3.180393 -0.851066 2
0.128928 2.922467 -1.156231 2
-0.605856 3.521190 -0.586386 2
-0.073700 3.849519 -0.357175 2
0.458059 4.868372 -1.233223 2
0.057624 4.169208 -1.248836 2
-0.240410 3.109811 -1.065876 2
0.030496 3.883435 -1.019962 2
-0.187714 2.209249 -0.391936 2
0.572953 4.559642 -0.884139 2
0.572953 4.559642 -0.884139 2
-0.760602 2.571995 -0.807650 2
-0.760602 2.571995 -0.807650 2
-0.060349 4.440566 -0.709881 2
0.259300 2.873003 -1.117385 2
-0.343360 3.353162 -1.480598 2
-1.388755 4.819745 -0.780855 2
-1.388755 4.819745 -0.780855 2
0.420886 3.608470 -0.813950 2
-0.697981 2.981187 -0.870439 2
-0.697981 2.981187 -0.870439 2
-0.273812 3.787290 -0.262105 2
0.361899 2.944248 -0.438061 2
-0.094638 3.541529 -1.020266 2
0.036830 3.932446 -1.145046 2
-1.082482 2.894829 -0.584197 2
0.336737 3.569061 -0.771167 2
0.336737 3.569061 -0.771167 2
0.389941 2.922037 -1.734289 2
0.389941 2.922037 -1.734289 2
-0.376178 2.919708 -0.661419 2
-0.672050 3.219178 -0.787784 2
0.553973 4.801881 -0.756446 2
0.350135 2.851773 -1.123711 2
0.350135 2.851773 -1.123711 2
-0.142351 3.825235 -0.140619 2
-0.057516 4.029204 -0.124584 2
-0.168734 3.899029 -1.078779 2
-0.677052 3.296618 -0.881262 2
-0.380683 3.001090 -0.907682 2
-0.623011 2.620183 -0.186353 2
-0.623011 2.620183 -0.186353 2
0.510831 3.696331 -0.968954 2
-0.290490 3.422825 -1.477616 2
-0.549321 3.174699 -0.592385 2
-0.080713 3.870589 -1.266557 2
-0.017462 4.813612 -0.836306 2
0.095224 2.948317 -1.152896 2
-0.234539 3.014989 -1.041366 2
-0.234539 3.014989 -1.041366 2
0.408847 3.647524 -0.054114 2
0.339284 5.934615 -1.809323 2
0.302448 3.890299 -1.030939 2
-0.634953 3.051419 -0.784331 2
0.663525 4.401536 -0.818439 2
0.663525 4.401536 -0.818439 2
1.272714 4.204762 -1.153219 2
1.272714 4.204762 -1.153219 2
1.272714 4.204762 -1.153219 2
9.784348 4.824857 0.660844 2
10.263598 6.605111 -0.483735 2
10.263598 6.605111 -0.483735 2
10.263598 6.605111 -0.483735 2
10.263598 6.605111 -0.483735 2
21.712606 5.327081 1.971148 2
21.554781 4.330610 0.669674 2
21.554781 4.330610 0.669674 2
21.554781 4.330610 0.669674 2
21.554781 4.330610 0.669674 2
24.527075 6.313326 1.925940 2
24.527075 6.313326 1.925940 2
24.527075 6.313326 1.925940 2
26.066832 6.450614 1.485329 2
26.066832 6.450614 1.485329 2
25.716743 5.554246 -0.012052 2
23.820501 6.671067 0.231019 2
23.820501 6.671067 0.231019 2
23.820501 6.671067 0.231019 2
26.193161 5.237553 1.320417 2
24.691883 5.386405 -0.162142 2
24.691883 5.386405 -0.162142 2
24.630125 5.556702 -0.070001 2
24.630125 5.556702 -0.070001 2
25.537500 5.841541 -0.330112 2
24.231907 5.189349 -0.335445 2
24.231907 5.189349 -0.335445 2
24.231907 5.189349 -0.335445 2
24.231907 5.189349 -0.335445 2
25.933540 5.602051 0.021548 2
25.952497 7.065486 1.064883 2
25.952497 7.065486 1.064883 2
24.926279 6.026395 -0.070153 2
24.926279 6.026395 -0.070153 2
24.926279 6.026395 -0.070153 2
24.926279 6.026395 -0.070153 2
24.914392 6.210918 -0.095084 2
27.096319 7.187227 1.962831 2
27.096319 7.187227 1.962831 2
25.084522 5.684960 0.230069 2
25.084522 5.684960 0.230069 2
25.052008 5.889774 -0.288422 2
25.052008 5.889774 -0.288422 2
25.461882 6.044211 0.130608 2
24.509527 6.120606 -0.018096 2
24.509527 6.120606 -0.018096 2
25.149609 5.997248 -0.366531 2
25.375700 5.800045 0.179281 2
25.375700 5.800045 0.179281 2
25.375700 5.800045 0.179281 2
25.375700 5.800045 0.179281 2
25.329941 5.552150 -0.414848 2
25.329941 5.552150 -0.414848 2
24.542469 5.735678 0.364429 2
24.542469 5.735678 0.364429 2
24.542469 5.735678 0.364429 2
24.542469 5.735678 0.364429 2
27.666893 7.280274 1.882977 2
24.864159 5.788960 -0.078571 2
24.864159 5.788960 -0.078571 2
24.812975 5.908629 0.193693 2
25.373636 5.921236 0.332425 2
25.921474 5.808955 0.228715 2
26.679102 7.804129 1.784184 2
25.132336 5.894670 -0.276049 2
25.364771 5.511956 0.188280 2
25.364771 5.511956 0.188280 2
25.163351 5.603456 0.242557 2
25.163351 5.603456 0.242557 2
25.157543 5.877230 -0.272259 2
25.157543 5.877230 -0.272259 2
26.482214 6.930609 1.862629 2
24.453812 6.020483 0.000128 2
24.453812 6.020483 0.000128 2
25.156141 5.824635 -0.635275 2
25.156141 5.824635 -0.635275 2
25.476320 5.830571 0.132881 2
25.521942 6.249050 1.300194 2
25.521942 6.249050 1.300194 2
25.322897 6.167158 2.793321 2
25.322897 6.167158 2.793321 2
25.445669 6.029218 0.225237 2
25.445669 6.029218 0.225237 2
24.822897 5.789562 -0.195674 2
24.822897 5.789562 -0.195674 2
25.485554 5.539855 -0.455759 2
24.443441 5.313798 -0.187692 2
25.029593 5.904090 0.100940 2
24.431917 6.292181 0.055064 2
24.431917 6.292181 0.055064 2
25.803251 5.814540 0.195309 2
25.248426 6.087033 0.744023 2
25.213491 5.782454 -0.060490 2
25.463417 5.881979 0.314471 2
25.463417 5.881979 0.314471 2
25.736429 6.556091 1.085097 2
25.736429 6.556091 1.085097 2
22.395761 5.206373 0.465534 2
22.395761 5.206373 0.465534 2
17.502483 5.415221 0.175046 2
12.306614 0.824108 -1.161278 2
12.306614 0.824108 -1.161278 2
10.278162 7.031209 -0.447428 2
10.278162 7.031209 -0.447428 2
10.278162 7.031209 -0.447428 2
10.278162 7.031209 -0.447428 2
1.058124 -0.018196 -0.355133 2
-0.247973 5.935653 -2.325420 2
-0.247973 5.935653 -2.325420 2
-0.492379 3.196025 -0.766390 2
2.388537 5.571545 0.491331 2
2.355232 2.572574 -0.524363 2
-0.541023 2.976816 -1.018697 2
-2.194979 6.576361 -0.312371 2
-0.068380 4.370044 -0.630039 2
-0.068380 4.370044 -0.630039 2
0.006025 3.578437 0.009451 2
0.116807 2.666995 -1.552324 2
0.118681 4.025787 -1.573887 2
-0.198615 4.950679 -0.054698 2
0.642127 4.274612 0.473850 2
0.245838 3.030108 -1.850015 2
0.245838 3.030108 -1.850015 2
0.245838 3.030108 -1.850015 2
0.067501 5.138716 -0.384197 2
-0.206947 2.329565 -1.208096 2
0.392754 1.773451 -2.284301 2
-0.050608 3.879761 -1.100613 2
0.174870 5.197133 -0.746930 2
0.174870 5.197133 -0.746930 2
0.740129 4.185578 -1.170391 2
-0.616067 3.251360 -0.867175 2
0.012808 3.960186 -0.535018 2
0.500901 4.224376 -0.467957 2
-0.262517 4.696669 -0.411497 2
-1.016470 2.848199 -0.357141 2
-1.016470 2.848199 -0.357141 2
-0.071208 4.165754 -0.344208 2
0.216298 2.938166 -0.620247 2
0.343903 4.136254 -1.166781 2
-0.428695 3.055651 -1.410595 2
-0.420525 3.280452 -0.995360 2
0.513798 4.529878 0.135989 2
0.448813 5.194276 -0.936925 2
0.837715 4.278492 -1.259856 2
-0.425417 3.070298 -1.009686 2
-0.147919 4.696432 -1.013079 2
0.050356 4.422203 -0.174093 2
-0.499505 3.157206 -0.604920 2
-0.533325 2.852084 -0.874015 2
-0.533325 2.852084 -0.874015 2
0.349107 3.878295 -1.047982 2
-0.546892 2.825195 -0.440774 2
0.509402 4.435636 -0.889905 2
-0.443619 3.536977 -1.426815 2
-0.261457 3.177774 -1.766763 2
-0.074866 5.025758 -0.630930 2
-0.074866 5.025758 -0.630930 2
-0.684402 3.145231 -0.796933 2
-0.684402 3.145231 -0.796933 2
-0.054334 3.742053 -0.189181 2
0.617152 4.462115 -0.184675 2
0.175864 6.130916 -1.698824 2
-0.813082 3.143402 -0.416261 2
-0.813082 3.143402 -0.416261 2
0.269551 4.211204 -0.695458 2
0.333546 3.607382 -0.893431 2
-1.574802 3.433872 0.435603 2
0.175799 3.142070 -1.667968 2
-0.136325 3.839518 -1.053545 2
0.177981 3.634880 -0.555027 2
0.177981 3.634880 -0.555027 2
0.062726 3.038172 -1.138329 2
0.062726 3.038172 -1.138329 2
-0.326497 3.406420 -0.258166 2
-0.326497 3.406420 -0.258166 2
0.436173 5.085120 -0.945684 2
0.052174 2.367203 -1.139133 2
0.052174 2.367203 -1.139133 2
-0.385582 4.052217 -0.437686 2
-0.385582 4.052217 -0.437686 2
-0.334966 3.498176 -1.482088 2
-0.334966 3.498176 -1.482088 2
0.008815 3.739749 -1.156599 2
-0.302862 3.895943 -1.016718 2
-0.302862 3.895943 -1.016718 2
-0.119681 3.086429 -1.054791 2
-0.119681 3.086429 -1.054791 2
0.460778 3.975871 -0.460807 2
0.460778 3.975871 -0.460807 2
0.460778 3.975871 -0.460807 2
-0.074854 3.774151 -0.574103 2
-0.074854 3.774151 -0.574103 2
-0.122874 3.160340 -0.672590 2
-0.122874 3.160340 -0.672590 2
0.234302 3.583305 -1.592627 2
0.234302 3.583305 -1.592627 2
1.724537 3.610338 -0.235317 2
2.528353 3.104217 -0.613665 2
2.528353 3.104217 -0.613665 2
12.974669 2.158194 -2.023356 2
12.974669 2.158194 -2.023356 2
12.974669 2.158194 -2.023356 2
12.974669 2.158194 -2.023356 2
12.974669 2.158194 -2.023356 2
26.994076 4.030694 -1.112607 2
26.994076 4.030694 -1.112607 2
26.994076 4.030694 -1.112607 2
26.994076 4.030694 -1.112607 2
26.994076 4.030694 -1.112607 2
26.994076 4.030694 -1.112607 2
26.349403 6.641992 1.044584 2
26.349403 6.641992 1.044584 2
26.349403 6.641992 1.044584 2
26.349403 6.641992 1.044584 2
26.349403 6.641992 1.044584 2
26.255541 5.375865 1.662908 2
26.255541 5.375865 1.662908 2
24.441233 5.215277 -0.742250 2
24.441233 5.215277 -0.742250 2
23.622116 6.630898 0.530404 2
26.720541 6.080168 1.158623 2
26.720541 6.080168 1.158623 2
25.469128 6.355644 0.574411 2
25.469128 6.355644 0.574411 2
24.543056 5.774287 0.621842 2
24.543056 5.774287 0.621842 2
24.543056 5.774287 0.621842 2
25.638866 7.015855 0.836490 2
25.638866 7.015855 0.836490 2
25.365965 5.574138 -0.006153 2
25.365965 5.574138 -0.006153 2
24.828768 5.662162 0.254123 2
24.699076 6.271814 0.016589 2
24.699076 6.271814 0.016589 2
25.093287 5.661025 0.225038 2
25.093287 5.661025 0.225038 2
24.658190 5.717330 -0.250561 2
24.658190 5.717330 -0.250561 2
23.393885 4.813264 1.956717 2
25.267855 5.946064 0.285913 2
25.267855 5.946064 0.285913 2
25.326193 6.220729 0.852402 2
25.326193 6.220729 0.852402 2
24.709915 5.942250 -0.000120 2
24.709915 5.942250 -0.000120 2
24.709915 5.942250 -0.000120 2
24.709915 5.942250 -0.000120 2
24.709915 5.942250 -0.000120 2
25.202057 5.567974 -0.287769 2
25.202057 5.567974 -0.287769 2
24.224495 5.429561 -0.071921 2
24.224495 5.429561 -0.071921 2
24.224495 5.429561 -0.071921 2
25.934536 5.890031 0.246966 2
25.934536 5.890031 0.246966 2
25.407656 5.797025 -0.122482 2
25.407656 5.797025 -0.122482 2
25.305767 5.754092 0.500009 2
25.305767 5.754092 0.500009 2
25.305767 5.754092 0.500009 2
24.717962 6.311040 0.132857 2
24.717962 6.311040 0.132857 2
25.490156 6.448636 0.199956 2
25.490156 6.448636 0.199956 2
24.685017 5.237460 -0.321580 2
24.685017 5.237460 -0.321580 2
25.242058 5.752309 -0.329516 2
25.242058 5.752309 -0.329516 2
26.537664 7.060532 1.971992 2
24.283468 6.024822 0.156245 2
24.283468 6.024822 0.156245 2
26.290974 7.370012 0.405578 2
26.290974 7.370012 0.405578 2
26.290974 7.370012 0.405578 2
24.856905 5.707103 -0.277255 2
24.856905 5.707103 -0.277255 2
24.343536 6.542588 1.247440 2
24.343536 6.542588 1.247440 2
23.986040 6.639071 -0.393697 2
23.986040 6.639071 -0.393697 2
24.836815 5.617315 -0.002232 2
27.076788 6.835357 1.352876 2
27.076788 6.835357 1.352876 2
24.429508 5.143479 -0.250886 2
24.429508 5.143479 -0.250886 2
24.731962 5.713954 0.118268 2
24.731962 5.713954 0.118268 2
25.758532 5.847251 0.281217 2
25.340765 6.456019 0.592798 2
25.340765 6.456019 0.592798 2
24.898304 6.174987 2.507731 2
24.898304 6.174987 2.507731 2
24.929153 5.615841 0.287703 2
24.929153 5.615841 0.287703 2
24.934460 5.798233 -0.224264 2
22.269657 5.236907 0.567113 2
22.269657 5.236907 0.567113 2
18.456450 4.106186 0.084224 2
18.456450 4.106186 0.084224 2
15.416822 6.238073 -0.173162 2
15.416822 6.238073 -0.173162 2
15.416822 6.238073 -0.173162 2
15.416822 6.238073 -0.173162 2
10.262973 2.080992 1.823907 2
3.117887 5.660217 -0.170529 2
3.117887 5.660217 -0.170529 2
4.347872 0.721795 1.150327 2
4.347872 0.721795 1.150327 2
0.314330 4.325375 -1.487104 2
0.281888 3.291522 -0.455778 2
0.281888 3.291522 -0.455778 2
-0.350336 2.953248 -1.033618 2
-0.350336 2.953248 -1.033618 2
-0.092266 2.477705 -1.692712 2
-0.092266 2.477705 -1.692712 2
0.348814 4.293723 -2.005025 2
0.099112 2.866095 -0.461182 2
0.099112 2.866095 -0.461182 2
-1.070580 4.649911 -0.837949 2
-1.070580 4.649911 -0.837949 2
-0.049046 4.616823 -0.029879 2
-0.049046 4.616823 -0.029879 2
-0.223359 3.142447 -0.854489 2
-0.562923 3.610474 -1.083974 2
-0.562923 3.610474 -1.083974 2
0.040330 3.667576 -0.683762 2
0.040330 3.667576 -0.683762 2
-0.596573 2.645100 -0.972711 2
-0.596573 2.645100 -0.972711 2
-0.013406 4.403749 -0.430571 2
0.996077 4.093568 -1.206759 2
0.996077 4.093568 -1.206759 2
-0.852575 3.676870 -0.734537 2
-0.852575 3.676870 -0.734537 2
0.305102 4.777100 -1.149905 2
0.305102 4.777100 -1.149905 2
0.187698 3.933130 -1.271057 2
-0.064092 3.714214 -1.011226 2
-0.064092 3.714214 -1.011226 2
0.455845 4.024024 -0.890595 2
0.455845 4.024024 -0.890595 2
-0.473830 3.604926 -1.715034 2
-0.473830 3.604926 -1.715034 2
0.223487 4.100264 -1.070700 2
-0.291082 3.866348 -0.774354 2
-0.291082 3.866348 -0.774354 2
-0.448302 2.547812 -1.143783 2
-0.448302 2.547812 -1.143783 2
0.225011 6.414223 -1.557135 2
0.225011 6.414223 -1.557135 2
0.018568 3.855766 -1.196807 2
-0.100349 3.700219 -0.833313 2
-0.100349 3.700219 -0.833313 2
0.016240 4.003040 -1.122684 2
0.016240 4.003040 -1.122684 2
-0.340066 3.173780 -0.565126 2
-0.340066 3.173780 -0.565126 2
-0.356330 4.052586 -0.907871 2
0.073350 3.355205 -0.771078 2
0.073350 3.355205 -0.771078 2
-0.074892 3.843299 -0.115175 2
-0.074892 3.843299 -0.115175 2
-0.315473 3.650229 -0.323932 2
-0.315473 3.650229 -0.323932 2
-0.650366 2.748406 -0.759657 2
-0.650366 2.748406 -0.759657 2
0.294784 4.028662 -1.031428 2
0.441330 3.936250 -0.939464 2
0.441330 3.936250 -0.939464 2
-0.028760 2.668384 -0.873167 2
-0.028760 2.668384 -0.873167 2
-0.351139 3.971571 -0.692665 2
0.985657 3.783628 -1.072075 2
0.985657 3.783628 -1.072075 2
0.004318 3.894576 -0.211315 2
0.004318 3.894576 -0.211315 2
0.145671 5.654653 -1.377065 2
0.145671 5.654653 -1.377065 2
0.145671 5.654653 -1.377065 2
-0.025297 4.241041 -0.441905 2
-0.025297 4.241041 -0.441905 2
0.029341 4.100057 -1.165846 2
0.029341 4.100057 -1.165846 2
-0.296192 2.982011 -0.550635 2
-0.296192 2.982011 -0.550635 2
0.110113 3.044027 -0.675773 2
1.460550 5.735142 -1.237727 2
-0.185525 3.055253 -0.966329 2
-0.234718 3.402040 -0.704900 2
-0.100334 3.868039 -0.251269 2
0.041596 3.364013 -0.561926 2
0.041596 3.364013 -0.561926 2
-0.511064 2.918945 -0.946058 2
0.289600 3.839971 -1.001662 2
-0.497200 2.836813 -0.396684 2
-0.497200 2.836813 -0.396684 2
-0.497200 2.836813 -0.396684 2
6.758964 3.025657 -0.362269 2
6.758964 3.025657 -0.362269 2
11.455450 8.364307 -0.301024 2
11.455450 8.364307 -0.301024 2
19.876570 1.133725 -0.767811 2
19.876570 1.133725 -0.767811 2
19.876570 1.133725 -0.767811 2
24.759733 7.000124 1.839293 2
24.759733 7.000124 1.839293 2
31.950825 4.145368 0.496587 2
31.950825 4.145368 0.496587 2
30.102699 6.877279 2.500664 2
30.102699 6.877279 2.500664 2
30.102699 6.877279 2.500664 2
30.102699 6.877279 2.500664 2
30.102699 6.877279 2.500664 2
31.021252 5.568157 0.967759 2
31.021252 5.568157 0.967759 2
31.021252 5.568157 0.967759 2
31.021252 5.568157 0.967759 2
31.021252 5.568157 0.967759 2
31.021252 5.568157 0.967759 2
31.021252 5.568157 0.967759 2
29.165947 7.854550 3.344339 2
29.165947 7.854550 3.344339 2
29.165947 7.854550 3.344339 2
29.165947 7.854550 3.344339 2
29.165947 7.854550 3.344339 2
29.165947 7.854550 3.344339 2
29.165947 7.854550 3.344339 2
29.165947 7.854550 3.344339 2
29.165947 7.854550 3.344339 2
28.649294 7.415631 2.632586 2
28.649294 7.415631 2.632586 2
28.649294 7.415631 2.632586 2
28.649294 7.415631 2.632586 2
28.649294 7.415631 2.632586 2
28.649294 7.415631 2.632586 2
28.649294 7.415631 2.632586 2
29.959829 5.722168 1.686054 2
31.231714 6.697425 2.205261 2
31.231714 6.697425 2.205261 2
30.704451 5.225770 1.104938 2
30.704451 5.225770 1.104938 2
30.504229 6.229909 1.570071 2
30.504229 6.229909 1.570071 2
30.504229 6.229909 1.570071 2
30.504229 6.229909 1.570071 2
30.504229 6.229909 1.570071 2
30.504229 6.229909 1.570071 2
30.504229 6.229909 1.570071 2
30.827974 5.295026 0.968413 2
30.827974 5.295026 0.968413 2
30.827974 5.295026 0.968413 2
30.827974 5.295026 0.968413 2
30.827974 5.295026 0.968413 2
29.891411 5.843210 1.774107 2
29.891411 5.843210 1.774107 2
29.891411 5.843210 1.774107 2
29.891411 5.843210 1.774107 2
29.891411 5.843210 1.774107 2
29.891411 5.843210 1.774107 2
29.891411 5.843210 1.774107 2
29.891411 5.843210 1.774107 2
29.891411 5.843210 1.774107 2
30.852133 6.588713 1.670150 2
30.852133 6.588713 1.670150 2
30.864136 5.092018 1.003065 2
30.864136 5.092018 1.003065 2
30.864136 5.092018 1.003065 2
29.887871 8.751309 2.216873 2
29.887871 8.751309 2.216873 2
29.887871 8.751309 2.216873 2
29.887871 8.751309 2.216873 2
29.887871 8.751309 2.216873 2
29.887871 8.751309 2.216873 2
29.887871 8.751309 2.216873 2
29.887871 8.751309 2.216873 2
29.887871 8.751309 2.216873 2
29.887871 8.751309 2.216873 2
29.887871 8.751309 2.216873 2
29.887871 8.751309 2.216873 2
30.502661 6.564336 1.655026 2
30.502661 6.564336 1.655026 2
30.502661 6.564336 1.655026 2
30.502661 6.564336 1.655026 2
30.502661 6.564336 1.655026 2
30.502661 6.564336 1.655026 2
31.299557 6.956605 1.904038 2
31.299557 6.956605 1.904038 2
31.299557 6.956605 1.904038 2
31.299557 6.956605 1.904038 2
31.299557 6.956605 1.904038 2
30.543905 5.061211 1.107965 2
30.543905 5.061211 1.107965 2
30.543905 5.061211 1.107965 2
30.543905 5.061211 1.107965 2
30.543905 5.061211 1.107965 2
26.744579 5.566942 0.675935 2
26.744579 5.566942 0.675935 2
22.446392 5.270211 0.400433 2
22.447563 4.298769 0.344513 2
19.225044 3.557286 0.106607 2
13.289813 6.222738 0.731494 2
13.289813 6.222738 0.731494 2
13.289813 6.222738 0.731494 2
13.289813 6.222738 0.731494 2
6.018744 -0.023295 -0.992336 2
6.018744 -0.023295 -0.992336 2
6.018744 -0.023295 -0.992336 2
1.740043 2.086239 -1.500813 2
1.740043 2.086239 -1.500813 2
2.705773 2.523263 -0.763744 2
2.705773 2.523263 -0.763744 2
-1.726111 4.588573 -0.686346 2
-0.280792 3.492706 -1.257928 2
-0.280792 3.492706 -1.257928 2
0.959213 5.044550 0.569428 2
0.760812 3.541507 -1.793852 2
0.174985 3.741860 -1.560132 2
0.174985 3.741860 -1.560132 2
-0.158787 4.315924 0.650271 2
0.183787 2.927654 -1.683295 2
-1.081041 2.522150 -1.178110 2
-0.143854 4.215253 -1.319786 2
-0.143854 4.215253 -1.319786 2
0.360863 4.872644 -0.311361 2
0.360863 4.872644 -0.311361 2
-0.794311 3.268824 -0.980873 2
-0.794311 3.268824 -0.980873 2
0.337618 4.638483 -0.908011 2
0.337618 4.638483 -0.908011 2
0.337618 4.638483 -0.908011 2
0.425828 4.937496 -1.148278 2
0.511317 3.688297 -0.923357 2
0.511317 3.688297 -0.923357 2
-0.835892 3.224534 -1.660303 2
-0.258756 3.755852 -0.687196 2
0.396117 4.516150 -0.930623 2
0.213303 2.954897 -1.186981 2
0.213303 2.954897 -1.186981 2
0.516375 3.805463 -0.837157 2
0.516375 3.805463 -0.837157 2
0.377001 4.145968 -0.111314 2
0.377001 4.145968 -0.111314 2
0.135327 3.438292 -1.545003 2
-0.740379 3.392599 -0.729186 2
0.887828 6.066875 -1.304823 2
0.118446 4.285585 -1.272361 2
-0.358589 2.949182 -0.935385 2
0.040816 3.649235 -1.049367 2
-0.377567 4.122224 -0.456076 2
-0.367278 3.098941 -1.373295 2
-0.367278 3.098941 -1.373295 2
0.029675 2.865154 -0.900282 2
0.236060 4.211524 -1.098019 2
-0.176765 4.893730 -0.862355 2
0.004336 3.317574 -0.917997 2
-0.587618 2.760155 -0.888875 2
2.807632 3.352858 -0.699181 2
2.807632 3.352858 -0.699181 2
10.318204 4.386703 -0.717279 2
10.318204 4.386703 -0.717279 2
10.318204 4.386703 -0.717279 2
17.031435 2.838672 -0.427656 2
17.031435 2.838672 -0.427656 2
17.031435 2.838672 -0.427656 2
17.031435 2.838672 -0.427656 2
17.031435 2.838672 -0.427656 2
17.031435 2.838672 -0.427656 2
27.496775 7.356764 2.149876 2
27.496775 7.356764 2.149876 2
27.496775 7.356764 2.149876 2
27.496775 7.356764 2.149876 2
27.496775 7.356764 2.149876 2
29.780077 6.421726 1.819581 2
29.780077 6.421726 1.819581 2
29.780077 6.421726 1.819581 2
29.780077 6.421726 1.819581 2
29.780077 6.421726 1.819581 2
29.780077 6.421726 1.819581 2
29.780077 6.421726 1.819581 2
29.780077 6.421726 1.819581 2
29.780077 6.421726 1.819581 2
29.780077 6.421726 1.819581 2
29.780077 6.421726 1.819581 2
29.030689 4.029462 0.190692 2
30.401773 5.419092 1.526459 2
30.401773 5.419092 1.526459 2
30.401773 5.419092 1.526459 2
29.529936 5.514946 1.426909 2
29.564127 4.921222 0.827420 2
29.564127 4.921222 0.827420 2
30.199438 5.596686 1.561728 2
28.991190 4.524609 0.612405 2
28.991190 4.524609 0.612405 2
28.991190 4.524609 0.612405 2
28.991190 4.524609 0.612405 2
28.991190 4.524609 0.612405 2
28.991190 4.524609 0.612405 2
30.415260 5.307165 1.247378 2
31.435286 4.569713 0.430571 2
31.435286 4.569713 0.430571 2
31.435286 4.569713 0.430571 2
31.200216 6.543972 2.260773 2
31.200216 6.543972 2.260773 2
31.200216 6.543972 2.260773 2
31.200216 6.543972 2.260773 2
31.200216 6.543972 2.260773 2
31.200216 6.543972 2.260773 2
31.200216 6.543972 2.260773 2
31.200216 6.543972 2.260773 2
31.200216 6.543972 2.260773 2
31.200216 6.543972 2.260773 2
28.485563 5.708735 1.144313 2
29.932337 5.991116 1.549298 2
29.932337 5.991116 1.549298 2
29.932337 5.991116 1.549298 2
29.932337 5.991116 1.549298 2
29.932337 5.991116 1.549298 2
29.932337 5.991116 1.549298 2
29.975975 5.594859 1.599635 2
29.975975 5.594859 1.599635 2
29.975975 5.594859 1.599635 2
29.975975 5.594859 1.599635 2
29.975975 5.594859 1.599635 2
30.107504 6.459749 2.383274 2
30.107504 6.459749 2.383274 2
30.107504 6.459749 2.383274 2
28.517969 6.834739 2.650774 2
28.517969 6.834739 2.650774 2
28.517969 6.834739 2.650774 2
28.517969 6.834739 2.650774 2
28.517969 6.834739 2.650774 2
28.517969 6.834739 2.650774 2
28.517969 6.834739 2.650774 2
28.517969 6.834739 2.650774 2
28.517969 6.834739 2.650774 2
29.707941 5.968030 1.726439 2
29.707941 5.968030 1.726439 2
29.707941 5.968030 1.726439 2
29.707941 5.968030 1.726439 2
29.707941 5.968030 1.726439 2
29.707941 5.968030 1.726439 2
29.707941 5.968030 1.726439 2
29.707941 5.968030 1.726439 2
29.707941 5.968030 1.726439 2
29.975533 6.012348 1.602936 2
29.975533 6.012348 1.602936 2
29.975533 6.012348 1.602936 2
29.975533 6.012348 1.602936 2
29.975533 6.012348 1.602936 2
27.742710 5.609875 0.788500 2
27.742710 5.609875 0.788500 2
30.778700 5.095571 1.312327 2
30.778700 5.095571 1.312327 2
31.086334 7.204172 1.906843 2
31.086334 7.204172 1.906843 2
31.086334 7.204172 1.906843 2
26.007681 4.629646 -0.351961 2
26.007681 4.629646 -0.351961 2
18.306620 6.503498 0.811506 2
18.306620 6.503498 0.811506 2
18.306620 6.503498 0.811506 2
18.306620 6.503498 0.811506 2
18.306620 6.503498 0.811506 2
18.306620 6.503498 0.811506 2
18.306620 6.503498 0.811506 2
4.389063 2.445330 -0.435273 2
4.389063 2.445330 -0.435273 2
4.389063 2.445330 -0.435273 2
-0.782224 3.999899 -1.018988 2
-0.782224 3.999899 -1.018988 2
-0.518487 3.443420 -0.098635 2
-0.518487 3.443420 -0.098635 2
2.763490 -0.070998 -1.536624 2
2.763490 -0.070998 -1.536624 2
0.161009 3.030739 -0.826477 2
0.437339 5.071872 -0.607860 2
0.437339 5.071872 -0.607860 2
0.101244 2.799151 -1.611391 2
0.101244 2.799151 -1.611391 2
0.287784 5.345674 -1.309632 2
0.287784 5.345674 -1.309632 2
-0.352559 3.494239 0.024313 2
0.304003 2.723961 -1.512631 2
0.304003 2.723961 -1.512631 2
-0.463319 4.382256 -0.265606 2
-0.463319 4.382256 -0.265606 2
0.039015 3.073186 -1.376710 2
0.039015 3.073186 -1.376710 2
0.167728 3.307606 -1.468493 2
-0.302798 4.701855 -0.477211 2
-0.302798 4.701855 -0.477211 2
-0.420520 3.422319 -1.482096 2
-0.420520 3.422319 -1.482096 2
0.057284 4.025775 -1.027972 2
0.057284 4.025775 -1.027972 2
8.271996 14.456853 0.669992 2
-0.999009 2.935562 -0.633325 2
-0.999009 2.935562 -0.633325 2
-0.043641 3.561504 -0.597946 2
-0.043641 3.561504 -0.597946 2
0.075455 3.929114 -1.217552 2
0.075455 3.929114 -1.217552 2
-1.010163 2.774953 -0.583274 2
0.279949 3.877282 -0.785428 2
0.279949 3.877282 -0.785428 2
0.162915 3.205677 -1.780962 2
0.162915 3.205677 -1.780962 2
-0.542322 3.686564 -0.540756 2
-0.542322 3.686564 -0.540756 2
1.159310 5.151570 -1.248660 2
-0.064593 3.013814 -1.039739 2
-0.064593 3.013814 -1.039739 2
-0.123469 3.844982 -0.236206 2
-0.123469 3.844982 -0.236206 2
-0.091324 3.246371 -1.320017 2
-0.091324 3.246371 -1.320017 2
-0.075923 3.087314 -0.973029 2
-0.118568 4.448830 -0.531637 2
-0.118568 4.448830 -0.531637 2
-0.446315 3.484570 -1.499902 2
-0.446315 3.484570 -1.499902 2
-0.312707 2.570612 -0.986619 2
-0.312707 2.570612 -0.986619 2
-0.563295 4.768558 -1.049099 2
-0.612202 3.123606 -0.917467 2
-0.612202 3.123606 -0.917467 2
0.366794 4.063945 -0.480577 2
0.366794 4.063945 -0.480577 2
0.211134 3.599342 -1.369351 2
0.211134 3.599342 -1.369351 2
-1.098845 2.834716 -0.567290 2
0.087881 2.790151 -0.792570 2
0.087881 2.790151 -0.792570 2
0.363078 2.621029 -1.858617 2
0.363078 2.621029 -1.858617 2
-0.265157 3.801140 -0.397067 2
-0.265157 3.801140 -0.397067 2
0.331152 3.755711 -0.716628 2
-0.428715 3.043243 -1.001041 2
-0.428715 3.043243 -1.001041 2
-0.026555 4.522458 -0.199032 2
-0.026555 4.522458 -0.199032 2
0.025954 2.878160 -1.423766 2
0.025954 2.878160 -1.423766 2
-0.743714 2.508541 -0.772855 2
-0.016306 3.656780 -0.955366 2
-0.016306 3.656780 -0.955366 2
-0.352784 3.373139 -1.446200 2
