-0.388327 3.172337 -1.257508 2
-0.388327 3.172337 -1.257508 2
0.683863 4.151312 -1.668943 2
0.683863 4.151312 -1.668943 2
0.717325 3.643094 -1.279711 2
1.584628 4.440986 -1.883413 2
1.584628 4.440986 -1.883413 2
1.425262 4.419814 -1.610985 2
1.425262 4.419814 -1.610985 2
1.115945 3.750657 -0.868036 2
0.919334 4.069016 -1.583603 2
0.934181 4.245393 -1.538445 2
0.835438 3.738166 -1.305461 2
0.853790 3.634168 -1.505620 2
0.729065 3.763590 -1.384275 2
0.729065 3.763590 -1.384275 2
2.289511 5.935926 -1.237339 2
0.148647 3.488494 -1.316434 2
1.026966 3.855563 -1.087572 2
1.026966 3.855563 -1.087572 2
1.026966 3.855563 -1.087572 2
1.026966 3.855563 -1.087572 2
1.026966 3.855563 -1.087572 2
1.026966 3.855563 -1.087572 2
0.395461 2.795370 -1.088858 2
-0.034091 2.951407 -1.440729 2
-0.408368 3.261603 -0.606973 2
-0.408368 3.261603 -0.606973 2
0.725642 3.669188 0.509964 2
0.725642 3.669188 0.509964 2
-0.662260 4.458563 0.641599 2
-1.113611 2.674475 -1.394351 2
-0.383669 2.618483 -0.692697 2
-0.344218 3.764693 0.187376 2
-0.344218 3.764693 0.187376 2
-1.282339 3.021252 0.532203 2
-0.677110 3.050223 -1.353322 2
-0.074776 3.123767 -0.674839 2
-0.036160 3.677383 -1.202422 2
-0.376659 4.010716 -1.027888 2
0.389869 3.338027 -1.084281 2
0.389869 3.338027 -1.084281 2
-2.342818 5.930342 -0.815074 2
-2.342818 5.930342 -0.815074 2
0.619542 3.583722 -0.143913 2
-0.318258 3.375912 -1.033940 2
-0.541422 3.239714 -0.534210 2
-0.116032 4.520518 0.105704 2
-0.116032 4.520518 0.105704 2
0.058570 3.977131 -1.400389 2
-0.109892 2.995479 -1.582646 2
-0.404900 3.415745 -0.751171 2
-0.358254 3.909679 -1.037804 2
0.170464 4.110030 -1.013055 2
0.158671 3.565606 -1.300475 2
0.158671 3.565606 -1.300475 2
-2.430246 5.693172 -0.788313 2
0.247481 3.894976 -0.130764 2
-0.132149 4.744930 -1.402534 2
-0.624543 3.237805 -1.040260 2
0.167904 3.409599 -0.875290 2
0.188190 3.701570 -0.900151 2
0.188190 3.701570 -0.900151 2
-0.619542 3.203318 -0.763363 2
-0.619542 3.203318 -0.763363 2
0.008189 2.759042 -0.970969 2
0.028100 3.708790 -1.203762 2
-0.314901 4.138748 -1.042981 2
0.723515 3.745700 -0.931447 2
0.723515 3.745700 -0.931447 2
-0.456133 3.740528 0.316502 2
0.461671 3.762882 -0.325924 2
0.461671 3.762882 -0.325924 2
-0.250441 3.669758 -1.093334 2
-0.877358 3.650929 -0.303094 2
-0.066695 3.428878 -0.995349 2
-0.152006 2.942060 -1.115699 2
0.182677 4.047844 -1.368376 2
0.182677 4.047844 -1.368376 2
-0.355972 2.952421 -0.547506 2
-0.485217 3.938224 -0.998850 2
0.090646 3.952972 -0.951081 2
0.057906 3.187182 -1.299953 2
0.057906 3.187182 -1.299953 2
-0.589260 3.470341 -0.127637 2
0.227506 4.041113 0.035592 2
-0.210706 4.053798 -1.292480 2
-0.566412 3.458758 -1.078146 2
-0.231813 2.833854 -1.079115 2
0.010576 3.421709 -1.118637 2
0.010576 3.421709 -1.118637 2
0.442883 4.041024 -0.996915 2
-0.688010 3.112835 -1.433053 2
0.010266 2.808196 -1.087039 2
1.502619 3.789280 -0.166836 2
1.502619 3.789280 -0.166836 2
7.014352 6.703829 -1.005915 2
7.014352 6.703829 -1.005915 2
5.737160 3.189756 0.225564 2
6.567510 4.190972 -0.013806 2
6.567510 4.190972 -0.013806 2
8.038801 2.658474 -1.658854 2
6.406049 2.268971 -0.479603 2
7.479785 3.449295 0.143265 2
7.479785 3.449295 0.143265 2
7.989757 3.420981 -1.487288 2
8.579217 1.871852 -1.516518 2
7.962062 3.652873 -0.010256 2
7.492910 3.547180 0.182293 2
7.492910 3.547180 0.182293 2
6.992040 4.396608 0.182512 2
6.992040 4.396608 0.182512 2
7.940142 4.357138 0.526962 2
9.314080 3.671656 0.337610 2
9.358829 5.691383 -0.595191 2
8.728163 5.296564 -0.448397 2
6.921447 2.733724 -0.963422 2
7.747309 3.260996 -0.461466 2
7.747309 3.260996 -0.461466 2
8.779572 5.017628 -0.378497 2
8.779572 5.017628 -0.378497 2
8.208229 4.009642 -0.342094 2
8.493952 4.883327 0.138609 2
7.372667 2.938552 -0.836050 2
8.984416 4.633610 0.031687 2
8.984416 4.633610 0.031687 2
8.369226 4.522145 -0.080778 2
7.400691 4.155793 -0.902273 2
7.656316 3.307770 -0.877206 2
8.606601 4.706721 -0.536036 2
6.772810 2.526955 -0.707364 2
7.581406 3.597263 -0.178314 2
7.581406 3.597263 -0.178314 2
8.215204 4.989851 -0.564501 2
8.215204 4.989851 -0.564501 2
7.770448 4.131902 -0.442938 2
8.435695 3.350404 0.013568 2
8.829206 5.432934 -0.372938 2
8.829206 5.432934 -0.372938 2
8.829206 5.432934 -0.372938 2
8.243214 4.191752 0.244246 2
7.753806 4.065398 0.246788 2
8.354042 3.094861 -0.571656 2
8.075945 3.233746 -1.142600 2
7.624183 4.146492 -0.590409 2
7.764358 3.404533 -0.517089 2
7.293884 2.981658 -0.473756 2
7.723641 4.937454 -0.099097 2
7.744539 3.127697 -0.836638 2
7.774883 4.105059 -0.431724 2
7.631330 3.425289 -0.226355 2
7.219936 2.605480 -0.875408 2
8.566564 4.577424 -0.517156 2
8.566564 4.577424 -0.517156 2
8.209737 4.306680 0.275711 2
8.294836 4.863264 0.495771 2
8.294836 4.863264 0.495771 2
8.294836 4.863264 0.495771 2
8.294836 4.863264 0.495771 2
8.294836 4.863264 0.495771 2
8.294836 4.863264 0.495771 2
7.572409 3.493162 -1.088474 2
8.049266 5.384279 -0.603672 2
8.359600 4.215109 -0.356331 2
8.226005 3.039258 -0.046974 2
7.976412 2.310608 -0.715900 2
8.420732 4.220929 -0.672933 2
8.420732 4.220929 -0.672933 2
8.139489 4.470594 0.064232 2
7.308772 3.377903 -0.460685 2
8.084918 3.206196 -0.934586 2
8.488451 5.088337 -0.839743 2
8.084784 4.166810 -1.067107 2
8.761388 3.277164 -0.233946 2
8.761388 3.277164 -0.233946 2
9.164714 4.761672 -0.122987 2
9.164714 4.761672 -0.122987 2
9.164714 4.761672 -0.122987 2
9.164714 4.761672 -0.122987 2
9.113827 5.443047 0.131549 2
8.766699 4.678465 0.089221 2
8.766699 4.678465 0.089221 2
8.318705 4.469128 0.197628 2
7.911514 3.418099 -0.532810 2
7.930549 3.128681 -0.956295 2
8.750377 5.220287 -0.721571 2
8.097984 4.240143 -0.393619 2
7.835325 3.563212 -0.204797 2
7.835325 3.563212 -0.204797 2
7.944869 3.556241 -0.925459 2
7.967217 5.391075 -0.900869 2
8.205470 4.899834 -0.344781 2
8.527246 3.178177 -0.145868 2
9.074721 5.257485 -0.276082 2
6.992586 4.146657 0.432596 2
6.992586 4.146657 0.432596 2
6.756869 5.194434 -0.223566 2
6.869075 7.760210 1.236396 2
3.536307 3.825385 0.619807 2
1.644184 4.509811 -1.112146 2
1.885643 5.492541 -0.935036 2
1.171185 4.027761 -0.951151 2
1.171185 4.027761 -0.951151 2
0.571866 3.495687 -0.598245 2
0.571866 3.495687 -0.598245 2
-2.243190 5.897037 -0.771036 2
0.839982 3.681840 -0.253061 2
1.281228 6.757158 -0.738093 2
-0.416724 3.901152 -0.597048 2
-0.416724 3.901152 -0.597048 2
-0.089982 3.652370 -1.370015 2
-0.089982 3.652370 -1.370015 2
-2.180954 2.650779 1.086198 2
-0.242933 3.126949 -1.524156 2
-0.397445 3.134212 -1.293871 2
-0.372505 3.561247 -0.089803 2
0.298606 4.218412 -0.852168 2
0.224623 3.174537 -1.153411 2
-0.390158 2.900136 -1.383668 2
-2.333750 5.508675 -0.769013 2
0.072209 3.938501 -0.054915 2
0.353854 4.665895 -1.371387 2
-0.585043 3.243493 -1.233898 2
-0.585043 3.243493 -1.233898 2
-0.033630 3.861295 -1.057276 2
-0.647991 3.435123 -0.606559 2
0.522379 3.571188 -0.727492 2
-0.700622 3.060791 -1.481612 2
-0.296271 3.884082 -0.863734 2
0.037658 3.819547 -1.139921 2
0.037658 3.819547 -1.139921 2
0.412630 3.518632 -1.177818 2
0.412630 3.518632 -1.177818 2
-2.422669 5.741825 -0.807396 2
0.652588 3.477970 -0.278424 2
0.652588 3.477970 -0.278424 2
-0.158465 3.594679 -1.140098 2
-0.158465 3.594679 -1.140098 2
-0.112042 3.715986 -0.964707 2
-0.175814 3.062238 -1.073311 2
0.014455 3.413688 -1.164200 2
0.014455 3.413688 -1.164200 2
-0.559876 3.457065 -0.110882 2
-0.434822 3.953626 -0.939266 2
-0.434822 3.953626 -0.939266 2
-0.064277 3.215468 -1.155991 2
-0.309037 2.903053 -1.005928 2
-2.373731 5.653779 -0.743811 2
-0.063608 4.082533 -0.107255 2
-0.056714 4.604172 -1.428496 2
-0.750080 3.236340 -1.221635 2
-0.750080 3.236340 -1.221635 2
0.002130 3.505849 -1.121000 2
-0.551079 3.676084 -0.766280 2
-0.551079 3.676084 -0.766280 2
-0.758891 3.173431 -1.397023 2
-0.212156 2.878419 -1.257566 2
-0.096158 3.754664 -1.244175 2
-0.358167 4.046560 -1.061260 2
0.792018 3.199481 -1.017681 2
-0.658783 2.976529 -0.923731 2
-0.473434 4.279759 -0.343058 2
0.440334 3.856832 -0.389491 2
-1.022962 5.097729 -1.351318 2
-0.281504 3.448199 -1.189856 2
-0.281504 3.448199 -1.189856 2
-0.144438 3.587685 -0.961236 2
0.095811 3.243625 -1.192860 2
0.095811 3.243625 -1.192860 2
-0.204931 3.007047 -1.688452 2
-0.405186 2.630027 -0.914814 2
-0.505879 3.756865 -1.092250 2
0.049178 3.774831 -0.999095 2
-0.051508 3.346799 -1.239495 2
-0.836999 2.774621 -1.143104 2
-0.306619 3.426202 -0.600090 2
-0.568042 3.507943 -0.072836 2
-0.067351 4.149062 -1.214450 2
-0.438464 2.807935 -1.243814 2
-0.368624 2.963382 -1.015576 2
0.058780 3.662267 -1.070111 2
-0.599879 3.542118 -0.779559 2
-2.199710 2.802830 0.957308 2
-0.745470 3.070736 -1.410243 2
-0.167101 1.996587 -1.063749 2
-0.122062 3.595904 -1.153449 2
-0.572689 4.355470 -1.295230 2
0.646476 3.236531 -0.961414 2
0.646476 3.236531 -0.961414 2
-0.245332 3.206760 -0.075708 2
0.331643 3.500929 -0.229751 2
-1.025492 4.376244 -1.363277 2
-0.151455 3.360349 -1.290333 2
-0.151455 3.360349 -1.290333 2
-0.234280 3.643356 -0.909461 2
0.193866 3.615002 -1.044338 2
0.746439 2.805598 -1.103913 2
2.735756 2.929707 -1.510343 2
4.924274 2.839036 -0.223876 2
6.449761 4.859344 0.192162 2
6.449761 4.859344 0.192162 2
9.298990 5.692367 -0.875110 2
7.537817 2.484804 -1.478393 2
7.959650 3.966452 0.632150 2
7.044996 6.371542 1.156063 2
8.876437 6.160897 -0.218559 2
7.972199 2.969359 -1.553714 2
7.972199 2.969359 -1.553714 2
8.278489 3.329293 -0.260107 2
7.308980 3.115029 -0.620564 2
8.174832 4.808906 -0.686099 2
7.674788 4.524682 -0.868769 2
8.233865 4.401579 -0.167275 2
7.617504 3.394449 -0.300964 2
7.617504 3.394449 -0.300964 2
7.617504 3.394449 -0.300964 2
8.018555 2.970660 -0.732638 2
8.630672 4.256056 0.371115 2
8.726490 3.757076 0.232990 2
8.632702 6.008626 -0.356892 2
8.428246 4.547539 -0.197368 2
8.428246 4.547539 -0.197368 2
8.472593 3.465859 -0.249872 2
9.381756 6.285434 1.044447 2
8.122861 4.968753 -0.314168 2
8.453019 5.455946 -0.707628 2
8.570602 4.233048 -0.381630 2
8.662121 3.022772 -0.074297 2
8.662121 3.022772 -0.074297 2
8.214981 3.202868 -0.340527 2
8.363279 5.173498 -0.418079 2
7.771994 4.392965 -0.071653 2
7.771994 4.392965 -0.071653 2
8.866080 5.113940 -0.306930 2
7.962480 3.286510 -1.091260 2
7.962480 3.286510 -1.091260 2
8.602149 3.161835 -0.341123 2
7.252815 2.830427 -0.728955 2
7.862627 5.005841 -0.142132 2
7.768095 5.392872 -0.653192 2
7.803785 3.832440 -0.240501 2
7.702785 3.380516 -0.258942 2
7.261280 2.588394 -0.787410 2
7.253978 4.338014 0.760650 2
7.774113 4.268674 -0.357895 2
8.449255 4.340044 0.222191 2
9.621504 5.554608 0.609796 2
7.779372 3.202530 -0.775862 2
8.599318 5.064157 -0.927368 2
8.599318 5.064157 -0.927368 2
8.115823 4.570525 0.161956 2
8.552098 4.825207 -0.683238 2
7.419583 3.410500 -1.126236 2
7.938122 4.818178 -0.805110 2
8.190932 4.042144 -0.290606 2
8.225622 4.571502 0.585122 2
8.225622 4.571502 0.585122 2
8.395342 3.291317 -0.689910 2
8.769934 5.195506 -0.788321 2
7.968220 4.442595 0.238012 2
6.872886 3.403879 -0.243784 2
8.482036 4.691713 -0.236185 2
8.328082 5.159180 -0.795567 2
8.328082 5.159180 -0.795567 2
8.178331 4.312607 -0.121249 2
7.262054 2.816943 -0.996460 2
7.061348 4.200533 0.900591 2
7.570481 4.786060 -0.929348 2
8.063747 4.983942 -0.233085 2
8.913792 4.453626 0.121405 2
8.913792 4.453626 0.121405 2
8.741895 4.387877 -0.013142 2
7.001378 3.032811 -0.649619 2
8.242690 4.331338 0.137453 2
7.906003 3.795412 -0.727302 2
7.268555 2.870118 -0.783848 2
8.665557 5.408771 -0.907054 2
7.717987 4.469792 -0.329024 2
8.458355 3.442010 -0.200764 2
8.791129 5.085070 -0.354876 2
8.627334 3.544266 -0.756448 2
7.972922 4.970870 -0.691055 2
7.701216 4.556148 -0.367145 2
7.077442 3.648618 0.128426 2
7.077442 3.648618 0.128426 2
6.966955 4.182972 0.385367 2
8.788105 5.182880 -0.759519 2
8.047495 4.470568 0.233434 2
7.741519 3.436027 -0.821648 2
8.597713 4.716428 -0.310845 2
8.134395 5.086718 -0.489710 2
8.134395 5.086718 -0.489710 2
8.199192 4.447907 -0.033731 2
7.301590 2.763727 -0.894329 2
8.745193 4.306340 -0.007781 2
8.745193 4.306340 -0.007781 2
8.745193 4.306340 -0.007781 2
6.371653 3.055832 -0.431485 2
6.371653 3.055832 -0.431485 2
2.603044 4.815895 -0.445339 2
0.725556 4.713531 -0.486079 2
1.289030 4.515127 -1.347960 2
1.635797 2.355934 -1.256534 2
-0.719062 2.433856 0.903094 2
-1.063619 2.802461 -1.587487 2
-1.063619 2.802461 -1.587487 2
-0.313659 3.487450 -1.310741 2
-0.313659 3.487450 -1.310741 2
0.787216 4.327898 0.167920 2
0.546305 2.990058 -1.277393 2
0.546305 2.990058 -1.277393 2
0.258073 4.061111 -0.099951 2
1.544443 6.811211 -1.123835 2
-0.162616 3.482605 -0.758818 2
-0.191482 3.096329 -0.871357 2
0.087960 3.776732 -0.967909 2
-0.584741 3.430786 -0.395664 2
1.994136 6.334538 -0.591867 2
-0.498505 3.181422 -1.455271 2
-0.498505 3.181422 -1.455271 2
0.219995 3.896596 -0.881679 2
-0.068642 4.058156 -0.621943 2
0.556213 3.450522 -1.158638 2
-0.561588 2.940737 -1.053491 2
-0.595722 3.894584 -0.603888 2
0.718250 3.622355 -0.275868 2
0.718250 3.622355 -0.275868 2
-0.689984 3.074255 -1.263249 2
-0.696499 3.222560 -0.669951 2
-0.078319 3.565627 -0.742141 2
0.380881 3.255917 -0.739338 2
-1.962272 2.594095 0.327002 2
-0.252763 3.258491 -1.622812 2
-0.252763 3.258491 -1.622812 2
-0.406835 3.836023 -1.027485 2
-0.406835 3.836023 -1.027485 2
-0.038448 3.192962 -1.214058 2
-0.517145 2.661298 -1.116873 2
-2.950572 6.191349 -0.896398 2
0.055655 5.018919 -1.342400 2
0.055655 5.018919 -1.342400 2
-0.367715 2.727832 -1.376514 2
-0.318891 3.081206 -1.130149 2
0.145754 3.754844 -1.004098 2
-0.122368 3.601325 -0.492054 2
0.663777 4.292408 -0.647599 2
-0.733362 3.134655 -1.421115 2
-0.123766 3.387501 -0.834775 2
0.037325 3.808982 -0.992617 2
-0.561872 3.773746 -1.027841 2
0.688904 3.336082 -1.041372 2
-1.028026 3.070499 -0.933471 2
-0.020589 3.739483 -0.485428 2
0.403668 3.460790 -0.101707 2
0.403668 3.460790 -0.101707 2
-0.046466 3.697581 -1.190412 2
-0.683740 3.258987 -0.743791 2
-0.025520 3.707227 -0.704092 2
0.538691 4.175506 -0.808764 2
-0.981314 5.012399 0.153093 2
-0.334327 3.298360 -1.473586 2
-0.212061 2.586241 -0.644424 2
-0.110191 3.968915 -0.604594 2
1.207212 5.630238 -1.154436 2
1.133177 4.646017 -0.929970 2
-0.296461 3.053704 -1.045807 2
0.111928 3.560536 -0.489314 2
0.541463 4.408766 -0.376734 2
0.027103 4.320050 -1.081711 2
-0.216090 3.250706 -0.884192 2
-0.348361 3.075209 -0.987960 2
0.121300 3.727455 -0.998090 2
-0.213239 4.013030 -0.702560 2
-0.213239 4.013030 -0.702560 2
-0.726456 3.105462 -1.485191 2
-0.270513 2.444550 -1.419392 2
0.328124 3.811310 -1.154143 2
0.328124 3.811310 -1.154143 2
0.364622 3.537203 -1.143659 2
-0.744611 3.089172 -0.622743 2
-0.176424 4.008443 0.014512 2
0.177979 4.151817 -0.145570 2
-0.798930 4.429771 -1.263750 2
-0.030663 3.668214 -1.209221 2
-0.636854 3.175526 -0.532807 2
-0.078440 3.683293 -0.970287 2
0.408454 3.927553 -0.887656 2
-1.897654 2.916893 0.346154 2
-0.148621 3.087795 -1.478326 2
0.699640 3.139713 -0.058226 2
-0.068069 3.729310 -0.366835 2
-0.068069 3.729310 -0.366835 2
1.046371 4.511748 -0.854216 2
-0.429174 2.970900 -1.058402 2
0.141945 4.130938 -0.337552 2
0.352038 4.200676 0.322127 2
0.337308 3.575340 -0.922839 2
2.849090 2.512430 -1.101497 2
6.053539 2.101726 -1.311314 2
8.581312 3.305757 -0.035170 2
8.581312 3.305757 -0.035170 2
14.224379 7.462505 -0.235712 2
13.963524 2.455886 -1.600155 2
13.963524 2.455886 -1.600155 2
13.963524 2.455886 -1.600155 2
13.963524 2.455886 -1.600155 2
15.479037 4.261862 -1.520549 2
14.287545 2.980500 -1.127898 2
16.433254 6.690629 0.012731 2
16.433254 6.690629 0.012731 2
14.880901 4.419915 -1.378653 2
16.779676 5.567201 -1.027332 2
16.779676 5.567201 -1.027332 2
16.779676 5.567201 -1.027332 2
16.779676 5.567201 -1.027332 2
16.007629 6.459541 -0.799840 2
14.811049 7.025883 -0.333750 2
14.811049 7.025883 -0.333750 2
14.811049 7.025883 -0.333750 2
14.811049 7.025883 -0.333750 2
15.097867 5.257289 -0.454113 2
15.076891 4.576793 -0.773512 2
14.515807 3.640542 -0.211036 2
14.515807 3.640542 -0.211036 2
16.067192 5.875408 0.302116 2
16.385733 5.825023 -0.392461 2
16.385733 5.825023 -0.392461 2
16.385733 5.825023 -0.392461 2
16.385733 5.825023 -0.392461 2
16.385733 5.825023 -0.392461 2
16.076263 4.933251 -1.238280 2
16.076263 4.933251 -1.238280 2
16.076263 4.933251 -1.238280 2
16.076263 4.933251 -1.238280 2
15.076893 4.206723 -0.667050 2
14.582267 4.046168 -0.517998 2
14.582267 4.046168 -0.517998 2
14.582267 4.046168 -0.517998 2
14.670976 4.420396 -0.762026 2
16.756618 5.631271 -0.340206 2
16.756618 5.631271 -0.340206 2
16.756618 5.631271 -0.340206 2
16.756618 5.631271 -0.340206 2
16.238235 6.228448 -0.017015 2
16.358227 5.626060 -0.073376 2
16.358227 5.626060 -0.073376 2
16.358227 5.626060 -0.073376 2
16.358227 5.626060 -0.073376 2
14.856952 4.538032 -1.293622 2
15.581790 4.696814 -1.008625 2
15.402725 6.714193 0.479818 2
15.402725 6.714193 0.479818 2
15.977397 5.238447 -0.071932 2
16.150038 4.987467 -1.297809 2
16.150038 4.987467 -1.297809 2
15.867402 4.208980 -0.595802 2
15.867402 4.208980 -0.595802 2
14.773400 4.213050 -1.030074 2
14.477640 4.229501 -0.788634 2
14.477640 4.229501 -0.788634 2
14.477640 4.229501 -0.788634 2
14.477640 4.229501 -0.788634 2
15.166391 4.862576 -0.581500 2
15.557791 5.305171 -0.311881 2
14.585809 3.201407 -0.548161 2
14.710273 4.363403 -1.019201 2
14.710273 4.363403 -1.019201 2
16.828594 5.118003 -0.014988 2
16.828594 5.118003 -0.014988 2
16.828594 5.118003 -0.014988 2
16.828594 5.118003 -0.014988 2
14.776882 4.611696 -1.001636 2
14.455190 4.326650 -0.646472 2
14.455190 4.326650 -0.646472 2
14.455190 4.326650 -0.646472 2
14.455190 4.326650 -0.646472 2
17.165199 7.015002 0.090742 2
16.436983 6.253518 -0.225449 2
16.436983 6.253518 -0.225449 2
16.436983 6.253518 -0.225449 2
14.965907 4.044638 -0.623243 2
15.422190 4.118722 -0.704778 2
15.422190 4.118722 -0.704778 2
16.724831 4.873737 -0.256512 2
16.724831 4.873737 -0.256512 2
16.474243 6.236866 0.333619 2
14.423289 4.415583 -0.446460 2
14.423289 4.415583 -0.446460 2
14.423289 4.415583 -0.446460 2
14.537019 3.869427 -0.534873 2
16.535944 6.269587 0.183619 2
16.871252 5.896354 0.350534 2
16.669207 5.997932 0.476826 2
14.906228 4.024455 -0.208322 2
14.918787 4.462441 -0.790267 2
14.918787 4.462441 -0.790267 2
14.918787 4.462441 -0.790267 2
14.918787 4.462441 -0.790267 2
11.548941 4.145334 -0.620551 2
6.483806 2.898738 -0.466468 2
4.263532 5.380977 -0.143277 2
1.901526 6.489907 -0.049272 2
2.333957 3.086316 -0.893737 2
1.306018 0.428198 -1.643471 2
1.520198 4.103415 0.000737 2
-0.162034 4.214084 -0.972088 2
0.192518 3.614264 -1.354203 2
1.394498 3.492799 -0.178655 2
0.458426 4.946327 1.173000 2
0.371180 2.497812 -1.249655 2
-0.484102 2.990948 -1.444860 2
-0.208696 3.591491 -1.810156 2
0.256537 4.787926 -0.588277 2
2.702471 7.747478 0.065901 2
-0.289672 2.922452 -1.303061 2
-0.184917 3.610750 0.117783 2
0.566779 4.283085 -0.332896 2
0.566779 4.283085 -0.332896 2
0.536729 3.918561 -0.457085 2
-1.071666 3.058691 -0.964086 2
-0.328768 3.734444 -0.818301 2
-0.328768 3.734444 -0.818301 2
-0.586908 4.522180 0.313647 2
-0.206812 2.676990 -1.390490 2
-0.915197 2.759919 -0.522747 2
0.000031 4.302226 -0.858853 2
0.983054 4.339211 -0.500901 2
-1.103966 4.966374 1.237458 2
0.541498 2.452793 -1.538838 2
-1.489772 5.127158 -0.558511 2
0.210012 4.034895 0.022271 2
0.210012 4.034895 0.022271 2
1.010043 4.715106 -0.740423 2
-0.583198 3.003943 -1.068250 2
0.132979 4.138541 -0.506341 2
0.882424 5.948798 -0.345091 2
0.882424 5.948798 -0.345091 2
-0.328873 2.778188 -1.083821 2
-0.506537 2.850998 -0.770455 2
0.136565 3.592428 -1.231044 2
0.058712 4.392086 -0.715481 2
0.395429 4.467624 0.682762 2
0.395429 4.467624 0.682762 2
-0.082024 3.771238 -0.730582 2
0.633080 3.828813 -0.561114 2
0.633080 3.828813 -0.561114 2
0.532937 4.911605 0.523516 2
-0.735619 3.335403 -0.652536 2
0.150507 3.946696 -0.488512 2
0.150507 3.946696 -0.488512 2
0.581886 4.960559 -1.309568 2
-0.116833 3.289364 -1.503683 2
-0.866501 3.009288 -0.407759 2
-0.030233 4.051998 -0.793987 2
0.435559 4.124979 -0.732564 2
0.076570 3.322190 -1.116579 2
0.076570 3.322190 -1.116579 2
0.076570 3.322190 -1.116579 2
-0.059564 3.744975 -0.294787 2
-0.059564 3.744975 -0.294787 2
0.247528 4.461151 -1.088337 2
-0.485560 3.306095 -0.869467 2
0.310095 4.178291 -0.666487 2
-0.014473 4.343889 -0.321772 2
0.521132 4.073400 -0.716075 2
-0.336016 3.426206 -1.486910 2
-0.391913 2.988040 -0.882328 2
0.868933 4.491899 -1.129678 2
-0.236978 4.404853 -0.797724 2
0.152911 2.918023 -1.270881 2
-0.903056 3.437656 -1.730391 2
0.003803 3.502709 -1.296191 2
0.611406 4.082979 -0.535747 2
0.611406 4.082979 -0.535747 2
0.310799 4.166184 -0.836061 2
2.149658 8.311114 -1.548468 2
-0.088388 3.849134 -0.842898 2
0.360348 4.002922 -0.450725 2
0.360348 4.002922 -0.450725 2
-0.840707 2.905414 -0.367133 2
-0.840707 2.905414 -0.367133 2
0.513136 4.592441 -0.478224 2
0.513136 4.592441 -0.478224 2
0.513136 4.592441 -0.478224 2
0.564890 5.950781 -2.142689 2
-0.999617 3.876132 -1.720527 2
0.022420 3.541561 -0.295318 2
0.022420 3.541561 -0.295318 2
1.235406 5.603502 -1.072158 2
-0.553342 2.895987 -0.787257 2
0.362489 4.196003 -0.843510 2
-0.259009 4.052504 -0.340401 2
0.477296 4.376849 -0.839164 2
-0.290665 3.059562 -1.285037 2
-0.290665 3.059562 -1.285037 2
0.324538 3.979625 -1.217167 2
0.832711 4.777628 -0.830068 2
0.832711 4.777628 -0.830068 2
6.694386 2.299684 -1.144594 2
9.598527 3.159815 1.331107 2
11.312557 8.424160 0.550259 2
11.312557 8.424160 0.550259 2
13.436291 5.644205 -1.207583 2
13.457473 -0.523265 -1.555578 2
13.457473 -0.523265 -1.555578 2
13.457473 -0.523265 -1.555578 2
17.514170 5.737867 -1.570379 2
17.514170 5.737867 -1.570379 2
17.777061 5.925801 1.147000 2
17.777061 5.925801 1.147000 2
17.777061 5.925801 1.147000 2
16.668131 4.952899 -0.330033 2
16.668131 4.952899 -0.330033 2
17.030422 5.545641 -0.001644 2
17.030422 5.545641 -0.001644 2
17.030422 5.545641 -0.001644 2
17.030422 5.545641 -0.001644 2
17.030422 5.545641 -0.001644 2
16.819799 5.776467 0.376416 2
16.819799 5.776467 0.376416 2
16.819799 5.776467 0.376416 2
16.819799 5.776467 0.376416 2
17.164701 5.700406 -0.245739 2
17.164701 5.700406 -0.245739 2
16.197626 4.573832 -0.325906 2
16.197626 4.573832 -0.325906 2
16.197626 4.573832 -0.325906 2
16.197626 4.573832 -0.325906 2
15.373294 6.598200 -0.336524 2
15.688637 5.802619 -0.120870 2
15.688637 5.802619 -0.120870 2
16.728933 6.289051 0.420549 2
16.728933 6.289051 0.420549 2
16.468410 6.031059 -0.187869 2
16.459585 4.141875 -1.245896 2
16.459585 4.141875 -1.245896 2
17.116499 5.746159 0.315724 2
17.116499 5.746159 0.315724 2
15.836626 5.004547 -0.766002 2
15.836626 5.004547 -0.766002 2
15.836626 5.004547 -0.766002 2
16.899939 5.123910 0.342202 2
16.899939 5.123910 0.342202 2
17.277027 6.348101 -0.609421 2
17.277027 6.348101 -0.609421 2
16.169397 6.279805 0.945408 2
16.169397 6.279805 0.945408 2
16.169397 6.279805 0.945408 2
16.195097 4.263679 -1.028445 2
16.195097 4.263679 -1.028445 2
17.148132 5.749790 -0.122543 2
17.148132 5.749790 -0.122543 2
17.055176 6.203114 -0.216774 2
17.055176 6.203114 -0.216774 2
17.055176 6.203114 -0.216774 2
16.314318 5.511863 0.016872 2
16.314318 5.511863 0.016872 2
16.314318 5.511863 0.016872 2
16.314318 5.511863 0.016872 2
18.030800 6.023066 0.486051 2
18.030800 6.023066 0.486051 2
16.610451 5.943335 -0.338118 2
17.299402 6.361938 0.267010 2
17.299402 6.361938 0.267010 2
16.431391 6.000843 -0.635063 2
16.431391 6.000843 -0.635063 2
16.711639 6.959900 -0.707878 2
16.711639 6.959900 -0.707878 2
16.711639 6.959900 -0.707878 2
16.986776 5.304395 0.512140 2
16.986776 5.304395 0.512140 2
16.986776 5.304395 0.512140 2
16.986776 5.304395 0.512140 2
16.323692 5.448504 0.188492 2
16.323692 5.448504 0.188492 2
16.323692 5.448504 0.188492 2
16.178148 6.507005 -0.601274 2
16.178148 6.507005 -0.601274 2
16.178148 6.507005 -0.601274 2
16.178148 6.507005 -0.601274 2
16.178148 6.507005 -0.601274 2
16.178148 6.507005 -0.601274 2
16.178148 6.507005 -0.601274 2
16.623682 5.480435 0.045009 2
16.623682 5.480435 0.045009 2
16.623682 5.480435 0.045009 2
16.623682 5.480435 0.045009 2
16.790131 5.482672 0.047822 2
16.790131 5.482672 0.047822 2
16.790131 5.482672 0.047822 2
16.598570 7.010694 -0.243541 2
16.598570 7.010694 -0.243541 2
16.598570 7.010694 -0.243541 2
16.598570 7.010694 -0.243541 2
14.207200 5.123909 -0.896946 2
14.207200 5.123909 -0.896946 2
14.207200 5.123909 -0.896946 2
14.207200 5.123909 -0.896946 2
14.207200 5.123909 -0.896946 2
2.396900 7.309591 -0.213942 2
2.396900 7.309591 -0.213942 2
2.141498 1.466850 -1.131556 2
2.141498 1.466850 -1.131556 2
2.123023 3.161534 -0.315595 2
-0.665513 4.168854 -1.311695 2
-0.665513 4.168854 -1.311695 2
0.133661 3.671478 -0.429274 2
0.133661 3.671478 -0.429274 2
-0.017284 5.125181 -1.283818 2
-0.017284 5.125181 -1.283818 2
-0.047742 4.118750 -1.631860 2
-0.128042 6.439453 -1.068736 2
-0.128042 6.439453 -1.068736 2
0.288218 3.072243 -1.464144 2
0.288218 3.072243 -1.464144 2
-0.204536 2.591795 -0.408053 2
-0.204536 2.591795 -0.408053 2
-0.002390 3.919332 -1.441694 2
-0.002390 3.919332 -1.441694 2
-0.552604 3.199615 -0.455724 2
0.705991 4.858978 -0.589922 2
0.705991 4.858978 -0.589922 2
0.699775 4.071126 -1.935947 2
0.699775 4.071126 -1.935947 2
0.309246 4.217849 -1.141234 2
0.414895 6.156561 -1.201958 2
0.414895 6.156561 -1.201958 2
-0.253544 3.419540 -1.263658 2
-0.253544 3.419540 -1.263658 2
-0.332318 3.488504 -0.269229 2
0.404700 2.614765 -1.074140 2
0.404700 2.614765 -1.074140 2
0.124929 3.588402 -1.872984 2
0.124929 3.588402 -1.872984 2
0.472323 4.772136 -0.304545 2
0.472323 4.772136 -0.304545 2
0.115241 4.824398 -1.639865 2
0.115241 4.824398 -1.639865 2
0.294085 4.599831 -1.184830 2
-0.012281 4.272840 -0.168560 2
-0.012281 4.272840 -0.168560 2
-1.312966 4.047931 -0.699878 2
-1.312966 4.047931 -0.699878 2
0.086416 3.974465 -0.680957 2
0.086416 3.974465 -0.680957 2
1.464863 5.656332 -0.636629 2
-0.578702 3.642320 -1.028360 2
-0.578702 3.642320 -1.028360 2
0.443724 4.828743 -0.828820 2
0.443724 4.828743 -0.828820 2
-0.727550 3.265536 -0.613000 2
-0.727550 3.265536 -0.613000 2
-0.686780 4.664345 -1.309695 2
0.606602 5.397765 -1.203411 2
0.606602 5.397765 -1.203411 2
-0.387769 3.262245 -1.063249 2
-0.387769 3.262245 -1.063249 2
0.235500 4.197627 -1.074693 2
0.235500 4.197627 -1.074693 2
0.163530 2.860820 -1.016405 2
0.205978 3.496545 -1.600013 2
0.205978 3.496545 -1.600013 2
0.262186 4.253252 -1.184354 2
0.262186 4.253252 -1.184354 2
-0.117809 4.910120 -1.542472 2
-0.581655 4.771456 -1.369556 2
-0.581655 4.771456 -1.369556 2
-0.173021 5.477613 0.127625 2
-0.173021 5.477613 0.127625 2
-0.613990 3.250043 -0.300867 2
-0.613990 3.250043 -0.300867 2
0.250242 3.949250 -0.831870 2
0.250242 3.949250 -0.831870 2
-0.309331 3.688890 -1.587274 2
-0.641131 3.600263 -1.386246 2
-0.641131 3.600263 -1.386246 2
0.503456 5.309821 -1.027668 2
0.503456 5.309821 -1.027668 2
0.004085 4.139725 -1.751147 2
0.004085 4.139725 -1.751147 2
0.212995 5.440618 -0.333974 2
0.217545 5.316597 -1.100438 2
0.217545 5.316597 -1.100438 2
-0.575998 2.961687 -0.892939 2
-0.575998 2.961687 -0.892939 2
0.570859 4.747792 -1.192247 2
0.570859 4.747792 -1.192247 2
-0.774340 3.648495 -1.387443 2
-0.578535 3.476730 -1.787567 2
0.183547 4.611599 -0.183931 2
0.183547 4.611599 -0.183931 2
0.183547 4.611599 -0.183931 2
-0.567843 3.253142 -1.031696 2
-0.567843 3.253142 -1.031696 2
1.761105 4.646097 -0.593675 2
1.761105 4.646097 -0.593675 2
4.491238 7.266604 -1.366271 2
11.280337 2.829314 0.349823 2
11.280337 2.829314 0.349823 2
11.280337 2.829314 0.349823 2
11.280337 2.829314 0.349823 2
22.377905 3.363253 -0.888004 2
22.377905 3.363253 -0.888004 2
22.377905 3.363253 -0.888004 2
22.400000 4.317864 0.522867 2
22.400000 4.317864 0.522867 2
25.055531 5.043043 -0.785486 2
25.055531 5.043043 -0.785486 2
25.456196 4.223485 0.398069 2
25.456196 4.223485 0.398069 2
25.456196 4.223485 0.398069 2
25.456196 4.223485 0.398069 2
25.456196 4.223485 0.398069 2
25.456196 4.223485 0.398069 2
25.670202 6.552738 0.124343 2
25.670202 6.552738 0.124343 2
25.670202 6.552738 0.124343 2
25.670202 6.552738 0.124343 2
24.047556 3.738404 0.731394 2
24.047556 3.738404 0.731394 2
25.870476 8.437881 3.711132 2
25.870476 8.437881 3.711132 2
25.870476 8.437881 3.711132 2
25.627506 6.712702 0.631732 2
25.627506 6.712702 0.631732 2
24.862577 5.932871 -0.047038 2
24.862577 5.932871 -0.047038 2
24.607773 6.360681 -0.474362 2
24.607773 6.360681 -0.474362 2
23.484688 5.318483 0.476191 2
23.484688 5.318483 0.476191 2
23.484688 5.318483 0.476191 2
24.467764 5.105180 0.372713 2
24.467764 5.105180 0.372713 2
23.356722 4.992216 1.788136 2
23.356722 4.992216 1.788136 2
25.258448 5.729664 0.259309 2
25.258448 5.729664 0.259309 2
25.258448 5.729664 0.259309 2
25.258448 5.729664 0.259309 2
25.258448 5.729664 0.259309 2
24.773331 5.890594 0.629815 2
24.773331 5.890594 0.629815 2
23.503862 5.424218 0.518679 2
23.503862 5.424218 0.518679 2
23.503862 5.424218 0.518679 2
24.695318 5.647852 0.002309 2
24.695318 5.647852 0.002309 2
24.695318 5.647852 0.002309 2
24.695318 5.647852 0.002309 2
24.695318 5.647852 0.002309 2
24.695318 5.647852 0.002309 2
24.665043 5.804626 -0.027012 2
24.665043 5.804626 -0.027012 2
24.665043 5.804626 -0.027012 2
25.187189 5.516645 0.279650 2
25.187189 5.516645 0.279650 2
25.023945 5.904148 -0.046741 2
25.023945 5.904148 -0.046741 2
25.257511 5.427441 0.754598 2
24.294329 4.981069 0.660196 2
24.294329 4.981069 0.660196 2
26.355490 7.752757 0.385327 2
26.355490 7.752757 0.385327 2
25.387835 5.820346 0.308520 2
25.387835 5.820346 0.308520 2
25.387835 5.820346 0.308520 2
23.359663 5.390075 0.525857 2
23.359663 5.390075 0.525857 2
25.302618 5.613824 1.134907 2
25.302618 5.613824 1.134907 2
25.302618 5.613824 1.134907 2
25.302618 5.613824 1.134907 2
25.302618 5.613824 1.134907 2
24.601189 5.520274 0.065406 2
24.601189 5.520274 0.065406 2
24.633514 5.995991 0.065194 2
24.633514 5.995991 0.065194 2
25.885090 5.745935 0.273660 2
25.885090 5.745935 0.273660 2
25.885090 5.745935 0.273660 2
24.820206 5.785626 -0.009615 2
24.820206 5.785626 -0.009615 2
25.001242 5.477869 0.329581 2
25.001242 5.477869 0.329581 2
25.209393 5.794929 -0.216392 2
25.209393 5.794929 -0.216392 2
25.209393 5.794929 -0.216392 2
24.663929 4.157371 0.155160 2
24.663929 4.157371 0.155160 2
24.926851 5.996610 -0.620995 2
24.775770 5.944505 0.422221 2
25.387924 6.006337 0.380732 2
25.832315 6.244540 0.976405 2
25.832315 6.244540 0.976405 2
22.067003 5.360883 0.454545 2
22.067003 5.360883 0.454545 2
17.704361 5.250886 -0.120683 2
14.321668 3.226008 -0.471734 2
10.442419 6.811014 -0.109673 2
10.442419 6.811014 -0.109673 2
10.442419 6.811014 -0.109673 2
10.442419 6.811014 -0.109673 2
10.442419 6.811014 -0.109673 2
1.465579 4.003542 -1.484900 2
1.465579 4.003542 -1.484900 2
1.114655 2.765148 -2.101855 2
-0.037170 3.510899 -0.354483 2
-0.037170 3.510899 -0.354483 2
0.051485 4.338315 -0.684922 2
0.051485 4.338315 -0.684922 2
0.338191 3.934594 -0.788285 2
0.338191 3.934594 -0.788285 2
-0.350813 4.781150 -0.942664 2
-0.981471 3.846368 -2.065573 2
-0.158971 3.984362 -1.628198 2
-0.158971 3.984362 -1.628198 2
-0.158971 3.984362 -1.628198 2
0.311547 3.168410 -1.246467 2
0.311547 3.168410 -1.246467 2
-0.427435 5.638302 -0.157213 2
-0.427435 5.638302 -0.157213 2
-0.157925 4.063800 -0.264203 2
1.421936 6.120224 -2.293055 2
1.421936 6.120224 -2.293055 2
-0.616448 4.424670 -0.347044 2
-0.616448 4.424670 -0.347044 2
-0.455654 3.279102 -1.385397 2
-0.590759 3.250440 -0.956022 2
-0.590759 3.250440 -0.956022 2
-0.126737 4.354013 -1.223983 2
-0.126737 4.354013 -1.223983 2
0.327752 3.677550 -1.251210 2
0.327752 3.677550 -1.251210 2
-0.139285 5.055012 -0.053171 2
-0.139285 5.055012 -0.053171 2
-0.139285 5.055012 -0.053171 2
-0.478167 3.466914 -0.450698 2
-0.478167 3.466914 -0.450698 2
0.381172 3.858220 -0.800619 2
0.381172 3.858220 -0.800619 2
-0.406315 3.718201 -1.299483 2
-0.406315 3.718201 -1.299483 2
-0.481517 3.222764 -0.263448 2
-0.161829 3.858495 -0.590673 2
-0.161829 3.858495 -0.590673 2
0.581201 6.082113 -2.133311 2
-1.375561 4.225971 -1.867555 2
-0.718571 4.811569 0.182379 2
-0.718571 4.811569 0.182379 2
-0.718571 4.811569 0.182379 2
0.457799 5.711949 -2.047181 2
0.457799 5.711949 -2.047181 2
-0.155740 4.433405 -0.429826 2
-0.155740 4.433405 -0.429826 2
-0.616479 3.443414 -1.287689 2
-0.326812 3.256454 -0.470714 2
-0.326812 3.256454 -0.470714 2
0.001400 4.956948 -0.564187 2
0.001400 4.956948 -0.564187 2
0.872013 6.405941 -1.631160 2
0.254104 4.101110 -1.338871 2
0.612441 3.710166 0.207246 2
0.612441 3.710166 0.207246 2
0.612441 3.710166 0.207246 2
-0.732632 3.007936 -0.161575 2
-0.732632 3.007936 -0.161575 2
-0.035424 3.491663 -0.894100 2
-0.035424 3.491663 -0.894100 2
-0.236838 3.459425 -1.315393 2
-0.511413 3.136158 -0.703660 2
-0.511413 3.136158 -0.703660 2
-0.907570 5.412047 -0.644569 2
-0.907570 5.412047 -0.644569 2
0.756529 5.089260 -1.448124 2
0.756529 5.089260 -1.448124 2
0.064544 4.708138 -0.461842 2
0.064544 4.708138 -0.461842 2
0.394086 5.180854 -0.670464 2
-1.015054 2.655075 -1.621626 2
-1.015054 2.655075 -1.621626 2
-0.394932 3.784638 -0.480886 2
-0.394932 3.784638 -0.480886 2
-0.666363 3.630646 -1.247355 2
-0.601110 4.010158 -1.814500 2
0.118372 5.459019 -1.150583 2
0.118372 5.459019 -1.150583 2
-0.129355 4.728000 -1.449762 2
-0.129355 4.728000 -1.449762 2
-0.805065 4.990293 -1.737842 2
-0.385054 4.579462 -0.203146 2
-0.385054 4.579462 -0.203146 2
0.153239 4.645867 -0.995160 2
-1.818454 5.903819 -0.236823 2
1.581448 4.306608 -1.043224 2
1.581448 4.306608 -1.043224 2
6.353640 4.578757 -0.903509 2
11.319402 5.635637 -1.201063 2
11.319402 5.635637 -1.201063 2
11.319402 5.635637 -1.201063 2
11.319402 5.635637 -1.201063 2
19.259413 6.595242 1.335464 2
24.403000 3.079412 -0.763141 2
24.403000 3.079412 -0.763141 2
24.403000 3.079412 -0.763141 2
24.403000 3.079412 -0.763141 2
24.403000 3.079412 -0.763141 2
26.462488 5.532259 0.031808 2
24.475204 5.299913 1.765864 2
24.475204 5.299913 1.765864 2
24.475204 5.299913 1.765864 2
24.475204 5.299913 1.765864 2
24.475204 5.299913 1.765864 2
25.094334 5.609482 0.086447 2
25.236382 4.762270 1.195541 2
24.334953 3.956688 0.188815 2
24.334953 3.956688 0.188815 2
24.334953 3.956688 0.188815 2
26.305073 5.484035 0.146531 2
24.230265 6.922926 1.495827 2
24.230265 6.922926 1.495827 2
24.938602 4.760177 1.470291 2
24.930183 5.326329 -0.007629 2
24.930183 5.326329 -0.007629 2
24.930183 5.326329 -0.007629 2
24.930183 5.326329 -0.007629 2
25.420061 5.738041 0.556867 2
25.031780 5.319052 1.127097 2
24.328636 5.196392 0.380247 2
24.753260 4.744467 1.208011 2
24.753260 4.744467 1.208011 2
24.753260 4.744467 1.208011 2
24.753260 4.744467 1.208011 2
24.753260 4.744467 1.208011 2
23.457745 5.313051 0.501056 2
24.808619 4.689086 -0.183372 2
24.444065 3.061279 -0.355252 2
23.299810 5.039494 0.231443 2
23.299810 5.039494 0.231443 2
23.299810 5.039494 0.231443 2
23.299810 5.039494 0.231443 2
23.299810 5.039494 0.231443 2
23.695045 5.945876 1.766148 2
23.695045 5.945876 1.766148 2
23.695045 5.945876 1.766148 2
23.695045 5.945876 1.766148 2
23.695045 5.945876 1.766148 2
23.695045 5.945876 1.766148 2
23.695045 5.945876 1.766148 2
26.142614 5.718758 0.485244 2
23.159214 4.757301 -0.230661 2
23.159214 4.757301 -0.230661 2
25.753345 6.451571 0.555267 2
25.753345 6.451571 0.555267 2
25.753345 6.451571 0.555267 2
24.582701 5.650159 0.960451 2
25.615959 5.180061 0.268624 2
23.597620 5.931648 2.387360 2
23.748453 5.074909 1.997329 2
23.748453 5.074909 1.997329 2
23.748453 5.074909 1.997329 2
23.748453 5.074909 1.997329 2
23.748453 5.074909 1.997329 2
23.748453 5.074909 1.997329 2
25.092051 6.209718 0.371693 2
24.838570 5.461620 0.876187 2
24.838570 5.461620 0.876187 2
24.838570 5.461620 0.876187 2
24.838570 5.461620 0.876187 2
24.838570 5.461620 0.876187 2
25.466530 5.904535 0.615149 2
25.466530 5.904535 0.615149 2
24.306982 4.756139 -1.303119 2
24.306982 4.756139 -1.303119 2
24.317854 5.422940 -0.010854 2
24.317854 5.422940 -0.010854 2
24.317854 5.422940 -0.010854 2
24.317854 5.422940 -0.010854 2
24.317854 5.422940 -0.010854 2
24.317854 5.422940 -0.010854 2
25.607979 6.330225 0.521116 2
25.607979 6.330225 0.521116 2
25.607979 6.330225 0.521116 2
24.708010 4.600621 -1.293319 2
25.490309 5.315317 0.543513 2
25.490309 5.315317 0.543513 2
26.360212 7.356753 0.779067 2
26.360212 7.356753 0.779067 2
26.360212 7.356753 0.779067 2
26.360212 7.356753 0.779067 2
26.360212 7.356753 0.779067 2
26.360212 7.356753 0.779067 2
26.360212 7.356753 0.779067 2
26.360212 7.356753 0.779067 2
26.360212 7.356753 0.779067 2
19.902012 5.509555 0.317865 2
19.902012 5.509555 0.317865 2
16.148079 5.018271 -0.303793 2
16.148079 5.018271 -0.303793 2
11.919400 5.267685 1.276348 2
6.892086 8.510277 0.064566 2
6.892086 8.510277 0.064566 2
3.805825 3.059595 -1.472250 2
3.805825 3.059595 -1.472250 2
0.474696 5.416831 -0.669716 2
0.663957 5.594369 -0.666345 2
0.663957 5.594369 -0.666345 2
0.209630 5.177022 -0.651297 2
1.177688 3.871423 -0.376916 2
2.788053 0.945866 -1.057930 2
-0.983913 3.586448 -0.906990 2
0.257850 4.066636 -1.535155 2
0.726170 4.872054 -0.605401 2
0.726170 4.872054 -0.605401 2
-0.358722 3.393208 -1.203685 2
-2.409553 3.058008 -3.273418 2
-2.409553 3.058008 -3.273418 2
-2.409553 3.058008 -3.273418 2
2.814044 5.615428 -0.151272 2
0.009977 3.327760 -1.340393 2
0.009977 3.327760 -1.340393 2
-0.568955 5.549591 -0.270077 2
1.105192 5.257722 0.623995 2
-0.506820 3.670441 -1.181977 2
-1.363844 5.519772 -0.896756 2
0.149602 4.531532 -1.103016 2
0.149602 4.531532 -1.103016 2
0.310498 3.965524 -0.533331 2
-0.363545 3.335629 -1.278260 2
-0.294467 3.461280 -1.727697 2
-0.106715 4.630581 -0.588517 2
-0.106715 4.630581 -0.588517 2
0.915603 4.907906 -0.715735 2
-0.320977 3.786237 -1.487827 2
-0.227947 4.739577 -0.997691 2
-0.688312 3.944581 -0.448731 2
0.067129 5.486810 -0.249736 2
-0.262554 3.724413 -1.328378 2
-1.510283 4.493237 -1.268819 2
-0.257991 3.814403 -0.598651 2
0.387883 3.828488 -0.940087 2
0.387883 3.828488 -0.940087 2
-0.271429 3.245496 -1.344463 2
-1.637814 4.510039 -2.497297 2
-0.376668 4.670835 -0.230500 2
0.316142 4.917902 -1.010669 2
0.583870 5.214348 -1.068401 2
0.229112 4.975405 -1.079631 2
0.229112 4.975405 -1.079631 2
-0.132646 5.711318 -0.179923 2
1.580846 6.240868 -0.006663 2
-0.412928 3.319300 -0.800365 2
-0.348813 3.404088 -0.646934 2
0.073756 3.717923 -0.867025 2
0.073756 3.717923 -0.867025 2
0.073756 3.717923 -0.867025 2
-1.301592 2.597565 -1.060168 2
-0.903663 4.152415 -1.721036 2
-0.043409 4.325934 -0.193025 2
-0.043409 4.325934 -0.193025 2
0.675578 5.124385 -0.734863 2
0.062243 4.311598 -0.719749 2
-0.099696 4.712985 -1.265110 2
0.293522 3.900197 -0.576784 2
0.279007 5.365229 -0.565889 2
-0.298992 4.012697 -1.380357 2
-0.566925 3.404814 -0.184299 2
-0.214364 3.898427 -0.558016 2
-0.214364 3.898427 -0.558016 2
0.522318 6.183500 1.566532 2
-0.199877 2.589170 -1.690352 2
-1.060218 3.947276 -1.707179 2
-0.462325 4.627270 -0.625418 2
-0.462325 4.627270 -0.625418 2
0.864251 5.192508 -0.809391 2
0.885951 4.364831 -1.063062 2
0.513016 5.288596 -1.003945 2
-0.495382 3.992358 0.432834 2
1.764526 6.017624 -0.048723 2
-0.544755 3.473688 -0.713459 2
-0.864421 4.274396 -0.993376 2
0.756941 5.189233 -1.155840 2
0.756941 5.189233 -1.155840 2
0.756941 5.189233 -1.155840 2
-0.511149 3.859282 -1.577767 2
-1.009012 4.248995 -1.744502 2
-1.009012 4.248995 -1.744502 2
-1.009012 4.248995 -1.744502 2
0.682731 5.005943 -0.786675 2
0.205196 4.560348 -0.459558 2
0.136615 4.121873 -0.723949 2
0.246274 3.902057 -0.768461 2
2.658221 10.203527 1.105026 2
-0.351076 3.596222 -1.380141 2
1.218575 4.474837 -0.570839 2
4.063685 4.593694 -0.638108 2
5.959432 4.337988 -0.569492 2
8.846283 5.822696 0.066262 2
13.017078 2.860507 -1.695934 2
13.017078 2.860507 -1.695934 2
13.017078 2.860507 -1.695934 2
24.900076 11.865957 1.895668 2
24.900076 11.865957 1.895668 2
24.900076 11.865957 1.895668 2
24.900076 11.865957 1.895668 2
24.900076 11.865957 1.895668 2
24.900076 11.865957 1.895668 2
24.900076 11.865957 1.895668 2
24.900076 11.865957 1.895668 2
24.900076 11.865957 1.895668 2
29.426805 6.712617 0.778997 2
29.426805 6.712617 0.778997 2
29.426805 6.712617 0.778997 2
29.426805 6.712617 0.778997 2
29.426805 6.712617 0.778997 2
29.426805 6.712617 0.778997 2
29.426805 6.712617 0.778997 2
29.426805 6.712617 0.778997 2
29.426805 6.712617 0.778997 2
29.426805 6.712617 0.778997 2
29.986719 5.960685 0.340923 2
29.986719 5.960685 0.340923 2
29.986719 5.960685 0.340923 2
29.986719 5.960685 0.340923 2
29.986719 5.960685 0.340923 2
30.194210 6.539936 0.791324 2
30.194210 6.539936 0.791324 2
30.194210 6.539936 0.791324 2
30.194210 6.539936 0.791324 2
30.194210 6.539936 0.791324 2
30.194210 6.539936 0.791324 2
30.194210 6.539936 0.791324 2
30.194210 6.539936 0.791324 2
30.194210 6.539936 0.791324 2
30.194210 6.539936 0.791324 2
30.194210 6.539936 0.791324 2
30.194210 6.539936 0.791324 2
30.194210 6.539936 0.791324 2
30.194210 6.539936 0.791324 2
30.194210 6.539936 0.791324 2
30.194210 6.539936 0.791324 2
30.194210 6.539936 0.791324 2
31.276531 6.485497 1.918704 2
29.765335 5.405492 1.535094 2
29.765335 5.405492 1.535094 2
29.765335 5.405492 1.535094 2
29.765335 5.405492 1.535094 2
29.765335 5.405492 1.535094 2
30.454470 6.802104 1.003013 2
30.454470 6.802104 1.003013 2
30.454470 6.802104 1.003013 2
30.454470 6.802104 1.003013 2
30.454470 6.802104 1.003013 2
29.765261 5.873555 0.696873 2
29.765261 5.873555 0.696873 2
29.765261 5.873555 0.696873 2
29.765261 5.873555 0.696873 2
29.765261 5.873555 0.696873 2
29.765261 5.873555 0.696873 2
29.765261 5.873555 0.696873 2
29.765261 5.873555 0.696873 2
29.765261 5.873555 0.696873 2
29.765261 5.873555 0.696873 2
29.765261 5.873555 0.696873 2
29.765261 5.873555 0.696873 2
29.765261 5.873555 0.696873 2
29.765261 5.873555 0.696873 2
29.765261 5.873555 0.696873 2
29.765261 5.873555 0.696873 2
29.765261 5.873555 0.696873 2
31.657980 6.658148 1.988842 2
31.657980 6.658148 1.988842 2
31.657980 6.658148 1.988842 2
31.657980 6.658148 1.988842 2
31.657980 6.658148 1.988842 2
30.348722 6.075165 2.024449 2
30.787075 6.762752 1.122644 2
30.787075 6.762752 1.122644 2
29.987310 7.008848 2.704025 2
29.987310 7.008848 2.704025 2
29.987310 7.008848 2.704025 2
29.987310 7.008848 2.704025 2
29.987310 7.008848 2.704025 2
29.987310 7.008848 2.704025 2
29.987310 7.008848 2.704025 2
29.987310 7.008848 2.704025 2
29.987310 7.008848 2.704025 2
29.987310 7.008848 2.704025 2
29.987310 7.008848 2.704025 2
29.987310 7.008848 2.704025 2
29.987310 7.008848 2.704025 2
30.320976 6.105201 1.424563 2
30.320976 6.105201 1.424563 2
30.320976 6.105201 1.424563 2
30.320976 6.105201 1.424563 2
30.320976 6.105201 1.424563 2
21.727087 5.688780 0.666923 2
21.727087 5.688780 0.666923 2
21.727087 5.688780 0.666923 2
21.727087 5.688780 0.666923 2
11.069242 5.429934 -0.630453 2
7.285758 5.267391 -0.334131 2
7.285758 5.267391 -0.334131 2
10.309624 -2.208323 -0.119964 2
10.309624 -2.208323 -0.119964 2
1.777887 5.566918 -0.535968 2
0.506006 4.202054 -1.125717 2
0.506006 4.202054 -1.125717 2
1.793513 3.061545 -0.784053 2
1.793513 3.061545 -0.784053 2
1.253558 3.764719 -0.651538 2
0.075918 3.577295 -1.349450 2
-0.329955 4.611351 -0.414915 2
0.094420 4.343882 -1.127653 2
0.094420 4.343882 -1.127653 2
0.089658 2.610404 -1.795895 2
-0.342111 2.667525 -1.038919 2
0.087907 4.277440 -1.602178 2
0.794092 5.681028 -0.596597 2
1.005937 4.139476 -0.584420 2
-0.127141 2.711051 -1.243781 2
-0.958559 2.879356 -1.703038 2
-0.610396 4.279009 -0.070917 2
0.364317 5.818793 -1.024105 2
0.487754 4.829989 -0.567091 2
0.510210 3.730730 -1.740354 2
0.510210 3.730730 -1.740354 2
-0.141942 4.670119 -0.144801 2
-1.085354 5.365926 2.396011 2
-0.364597 3.536417 -1.478198 2
-0.364597 3.536417 -1.478198 2
0.556325 3.878792 0.036607 2
-0.159175 4.697469 -0.445661 2
1.421266 3.831314 -0.637266 2
-0.741588 2.893294 -0.979021 2
0.676202 4.039215 -1.198870 2
0.678997 3.881939 0.569657 2
0.678997 3.881939 0.569657 2
-0.217053 3.958727 -0.857440 2
0.910996 3.803048 -0.624717 2
0.429066 4.332449 -0.579164 2
0.379080 3.521271 -0.843828 2
0.379080 3.521271 -0.843828 2
0.107944 3.591246 -1.537948 2
0.084691 4.179228 -1.125733 2
0.029120 4.611304 -0.261755 2
0.828250 4.608016 -0.560947 2
0.828250 4.608016 -0.560947 2
-0.751494 3.360935 -1.313547 2
0.081021 3.566058 -1.188055 2
-0.143086 4.250063 -0.067026 2
0.501745 5.813879 -1.314561 2
-0.411712 3.860980 -0.989148 2
-0.411712 3.860980 -0.989148 2
0.361824 4.152340 -0.813661 2
-0.349616 3.938056 -0.416168 2
0.870813 4.862176 -0.453137 2
-0.594582 3.296286 -1.254066 2
0.164241 2.998471 -1.620689 2
0.499135 4.337842 -1.053111 2
-0.225441 4.718103 -0.670815 2
1.431126 5.088223 -1.085495 2
-1.451580 3.016608 -1.069670 2
-1.374763 5.272083 -2.461736 2
0.596634 4.316732 -0.456094 2
0.054967 5.426855 -0.911547 2
0.372348 3.370334 -1.067468 2
-0.643553 3.200248 -0.297650 2
0.553860 4.226167 -0.781040 2
0.553860 4.226167 -0.781040 2
-0.093895 3.609658 -1.698917 2
-0.093895 3.609658 -1.698917 2
-0.602010 3.464379 -1.026274 2
0.520140 4.597065 -0.521209 2
0.520140 4.597065 -0.521209 2
0.134441 3.082067 -0.996425 2
0.134441 3.082067 -0.996425 2
0.113777 4.487463 -0.048568 2
0.113777 4.487463 -0.048568 2
0.298310 5.263178 -1.039247 2
-0.143004 3.412238 -1.034049 2
-0.143004 3.412238 -1.034049 2
0.009063 4.304140 -0.556817 2
0.009063 4.304140 -0.556817 2
0.636297 4.782388 -0.902891 2
-0.676499 3.561810 -1.415358 2
-0.676499 3.561810 -1.415358 2
0.396665 4.437939 -0.896992 2
0.396665 4.437939 -0.896992 2
1.322264 5.116191 -0.706039 2
-0.510554 3.273422 -0.793928 2
0.646746 4.429242 -1.136534 2
0.353781 4.106114 -0.696695 2
0.110892 5.593922 -0.950223 2
1.834515 4.312863 -1.020307 2
3.816507 3.600611 -0.530583 2
6.949383 4.420651 0.128897 2
6.949383 4.420651 0.128897 2
13.271923 8.677050 1.992575 2
18.012629 4.706795 -1.141644 2
18.012629 4.706795 -1.141644 2
25.222214 6.714301 -0.392099 2
25.222214 6.714301 -0.392099 2
31.113243 5.056941 0.620507 2
31.113243 5.056941 0.620507 2
31.113243 5.056941 0.620507 2
31.113243 5.056941 0.620507 2
31.113243 5.056941 0.620507 2
31.113243 5.056941 0.620507 2
28.639561 5.525152 2.294166 2
30.092321 5.840997 1.465839 2
30.092321 5.840997 1.465839 2
30.092321 5.840997 1.465839 2
30.526985 7.357973 0.550598 2
30.526985 7.357973 0.550598 2
30.526985 7.357973 0.550598 2
30.526985 7.357973 0.550598 2
30.526985 7.357973 0.550598 2
30.526985 7.357973 0.550598 2
30.526985 7.357973 0.550598 2
30.526985 7.357973 0.550598 2
30.526985 7.357973 0.550598 2
30.526985 7.357973 0.550598 2
30.526985 7.357973 0.550598 2
30.778545 5.633854 1.534066 2
30.778545 5.633854 1.534066 2
30.778545 5.633854 1.534066 2
30.349924 5.422342 1.129463 2
30.349924 5.422342 1.129463 2
30.349924 5.422342 1.129463 2
30.349924 5.422342 1.129463 2
30.349924 5.422342 1.129463 2
30.349924 5.422342 1.129463 2
30.349924 5.422342 1.129463 2
30.349924 5.422342 1.129463 2
30.427477 5.980075 1.000214 2
29.638544 5.642744 1.683565 2
30.498369 5.893311 1.095006 2
30.294949 5.867788 1.906301 2
30.294949 5.867788 1.906301 2
29.560165 5.518142 1.721270 2
29.560165 5.518142 1.721270 2
29.560165 5.518142 1.721270 2
29.560165 5.518142 1.721270 2
29.560165 5.518142 1.721270 2
31.471949 6.312495 2.504230 2
31.471949 6.312495 2.504230 2
31.471949 6.312495 2.504230 2
30.385281 5.890987 1.901927 2
30.385281 5.890987 1.901927 2
30.385281 5.890987 1.901927 2
30.551224 5.240170 0.937808 2
30.551224 5.240170 0.937808 2
30.551224 5.240170 0.937808 2
30.551224 5.240170 0.937808 2
30.482874 5.422535 1.078523 2
30.482874 5.422535 1.078523 2
30.482874 5.422535 1.078523 2
30.482874 5.422535 1.078523 2
30.482874 5.422535 1.078523 2
30.482874 5.422535 1.078523 2
30.482874 5.422535 1.078523 2
30.482874 5.422535 1.078523 2
28.886358 4.371669 2.306966 2
30.394810 5.070282 1.146276 2
30.376255 6.071067 1.686582 2
30.280333 6.620349 1.592000 2
30.280333 6.620349 1.592000 2
30.280333 6.620349 1.592000 2
30.280333 6.620349 1.592000 2
30.280333 6.620349 1.592000 2
31.250153 7.104363 3.291210 2
28.250975 5.069353 2.450549 2
28.250975 5.069353 2.450549 2
28.250975 5.069353 2.450549 2
28.250975 5.069353 2.450549 2
28.250975 5.069353 2.450549 2
30.004416 6.375310 2.565438 2
30.896605 6.048326 1.473450 2
29.809345 5.984042 1.325461 2
29.809345 5.984042 1.325461 2
29.809345 5.984042 1.325461 2
29.809345 5.984042 1.325461 2
29.809345 5.984042 1.325461 2
29.809345 5.984042 1.325461 2
29.819660 6.698184 2.721123 2
29.819660 6.698184 2.721123 2
29.939831 5.763924 1.603355 2
29.939831 5.763924 1.603355 2
29.939831 5.763924 1.603355 2
29.939831 5.763924 1.603355 2
29.939831 5.763924 1.603355 2
29.939831 5.763924 1.603355 2
31.257822 4.913836 0.207010 2
27.443163 5.627015 0.164451 2
27.443163 5.627015 0.164451 2
27.443163 5.627015 0.164451 2
19.308119 5.537425 0.653946 2
19.308119 5.537425 0.653946 2
13.441408 3.128315 -1.223868 2
13.441408 3.128315 -1.223868 2
5.354754 8.181752 0.471888 2
5.354754 8.181752 0.471888 2
5.354754 8.181752 0.471888 2
5.354754 8.181752 0.471888 2
-1.722639 -2.206783 1.487004 2
-0.695043 5.466559 -0.176169 2
-0.695043 5.466559 -0.176169 2
0.263236 3.800368 -1.771751 2
0.263236 3.800368 -1.771751 2
1.851427 4.083308 -0.147490 2
1.851427 4.083308 -0.147490 2
0.067808 3.046587 -0.670850 2
0.067808 3.046587 -0.670850 2
0.322000 4.488388 -1.032569 2
-0.057079 3.100155 -1.538666 2
-0.057079 3.100155 -1.538666 2
-0.494348 2.540568 -1.125521 2
-0.003529 4.117007 -1.450285 2
0.292972 5.017386 -0.565575 2
-1.516303 4.229685 0.600312 2
0.044710 2.334040 -1.403132 2
-0.125385 4.326133 -0.875307 2
-0.125385 4.326133 -0.875307 2
0.418839 5.549319 -0.635760 2
0.944501 4.445981 -0.403634 2
0.045757 2.887657 -1.185516 2
-0.116782 4.790585 -1.494949 2
-0.032393 4.663271 -0.115372 2
-0.201902 3.435230 -1.010380 2
-0.201902 3.435230 -1.010380 2
-0.322123 3.118836 -1.163930 2
0.748153 4.810613 -1.040471 2
-0.153696 4.356675 -0.543636 2
-0.482800 3.460283 -1.514972 2
-0.482800 3.460283 -1.514972 2
0.389366 4.119667 -0.555597 2
0.389366 4.119667 -0.555597 2
0.389366 4.119667 -0.555597 2
0.846526 4.765054 -1.202454 2
-0.760148 3.335293 -0.816432 2
0.461099 3.998245 -0.616356 2
0.461099 3.998245 -0.616356 2
-0.030383 3.498868 -1.539087 2
-0.030383 3.498868 -1.539087 2
-0.757517 3.624186 -0.626437 2
0.301592 4.502167 -0.372031 2
0.627867 4.403276 -0.701541 2
-1.620057 3.666070 0.463127 2
1.009132 1.814893 -2.437580 2
0.731444 3.551162 0.116227 2
0.731444 3.551162 0.116227 2
1.142846 6.075711 -1.492736 2
0.475415 5.179287 -0.689509 2
-0.132228 2.881532 -1.162975 2
0.310484 4.053869 -0.606877 2
-0.263872 4.246552 -0.503904 2
-0.441047 3.511603 -1.453951 2
-0.441047 3.511603 -1.453951 2
-0.640547 2.675898 -1.004525 2
0.267119 3.895564 -1.106094 2
-0.165399 4.581149 -0.640316 2
0.201682 2.748247 -1.077983 2
-1.151512 1.652643 -0.216522 2
0.798461 3.858509 -0.213199 2
0.798461 3.858509 -0.213199 2
0.798461 3.858509 -0.213199 2
0.459941 4.830995 -0.679364 2
-0.109604 3.851129 -0.331726 2
0.589150 4.162859 -0.604490 2
0.589150 4.162859 -0.604490 2
-0.007295 3.528849 -1.551737 2
-0.007295 3.528849 -1.551737 2
0.394025 4.527756 -0.701053 2
0.394025 4.527756 -0.701053 2
0.490175 4.432481 -0.759144 2
0.879823 4.865748 -1.505543 2
0.194556 2.938752 -1.160800 2
0.259321 4.354322 -0.112553 2
0.259321 4.354322 -0.112553 2
0.182638 4.313143 -1.019845 2
0.182638 4.313143 -1.019845 2
0.250120 4.130778 -0.699588 2
0.250120 4.130778 -0.699588 2
-0.066559 4.081161 -0.348866 2
