-0.451191 3.500733 -1.453541 2
-0.451191 3.500733 -1.453541 2
0.421176 1.544608 -1.623180 2
0.422703 1.631987 -1.540124 2
0.685573 2.741302 -1.280361 2
0.667435 2.796559 -1.281453 2
0.602113 2.972793 -0.898921 2
0.480137 2.912056 -1.278477 2
0.480137 2.912056 -1.278477 2
0.480137 2.912056 -1.278477 2
-0.604781 2.308135 -0.112875 2
-1.036724 0.772372 -1.529941 2
-0.467627 1.541437 -1.557734 2
-0.173764 2.384458 -1.216460 2
-0.173764 2.384458 -1.216460 2
1.047868 3.325897 -1.827379 2
1.047868 3.325897 -1.827379 2
1.047868 3.325897 -1.827379 2
1.047868 3.325897 -1.827379 2
0.234062 2.217108 -1.330520 2
0.234062 2.217108 -1.330520 2
0.234062 2.217108 -1.330520 2
1.903490 5.514757 -0.625483 2
2.341107 4.196037 0.339158 2
0.396039 1.957080 -1.231841 2
0.165026 2.887628 -0.902413 2
1.696793 5.097956 -0.285803 2
1.490594 5.805039 -0.403806 2
1.490594 5.805039 -0.403806 2
1.490594 5.805039 -0.403806 2
1.490594 5.805039 -0.403806 2
1.490594 5.805039 -0.403806 2
1.490594 5.805039 -0.403806 2
-3.539945 8.081028 -1.800572 2
1.701684 5.884363 -0.550110 2
2.485461 6.890313 -0.855353 2
1.636920 6.545110 -1.494993 2
0.594547 3.567823 -1.336778 2
-0.099498 1.866615 -1.056821 2
-0.099498 1.866615 -1.056821 2
-0.099498 1.866615 -1.056821 2
1.039959 4.167892 -1.256817 2
-0.224155 2.380462 -1.239058 2
-0.224155 2.380462 -1.239058 2
1.661107 5.715378 -0.452956 2
1.661107 5.715378 -0.452956 2
0.639777 3.949574 -1.209911 2
0.937915 5.143116 -2.230642 2
0.620424 3.954545 -0.849294 2
2.260011 6.774130 -0.309383 2
2.260011 6.774130 -0.309383 2
0.013461 3.610045 -0.866432 2
-0.449997 3.658248 0.310497 2
3.083145 6.853437 -0.415940 2
3.083145 6.853437 -0.415940 2
-0.867196 3.960224 0.798500 2
-1.059349 4.396073 -1.715656 2
1.608282 4.652401 -1.065622 2
2.608804 6.322121 -0.979892 2
2.608804 6.322121 -0.979892 2
2.608804 6.322121 -0.979892 2
2.608804 6.322121 -0.979892 2
0.765738 5.033770 -1.185284 2
2.307284 6.051867 -0.799966 2
2.307284 6.051867 -0.799966 2
0.492433 4.047585 -1.108455 2
-0.956005 3.014374 -0.886866 2
-0.363463 3.929092 -0.547536 2
-0.363463 3.929092 -0.547536 2
1.858019 7.543447 -1.526699 2
-0.615048 2.413670 -1.596341 2
-0.615048 2.413670 -1.596341 2
-0.615048 2.413670 -1.596341 2
-0.615048 2.413670 -1.596341 2
0.685859 4.343131 -1.236881 2
1.010397 4.483074 -1.684874 2
0.423332 4.434318 -1.198367 2
1.345691 6.023135 -0.393305 2
1.345691 6.023135 -0.393305 2
0.018835 3.694150 -1.530743 2
2.752726 7.298014 -1.323852 2
0.665849 3.887999 -1.339297 2
0.665849 3.887999 -1.339297 2
1.364939 4.236737 -0.891302 2
-0.832984 2.396955 -1.041644 2
-0.832984 2.396955 -1.041644 2
1.966965 5.339871 -0.526247 2
1.966965 5.339871 -0.526247 2
0.686797 4.395029 -0.985500 2
1.551961 5.515614 -1.407265 2
0.471509 3.541345 -0.502753 2
0.179603 3.018489 -0.781942 2
0.179603 3.018489 -0.781942 2
0.263277 3.685971 -1.212288 2
1.096615 2.232253 -0.457671 2
3.369566 4.036391 -0.346458 2
4.884037 4.703941 -0.838187 2
6.752946 5.354692 -1.342114 2
7.767731 4.124266 -1.323348 2
8.363992 3.013927 1.484156 2
7.339350 4.403307 0.369008 2
8.608555 3.697103 -0.440970 2
8.868738 4.158203 -0.843966 2
8.868738 4.158203 -0.843966 2
8.605758 4.975622 0.217966 2
8.451144 4.645151 0.519313 2
9.684956 4.983590 0.273868 2
7.544374 3.647764 -1.115255 2
7.830461 2.659519 -0.401009 2
7.839195 2.845274 -0.287690 2
9.339004 7.425207 0.195829 2
8.602408 3.284690 0.289070 2
9.347196 5.842721 -0.365356 2
7.950743 3.044510 1.216598 2
8.180073 3.521384 -0.263421 2
7.090425 4.140422 1.226166 2
8.241441 3.668026 0.318689 2
8.226571 3.935409 0.179955 2
9.258908 4.267478 0.131065 2
8.354342 2.822537 -0.631028 2
7.724688 4.438752 0.739799 2
7.784574 2.634207 -1.729317 2
8.226490 3.531439 -0.377762 2
8.827796 2.678943 -0.314777 2
7.656108 4.746683 1.569422 2
8.452826 4.174531 -0.865367 2
8.048078 2.908298 -0.945536 2
7.726602 4.137839 -2.072627 2
8.608265 4.022187 0.121395 2
8.278344 3.973984 1.304485 2
8.729359 3.073404 -0.343711 2
8.261872 3.800747 -0.238980 2
8.403711 3.840921 -0.182054 2
8.734343 3.155182 -0.284115 2
8.769627 3.094165 -0.473553 2
7.995185 2.398373 -1.281112 2
7.929290 2.582452 -0.752509 2
7.713915 2.984330 -0.241898 2
8.875184 6.383874 0.173275 2
8.880007 3.826194 -0.530228 2
7.726322 3.022883 -0.638984 2
8.007928 4.150561 0.375527 2
7.807258 3.114144 -0.220707 2
9.465364 2.031400 1.262439 2
8.445621 3.051136 -0.843328 2
7.434655 3.461307 -0.387104 2
8.194425 4.127839 -0.116360 2
9.198736 3.426796 0.279362 2
8.359583 4.333866 -1.023835 2
7.813439 2.540972 -1.608330 2
8.108093 3.646976 -0.401562 2
8.624354 3.866102 0.028512 2
7.721401 4.429727 1.263841 2
8.054173 4.212694 -0.706430 2
7.864263 2.794489 -1.071498 2
7.903305 3.568917 0.036580 2
8.026574 4.067663 0.382106 2
9.816188 6.586657 1.382355 2
8.136592 3.813676 -0.614527 2
7.961487 3.716888 -0.635808 2
7.935494 3.196522 -0.329789 2
8.617914 5.179308 -0.132564 2
8.796022 3.953047 -0.288628 2
7.619709 2.512528 -1.419339 2
8.439934 3.120594 -0.652702 2
8.009962 3.739068 -0.109191 2
9.031609 7.695131 1.455832 2
8.544293 2.789566 -0.581614 2
8.084920 2.545506 -0.438042 2
8.114148 4.174394 0.288444 2
8.243395 3.720267 -0.016617 2
9.392733 6.899091 1.318374 2
8.579656 3.943253 -0.634890 2
7.674931 3.711532 -0.326712 2
7.962605 3.860979 -0.222706 2
7.636275 2.413088 -0.564857 2
8.123262 4.612390 -0.759893 2
7.910450 2.656130 -1.604686 2
8.071818 2.984643 -0.654296 2
7.751239 3.983776 0.123269 2
10.162438 7.242046 0.089061 2
10.639688 6.707891 -0.264507 2
8.009056 2.399064 -1.171057 2
8.237255 4.509616 0.614011 2
7.527219 4.041576 0.266858 2
9.941899 6.521688 1.354823 2
8.753120 3.801046 -0.196014 2
8.180854 3.907699 -0.582392 2
7.567109 2.755774 -0.518891 2
7.709845 4.262797 -0.235330 2
7.910860 3.092254 -0.632963 2
7.520570 2.522189 -1.416840 2
8.431267 3.727207 0.253918 2
7.826828 3.625251 -0.185108 2
8.295299 5.935247 -0.148680 2
5.074271 2.904119 -0.516593 2
2.706971 3.823923 0.213082 2
1.631275 3.581857 -0.132617 2
1.129008 1.061772 -1.343234 2
1.129008 1.061772 -1.343234 2
0.994070 5.958084 -0.066753 2
0.609336 2.570320 0.756328 2
0.790974 6.857198 0.352017 2
0.790974 6.857198 0.352017 2
0.790974 6.857198 0.352017 2
0.508774 4.367774 -0.933035 2
0.068143 2.177790 -0.925769 2
-0.581520 3.049174 -0.424056 2
-0.581520 3.049174 -0.424056 2
-0.581520 3.049174 -0.424056 2
-0.581520 3.049174 -0.424056 2
1.113382 3.178401 0.630833 2
-0.750367 3.065612 0.191196 2
-0.594946 3.525867 0.330419 2
-0.682601 2.488286 -1.133478 2
0.961371 2.470432 0.329449 2
1.801058 6.507884 -0.879286 2
1.801058 6.507884 -0.879286 2
0.419955 3.145428 -1.671404 2
-1.033103 1.841943 -1.044759 2
-0.645310 3.476742 0.659768 2
-0.645310 3.476742 0.659768 2
-0.645310 3.476742 0.659768 2
1.036979 3.489521 -1.542638 2
-0.754136 2.574197 -0.104928 2
-0.279938 4.551610 1.085361 2
-0.279938 4.551610 1.085361 2
-0.279938 4.551610 1.085361 2
-0.720642 2.729776 -1.146628 2
-1.005573 2.601151 -0.564535 2
0.108170 3.755526 -0.726862 2
0.108170 3.755526 -0.726862 2
-1.519133 3.170076 0.685944 2
-0.776590 1.850791 -1.113195 2
-0.252077 2.370569 -0.601553 2
-0.628322 2.690426 -0.089932 2
-0.628322 2.690426 -0.089932 2
-0.628322 2.690426 -0.089932 2
-0.684133 2.330588 -0.484698 2
0.527466 4.837749 -0.772831 2
-0.223145 3.489692 -0.180379 2
-0.034886 4.095864 1.773719 2
0.221783 4.368464 -1.184235 2
-0.137030 2.699202 -0.920839 2
0.348461 3.860695 -0.916572 2
0.020540 4.533754 -0.823103 2
-1.664991 2.949213 0.558551 2
-0.548754 4.453472 -0.956420 2
-0.514859 3.038632 -0.633977 2
0.845904 3.573412 -0.283119 2
0.845904 3.573412 -0.283119 2
-0.007456 4.039220 -0.851754 2
-0.530106 3.285413 -0.609200 2
0.272032 3.746076 -0.428472 2
0.272032 3.746076 -0.428472 2
0.434821 3.938402 -1.186369 2
-0.104277 3.230655 -1.358203 2
-0.700598 2.878110 -0.357096 2
0.017547 4.264491 -0.786275 2
0.960429 4.659726 -0.526869 2
0.488415 3.877029 -1.033575 2
0.172318 2.849635 -1.189577 2
-2.809589 6.062054 -0.914594 2
-0.068859 3.844896 -0.305985 2
0.950105 5.672461 -1.423262 2
-0.095541 4.004186 -0.842990 2
-0.005966 3.366756 -0.615952 2
0.070951 3.982958 -0.662079 2
0.070951 3.982958 -0.662079 2
0.070951 3.982958 -0.662079 2
-0.618902 3.028630 -1.416384 2
-0.366580 2.602428 -0.611111 2
0.251579 4.093307 -0.803205 2
-0.352112 3.964778 -0.863261 2
0.910950 3.833193 -0.726516 2
-0.801347 3.026364 -1.090393 2
-2.405962 5.950613 -0.776612 2
0.675623 3.881395 0.412011 2
0.675623 3.881395 0.412011 2
-0.183657 3.571877 -1.040180 2
-0.381898 3.456600 -0.396918 2
0.047221 3.663611 -0.592060 2
0.726768 4.469563 -0.796738 2
0.501278 4.062260 -0.996832 2
-0.735366 2.645536 -0.297432 2
-0.735366 2.645536 -0.297432 2
0.550533 4.666742 -0.404136 2
0.550533 4.666742 -0.404136 2
6.761638 4.154034 0.110376 2
6.761638 4.154034 0.110376 2
8.554213 5.862453 1.167036 2
8.167317 4.900593 -0.585879 2
8.221903 4.883017 -0.436304 2
8.276363 4.582949 0.496915 2
8.276363 4.582949 0.496915 2
7.532347 5.484588 0.422593 2
7.532347 5.484588 0.422593 2
6.761148 4.085522 0.537375 2
7.756236 3.414619 -0.241497 2
7.756236 3.414619 -0.241497 2
8.142304 4.480507 -0.859616 2
8.142304 4.480507 -0.859616 2
7.693022 3.757793 0.490114 2
7.693022 3.757793 0.490114 2
8.087686 5.172829 -0.471958 2
6.645557 3.979381 0.606839 2
8.262570 4.807543 -1.105929 2
7.638824 5.292750 0.561912 2
7.638824 5.292750 0.561912 2
8.717410 5.093930 -0.621762 2
8.696652 4.762879 -0.178670 2
7.769957 4.639513 -0.637473 2
8.438097 3.447171 -0.100180 2
8.438097 3.447171 -0.100180 2
7.902350 4.352714 -0.803891 2
7.902350 4.352714 -0.803891 2
8.046488 3.905920 0.800381 2
7.469576 5.213005 0.587311 2
7.756226 5.686357 -0.314235 2
8.163619 4.886518 -0.420991 2
8.163619 4.886518 -0.420991 2
7.941074 5.153214 0.423695 2
7.941074 5.153214 0.423695 2
8.262638 5.300575 -0.532701 2
8.579000 4.529373 -0.650903 2
7.054709 4.150777 0.674875 2
7.925097 3.971836 -0.082081 2
9.575511 5.739275 0.929827 2
8.211287 4.463706 -0.961626 2
8.211287 4.463706 -0.961626 2
7.651190 3.589386 0.496726 2
7.785627 4.992018 0.543537 2
8.346879 4.994906 -0.434036 2
6.512133 3.996438 0.603273 2
8.158638 5.498950 -0.567959 2
9.213281 5.013242 1.208453 2
9.213281 5.013242 1.208453 2
8.182883 4.210043 -0.340054 2
8.442202 4.909162 -0.331160 2
7.824302 4.462626 -0.772082 2
7.380389 4.423194 -0.305162 2
8.897512 5.890743 0.929836 2
7.838944 4.437667 -0.634716 2
7.838944 4.437667 -0.634716 2
7.018463 2.931010 -1.160841 2
7.585016 5.491721 0.571986 2
8.065558 5.741790 -0.495793 2
6.458179 3.669605 0.507732 2
8.452429 5.131431 -0.423127 2
9.045082 5.527871 1.247364 2
9.045082 5.527871 1.247364 2
8.270496 5.310703 -0.445832 2
8.328298 4.648702 -0.565176 2
7.099095 4.165706 0.666272 2
7.653077 4.738567 -0.365324 2
7.653077 4.738567 -0.365324 2
3.621773 4.749720 -0.995046 2
3.621773 4.749720 -0.995046 2
2.337907 4.573552 -0.892682 2
2.337907 4.573552 -0.892682 2
0.976834 2.512428 -1.656441 2
-0.675787 3.625707 -0.718098 2
-0.675787 3.625707 -0.718098 2
0.728472 3.918118 -0.174336 2
0.728472 3.918118 -0.174336 2
0.258515 2.668289 -1.174745 2
0.258515 2.668289 -1.174745 2
-0.191787 3.474094 -1.344612 2
0.372046 4.496644 -1.384544 2
-0.046208 4.701143 -0.532704 2
0.942854 2.574524 -0.745892 2
-0.234924 3.222475 -1.472324 2
0.349685 3.716676 -1.594199 2
0.246232 4.210129 -1.155531 2
0.136414 5.659696 -0.813812 2
0.758352 3.661556 -0.965485 2
-0.498513 3.274633 -1.196570 2
0.513715 4.401368 -0.592326 2
0.513715 4.401368 -0.592326 2
-0.218233 4.664464 0.029482 2
0.331844 3.040159 -1.160805 2
-0.735335 3.066991 -0.370246 2
0.532963 4.677269 -0.634373 2
0.496981 4.437525 -0.770519 2
0.211570 3.151481 -1.724686 2
0.211570 3.151481 -1.724686 2
-1.017636 4.093960 -1.025258 2
0.201485 4.257318 -0.173376 2
0.404887 5.218549 -1.401505 2
0.737582 4.418418 -0.914731 2
0.428343 3.233046 -0.902407 2
-0.016913 4.448090 -0.378035 2
-0.016913 4.448090 -0.378035 2
-0.016913 4.448090 -0.378035 2
-0.236713 3.278580 -1.517110 2
-0.181662 3.001362 -1.087091 2
0.681541 4.764795 -0.952397 2
0.026036 4.290564 -0.448379 2
-0.277223 3.338911 -1.509794 2
-0.277223 3.338911 -1.509794 2
-0.057413 3.477370 -1.285342 2
0.568467 4.136314 -0.613917 2
0.568467 4.136314 -0.613917 2
-0.305057 3.289094 -0.479276 2
-0.305057 3.289094 -0.479276 2
0.578945 4.176146 -0.659304 2
0.578945 4.176146 -0.659304 2
-1.488863 3.050863 0.205299 2
0.053747 3.463757 -1.559387 2
-0.642517 3.002305 -0.296353 2
0.486470 4.595651 -0.641840 2
0.626404 4.511685 -0.800795 2
0.224478 3.203763 -1.036659 2
0.224478 3.203763 -1.036659 2
-0.907909 3.969143 -1.328667 2
0.288718 4.296456 -0.213060 2
0.957329 5.861273 -1.731196 2
0.406218 4.553157 -0.979318 2
0.087702 3.431816 -0.917224 2
-0.258917 2.517452 -0.331645 2
-0.258917 2.517452 -0.331645 2
-0.314348 4.107114 -1.258057 2
-0.314348 4.107114 -1.258057 2
-0.285869 2.899771 -0.927857 2
0.810784 4.890102 -1.206449 2
-0.036851 4.536502 -0.626802 2
-0.433706 3.088443 -0.865856 2
-0.433706 3.088443 -0.865856 2
0.435629 3.762293 -0.352176 2
0.435629 3.762293 -0.352176 2
0.435629 3.762293 -0.352176 2
-0.266813 3.695154 -0.689828 2
-0.266813 3.695154 -0.689828 2
0.485155 4.265144 -0.747343 2
0.485155 4.265144 -0.747343 2
0.114324 4.035439 -1.004211 2
0.158086 3.294779 -1.540072 2
-0.924991 2.633319 -0.620965 2
0.315545 3.431921 -0.958825 2
0.315545 3.431921 -0.958825 2
0.102043 2.928911 -1.297685 2
0.102043 2.928911 -1.297685 2
-0.680056 2.497063 -1.005189 2
-0.118905 4.118893 -0.515176 2
0.965499 6.071772 -1.462602 2
0.030792 3.819022 -1.190003 2
0.485699 3.582292 -0.936561 2
0.095712 4.656363 -0.457480 2
0.095712 4.656363 -0.457480 2
0.982964 4.710464 -0.984199 2
-0.234973 3.252180 -1.469656 2
-0.431040 2.432346 -0.517844 2
0.276107 3.994845 -1.247421 2
0.151143 5.136814 -0.662347 2
0.401496 2.540546 -1.101827 2
0.401496 2.540546 -1.101827 2
3.719919 3.095440 -0.163476 2
6.338331 4.956716 0.152092 2
8.214522 7.502961 -0.387392 2
13.231513 6.620787 -0.747702 2
12.648873 0.426126 -1.221649 2
12.409217 10.661487 0.924663 2
12.409217 10.661487 0.924663 2
12.409217 10.661487 0.924663 2
16.498619 4.645046 -1.544408 2
16.498619 4.645046 -1.544408 2
15.614672 7.661639 0.031650 2
15.614672 7.661639 0.031650 2
15.323277 4.951173 -0.692977 2
15.323277 4.951173 -0.692977 2
15.323277 4.951173 -0.692977 2
15.323277 4.951173 -0.692977 2
15.323277 4.951173 -0.692977 2
17.547476 7.131367 -0.134720 2
17.547476 7.131367 -0.134720 2
17.234625 4.844872 0.138473 2
17.234625 4.844872 0.138473 2
17.775654 6.160409 0.544386 2
17.233002 6.805067 0.267275 2
17.233002 6.805067 0.267275 2
17.136406 5.360879 -0.257786 2
17.136406 5.360879 -0.257786 2
15.656976 4.134956 -0.449150 2
15.656976 4.134956 -0.449150 2
15.656976 4.134956 -0.449150 2
15.656976 4.134956 -0.449150 2
15.290092 6.428926 -0.411957 2
15.290092 6.428926 -0.411957 2
15.290092 6.428926 -0.411957 2
17.269781 6.095769 0.244275 2
17.269781 6.095769 0.244275 2
16.518799 6.229364 -0.626868 2
16.518799 6.229364 -0.626868 2
16.518799 6.229364 -0.626868 2
17.395628 5.606516 0.236244 2
17.395628 5.606516 0.236244 2
16.566887 5.876252 -0.808990 2
16.566887 5.876252 -0.808990 2
16.566887 5.876252 -0.808990 2
16.566887 5.876252 -0.808990 2
16.703556 5.160092 0.422349 2
16.337515 7.313995 -0.522034 2
16.337515 7.313995 -0.522034 2
16.458906 4.480093 -0.380196 2
16.458906 4.480093 -0.380196 2
16.570925 6.156810 0.597233 2
16.736437 5.769404 -1.264901 2
16.736437 5.769404 -1.264901 2
16.736437 5.769404 -1.264901 2
16.736437 5.769404 -1.264901 2
16.449186 5.772050 -0.729943 2
16.449186 5.772050 -0.729943 2
16.449186 5.772050 -0.729943 2
16.449186 5.772050 -0.729943 2
16.460690 5.624104 -0.428532 2
16.613415 7.238540 -0.575853 2
16.613415 7.238540 -0.575853 2
16.724098 6.614106 -0.703359 2
16.724098 6.614106 -0.703359 2
17.027885 5.992249 -0.093572 2
15.514390 6.128651 -0.556813 2
15.514390 6.128651 -0.556813 2
15.514390 6.128651 -0.556813 2
15.514390 6.128651 -0.556813 2
15.986431 5.604272 -0.005293 2
15.986431 5.604272 -0.005293 2
15.986431 5.604272 -0.005293 2
15.986431 5.604272 -0.005293 2
16.513863 4.862926 -0.013867 2
16.249048 7.096406 -0.903900 2
16.249048 7.096406 -0.903900 2
15.808596 5.728164 0.432159 2
15.808596 5.728164 0.432159 2
17.432467 6.219082 0.340239 2
16.277317 6.211197 -0.803347 2
16.277317 6.211197 -0.803347 2
16.277317 6.211197 -0.803347 2
16.277317 6.211197 -0.803347 2
15.565438 5.456069 0.199565 2
15.565438 5.456069 0.199565 2
15.565438 5.456069 0.199565 2
15.565438 5.456069 0.199565 2
16.446535 5.365119 -0.294056 2
16.446535 5.365119 -0.294056 2
16.446535 5.365119 -0.294056 2
16.446535 5.365119 -0.294056 2
16.446535 5.365119 -0.294056 2
16.552977 5.396538 0.294023 2
16.552977 5.396538 0.294023 2
16.552977 5.396538 0.294023 2
16.552977 5.396538 0.294023 2
16.552977 5.396538 0.294023 2
16.459238 6.018539 -0.819004 2
16.459238 6.018539 -0.819004 2
16.488970 6.634055 -0.572504 2
16.488970 6.634055 -0.572504 2
12.770615 4.196538 -0.030404 2
5.473803 6.257910 0.644964 2
5.473803 6.257910 0.644964 2
3.176392 0.741907 -1.694143 2
3.176392 0.741907 -1.694143 2
-1.094287 -0.262501 1.744683 2
3.205226 -0.559623 -1.776836 2
0.115066 4.237570 -1.579163 2
-0.225642 2.751937 -2.146362 2
0.054692 2.823351 -0.841811 2
-0.669089 3.488023 -0.758522 2
-0.669089 3.488023 -0.758522 2
-1.380695 4.159068 -3.468506 2
0.352938 3.618014 -0.301046 2
0.352938 3.618014 -0.301046 2
-0.084340 3.028898 -1.215035 2
-1.141801 2.466459 -0.729070 2
0.475875 4.748749 -0.602135 2
0.475875 4.748749 -0.602135 2
-1.936957 2.910844 0.981371 2
0.240687 3.330949 -1.678337 2
-0.275704 2.377910 -1.007241 2
0.184881 4.936650 -0.634979 2
0.184881 4.936650 -0.634979 2
-0.422681 2.808296 -1.161303 2
-0.422681 2.808296 -1.161303 2
0.114638 4.638121 -1.240733 2
0.116441 4.743837 -0.078053 2
0.573989 5.005081 -1.134834 2
-0.016879 2.740930 -1.367655 2
-0.180603 3.301200 -1.148255 2
-0.769704 2.586049 -0.388830 2
-0.769704 2.586049 -0.388830 2
0.807210 4.791642 -0.961885 2
-0.411208 3.517141 -1.415926 2
-0.539379 3.609922 -1.429866 2
0.310340 4.220922 -1.128240 2
0.310340 4.220922 -1.128240 2
-0.424953 3.172971 -0.800718 2
-0.424953 3.172971 -0.800718 2
-0.374940 3.647761 -0.115032 2
0.611082 4.245500 -0.327661 2
0.611076 5.411748 -1.445758 2
0.144434 3.691476 -1.186504 2
-0.820842 3.278017 -0.625254 2
0.442274 4.017165 -0.776232 2
0.442274 4.017165 -0.776232 2
-1.618508 3.198728 0.384892 2
0.357873 2.865831 -1.802353 2
-0.625417 3.358459 -1.325902 2
0.087337 4.555056 -0.644190 2
0.106617 5.094057 -1.136415 2
-0.256986 2.912754 -1.193107 2
-0.256986 2.912754 -1.193107 2
0.132389 4.546967 -0.349682 2
0.132389 4.546967 -0.349682 2
0.132389 4.546967 -0.349682 2
-0.175875 3.692848 -1.009990 2
-0.175875 3.692848 -1.009990 2
-0.018545 4.497620 -0.607068 2
-0.018545 4.497620 -0.607068 2
-0.344003 3.325433 -1.466533 2
-0.344003 3.325433 -1.466533 2
-0.202196 3.178937 -0.822337 2
-0.208026 4.668246 -0.955623 2
-0.208026 4.668246 -0.955623 2
-0.458999 3.150027 -0.355392 2
-0.458999 3.150027 -0.355392 2
-0.282359 3.694032 -0.553979 2
0.544815 4.197354 -0.888123 2
-0.025726 5.137178 -1.113014 2
-0.725807 3.155294 -0.328483 2
-0.725807 3.155294 -0.328483 2
0.450657 4.223747 -0.789643 2
0.450657 4.223747 -0.789643 2
0.453538 4.842738 -1.322487 2
0.345589 2.558203 -1.764483 2
-0.316389 3.007115 -0.651787 2
0.820443 6.070836 -1.684595 2
0.820443 6.070836 -1.684595 2
0.352833 3.064696 -0.972953 2
0.352833 3.064696 -0.972953 2
0.152089 4.318234 -0.665750 2
-0.095959 4.277059 -0.378600 2
0.737760 5.004564 -1.109222 2
-0.258340 3.306428 -1.534928 2
-0.783901 2.573359 -0.909966 2
-0.100618 4.516744 -0.732976 2
-0.100618 4.516744 -0.732976 2
1.547819 5.025700 1.453974 2
-0.438277 3.520112 -1.465300 2
-0.901032 4.090036 -1.750907 2
-0.267934 5.248662 -1.269121 2
-0.267934 5.248662 -1.269121 2
-0.656413 3.241847 -1.140671 2
-0.656413 3.241847 -1.140671 2
-0.139889 3.854206 -0.303050 2
0.705504 4.286402 -0.685108 2
0.200652 4.049317 -1.044569 2
1.674894 3.447904 -1.591546 2
3.847473 3.914093 -0.594250 2
8.790825 7.635751 -0.045429 2
8.790825 7.635751 -0.045429 2
8.790825 7.635751 -0.045429 2
8.790825 7.635751 -0.045429 2
8.790825 7.635751 -0.045429 2
8.790825 7.635751 -0.045429 2
8.790825 7.635751 -0.045429 2
15.502380 2.672725 -1.211580 2
15.502380 2.672725 -1.211580 2
15.502380 2.672725 -1.211580 2
15.502380 2.672725 -1.211580 2
17.569645 5.297366 -0.784455 2
16.797556 5.685887 -0.953910 2
16.797556 5.685887 -0.953910 2
17.561474 5.514807 0.791106 2
17.561474 5.514807 0.791106 2
16.591139 6.561787 0.202206 2
16.591139 6.561787 0.202206 2
16.591139 6.561787 0.202206 2
16.591139 6.561787 0.202206 2
16.591139 6.561787 0.202206 2
16.223747 6.090771 1.005458 2
16.223747 6.090771 1.005458 2
17.172874 4.690967 -1.525533 2
17.172874 4.690967 -1.525533 2
16.167439 5.553639 -0.462542 2
16.264406 7.549467 -0.385721 2
16.264406 7.549467 -0.385721 2
16.879406 5.778296 0.107452 2
16.879406 5.778296 0.107452 2
17.347130 6.622081 0.294777 2
16.544134 6.097622 -0.649611 2
16.544134 6.097622 -0.649611 2
16.544134 6.097622 -0.649611 2
16.544134 6.097622 -0.649611 2
16.840965 5.812264 -1.532827 2
16.840965 5.812264 -1.532827 2
16.574539 6.322691 -0.940035 2
16.574539 6.322691 -0.940035 2
16.829367 4.995928 0.166243 2
16.381271 7.289729 -0.428146 2
16.381271 7.289729 -0.428146 2
16.645321 6.524829 -0.490307 2
16.645321 6.524829 -0.490307 2
16.715099 5.564406 0.070499 2
16.197935 5.423269 -0.980163 2
16.197935 5.423269 -0.980163 2
14.650729 4.716959 0.049200 2
14.650729 4.716959 0.049200 2
16.940891 6.172973 -1.147497 2
16.940891 6.172973 -1.147497 2
16.940891 6.172973 -1.147497 2
16.940891 6.172973 -1.147497 2
16.369074 5.367749 -0.017335 2
16.482828 7.196434 -0.522984 2
16.482828 7.196434 -0.522984 2
16.897966 6.082436 0.437643 2
16.897966 6.082436 0.437643 2
16.303516 7.087780 -0.958934 2
15.618876 4.174936 -0.643600 2
15.618876 4.174936 -0.643600 2
15.618876 4.174936 -0.643600 2
15.618876 4.174936 -0.643600 2
16.238377 7.104605 -0.863494 2
16.238377 7.104605 -0.863494 2
16.441034 6.413441 -0.260840 2
16.005520 6.160293 0.854668 2
17.139839 5.568243 0.244500 2
16.328257 7.223756 -0.832452 2
16.328257 7.223756 -0.832452 2
16.677843 5.052423 -0.912349 2
16.677843 5.052423 -0.912349 2
16.652191 7.128940 -0.527583 2
14.957983 3.725773 -0.693304 2
14.957983 3.725773 -0.693304 2
14.957983 3.725773 -0.693304 2
16.402433 4.993033 -0.158808 2
16.934074 6.168687 -1.114157 2
16.934074 6.168687 -1.114157 2
17.333639 5.792738 0.379116 2
17.333639 5.792738 0.379116 2
17.236202 7.010740 0.062478 2
17.666895 3.588076 -1.184855 2
17.666895 3.588076 -1.184855 2
16.227638 6.583845 -0.427800 2
16.227638 6.583845 -0.427800 2
16.282259 5.837239 0.262656 2
16.282259 5.837239 0.262656 2
16.282259 5.837239 0.262656 2
16.928505 5.130104 0.188368 2
16.928505 5.130104 0.188368 2
16.306606 7.303439 -0.519318 2
16.306606 7.303439 -0.519318 2
15.919908 6.352492 1.087734 2
16.090322 5.887220 0.855747 2
16.801929 5.982667 0.240356 2
17.900143 3.557492 -1.245709 2
17.900143 3.557492 -1.245709 2
12.262177 3.732715 -0.153752 2
12.262177 3.732715 -0.153752 2
9.558302 3.679571 0.787400 2
6.268294 5.455000 -0.344799 2
3.835419 6.686340 0.938400 2
1.801332 -0.666194 -1.506171 2
1.801332 -0.666194 -1.506171 2
0.493580 4.227027 -0.570011 2
0.493580 4.227027 -0.570011 2
1.060245 3.190326 -0.838326 2
1.056795 2.412767 -1.000217 2
0.887822 3.024261 0.538950 2
-0.005467 5.808177 -0.653009 2
-0.413473 2.541537 -0.172567 2
0.419704 4.297797 -0.936115 2
0.419704 4.297797 -0.936115 2
0.419704 4.297797 -0.936115 2
0.397905 2.830344 -1.662224 2
-0.481341 3.136211 -1.459440 2
-0.212804 4.649741 -0.749133 2
0.143659 4.193818 -0.245839 2
-0.217037 2.911951 -1.290656 2
-0.217037 2.911951 -1.290656 2
-0.354383 4.045726 -1.137175 2
-0.046828 4.595129 0.076850 2
-0.075849 4.533442 -0.821502 2
0.001946 3.423051 -1.308405 2
0.001946 3.423051 -1.308405 2
-0.230850 4.272492 -0.458201 2
-0.230850 4.272492 -0.458201 2
-0.230850 4.272492 -0.458201 2
-1.163691 2.629302 -1.194232 2
-0.384968 2.445606 -1.034011 2
0.288269 4.206929 -1.098055 2
0.288269 4.206929 -1.098055 2
-0.124119 4.075363 -1.069858 2
-0.124119 4.075363 -1.069858 2
0.305239 5.095495 -0.996792 2
0.554022 3.924952 -0.707938 2
0.546565 5.506811 -0.480933 2
0.035855 3.668295 -1.525336 2
-0.936705 3.012063 -0.244053 2
0.457781 4.009853 -0.846580 2
0.457781 4.009853 -0.846580 2
0.421305 2.717778 -1.836628 2
0.421305 2.717778 -1.836628 2
-0.378016 3.408396 -0.965967 2
0.078589 4.267519 -0.796688 2
0.645132 5.359069 -1.865233 2
-0.695854 3.083776 -1.262325 2
-0.695854 3.083776 -1.262325 2
0.067059 4.163550 -0.459533 2
0.067059 4.163550 -0.459533 2
0.067059 4.163550 -0.459533 2
-0.267221 3.135860 -1.015446 2
-0.267221 3.135860 -1.015446 2
-0.046956 4.392095 -0.658774 2
-0.046956 4.392095 -0.658774 2
0.853546 4.141117 -0.924105 2
0.492688 2.024092 -1.894439 2
0.011228 3.322623 -1.327258 2
1.083094 5.507894 -0.884415 2
1.083094 5.507894 -0.884415 2
-0.536159 2.745119 -0.805155 2
-0.536159 2.745119 -0.805155 2
-0.060648 3.477834 -0.825182 2
0.530867 4.003531 -0.770016 2
0.625976 4.320787 -1.231931 2
-0.776218 2.847534 -0.620360 2
-0.776218 2.847534 -0.620360 2
0.566157 4.488562 -0.780891 2
0.566157 4.488562 -0.780891 2
0.824805 4.258070 -0.994481 2
0.067270 3.349630 -1.121161 2
-0.350326 3.376726 -0.935144 2
-0.327829 5.973196 -1.387756 2
-0.327829 5.973196 -1.387756 2
-0.341659 3.420716 -1.014864 2
-0.341659 3.420716 -1.014864 2
0.169723 4.088556 -1.065442 2
0.004353 4.306396 -0.390084 2
0.984017 5.078709 -1.074831 2
-0.710521 2.448573 -0.865027 2
-0.710521 2.448573 -0.865027 2
-0.070777 4.369688 -0.852343 2
-0.070777 4.369688 -0.852343 2
-0.209183 2.836714 -1.393561 2
-1.055629 1.702186 -0.275634 2
-0.046437 3.589454 -1.352206 2
0.359217 3.832131 -0.541546 2
0.359217 3.832131 -0.541546 2
-0.511340 3.425055 -0.752205 2
-0.511340 3.425055 -0.752205 2
0.085973 4.024014 -0.940700 2
0.503566 4.138795 -0.739871 2
0.268668 3.942122 -1.113299 2
-0.043404 3.684780 -1.513084 2
-0.043404 3.684780 -1.513084 2
-0.043404 3.684780 -1.513084 2
-0.043404 3.684780 -1.513084 2
-0.043404 3.684780 -1.513084 2
0.211335 2.841290 -1.150784 2
0.075329 4.764871 -2.544471 2
3.066636 4.541201 -0.587863 2
3.066636 4.541201 -0.587863 2
12.082053 1.983852 -1.354936 2
12.082053 1.983852 -1.354936 2
12.082053 1.983852 -1.354936 2
12.082053 1.983852 -1.354936 2
12.082053 1.983852 -1.354936 2
22.544228 4.132325 -0.482289 2
22.544228 4.132325 -0.482289 2
25.609476 5.589371 1.077850 2
25.609476 5.589371 1.077850 2
23.499029 5.282196 1.281717 2
23.499029 5.282196 1.281717 2
23.499029 5.282196 1.281717 2
24.328627 4.849336 -1.078289 2
24.328627 4.849336 -1.078289 2
24.374340 5.917070 0.495861 2
24.374340 5.917070 0.495861 2
24.374340 5.917070 0.495861 2
26.291897 5.214607 -0.043331 2
26.302111 7.064913 0.258773 2
24.868874 5.618576 -0.115991 2
28.684792 7.255990 3.548126 2
25.277250 5.249911 -0.181702 2
25.277250 5.249911 -0.181702 2
25.277250 5.249911 -0.181702 2
24.337925 6.461401 0.305233 2
24.337925 6.461401 0.305233 2
24.543493 5.361005 0.371112 2
24.543493 5.361005 0.371112 2
27.236691 7.501259 2.012202 2
27.236691 7.501259 2.012202 2
27.236691 7.501259 2.012202 2
24.539045 5.566292 -0.136562 2
26.033869 6.346961 1.068407 2
23.403223 5.396852 0.455451 2
28.530836 7.065190 1.967945 2
24.615356 5.826211 0.269850 2
24.615356 5.826211 0.269850 2
24.615356 5.826211 0.269850 2
24.944670 5.693974 -0.267040 2
24.944670 5.693974 -0.267040 2
24.629242 5.338546 0.351581 2
24.629242 5.338546 0.351581 2
24.792051 5.776706 0.189514 2
24.792051 5.776706 0.189514 2
24.792051 5.776706 0.189514 2
24.792051 5.776706 0.189514 2
25.444368 6.223155 0.509152 2
25.444368 6.223155 0.509152 2
25.444368 6.223155 0.509152 2
24.942341 5.580534 0.259202 2
24.942341 5.580534 0.259202 2
24.942341 5.580534 0.259202 2
24.917673 6.173804 0.007876 2
24.917673 6.173804 0.007876 2
24.732710 4.799903 -0.373330 2
24.732710 4.799903 -0.373330 2
25.130646 5.969290 -0.363465 2
25.130646 5.969290 -0.363465 2
25.130646 5.969290 -0.363465 2
25.367151 5.876660 0.196003 2
25.367151 5.876660 0.196003 2
24.941982 5.671307 -0.296537 2
24.941982 5.671307 -0.296537 2
24.633316 5.630556 0.256951 2
24.633316 5.630556 0.256951 2
26.346628 6.680472 1.612338 2
26.346628 6.680472 1.612338 2
26.346628 6.680472 1.612338 2
25.233118 6.381357 0.335962 2
25.229052 6.536378 2.821853 2
24.820854 5.864321 0.271859 2
24.820854 5.864321 0.271859 2
25.092054 6.001506 0.366423 2
25.092054 6.001506 0.366423 2
24.970932 5.717629 0.579596 2
24.970932 5.717629 0.579596 2
24.970932 5.717629 0.579596 2
25.116980 5.348655 0.190217 2
25.116980 5.348655 0.190217 2
25.116980 5.348655 0.190217 2
25.131298 5.825527 -0.197326 2
25.131298 5.825527 -0.197326 2
24.152100 5.918004 0.037514 2
24.152100 5.918004 0.037514 2
25.052307 5.979253 -0.494464 2
25.052307 5.979253 -0.494464 2
25.362524 5.874722 0.356716 2
25.419603 5.875915 0.278457 2
25.858212 5.510990 1.019549 2
25.001749 5.487483 -0.060536 2
25.001749 5.487483 -0.060536 2
24.541185 5.605760 0.174272 2
24.541185 5.605760 0.174272 2
24.541185 5.605760 0.174272 2
25.005026 5.700677 -0.288318 2
25.005026 5.700677 -0.288318 2
23.966457 5.385165 0.718136 2
23.966457 5.385165 0.718136 2
14.782942 4.614458 0.914034 2
14.782942 4.614458 0.914034 2
16.319511 7.450304 -0.262693 2
16.319511 7.450304 -0.262693 2
15.867716 -1.507238 -1.520312 2
15.867716 -1.507238 -1.520312 2
4.165786 8.475675 0.241530 2
3.590798 1.191726 -0.828100 2
3.590798 1.191726 -0.828100 2
3.590798 1.191726 -0.828100 2
5.129390 -1.677930 -1.745325 2
0.359019 3.480558 -0.087256 2
0.383044 2.354686 -0.727564 2
0.383044 2.354686 -0.727564 2
0.469203 2.121968 -2.015450 2
0.469203 2.121968 -2.015450 2
-0.483693 3.189554 -1.517904 2
-0.070695 4.241666 -1.512198 2
0.668153 6.525453 -0.339166 2
0.022257 2.621393 -1.138578 2
0.022257 2.621393 -1.138578 2
-0.205345 5.247801 -0.321421 2
-0.205345 5.247801 -0.321421 2
0.538036 5.575643 -0.954942 2
-0.008797 3.381044 -1.001795 2
-0.275590 3.246468 -1.606359 2
0.391944 5.115210 -1.468083 2
-0.280488 4.405504 -0.230179 2
-0.200353 3.390105 -1.539796 2
-0.200353 3.390105 -1.539796 2
-0.200353 3.390105 -1.539796 2
-0.238097 4.144517 -0.845576 2
-0.251424 5.225303 -0.962036 2
-0.399322 3.060126 -0.927614 2
-0.399322 3.060126 -0.927614 2
0.184612 4.055017 0.182740 2
0.184612 4.055017 0.182740 2
0.094244 3.725730 -1.318189 2
0.094244 3.725730 -1.318189 2
-1.146370 3.981677 -0.703650 2
0.443222 3.933747 -0.716170 2
0.443222 3.933747 -0.716170 2
0.038388 3.319838 -1.726620 2
0.038388 3.319838 -1.726620 2
-0.237673 3.499144 -0.957717 2
-0.279170 4.338687 -0.517997 2
0.450181 4.887527 -0.923370 2
-0.163033 3.010558 -1.049095 2
-0.163033 3.010558 -1.049095 2
-0.022542 4.252566 0.111109 2
-0.022542 4.252566 0.111109 2
0.513030 5.410103 -1.158976 2
-0.108139 2.841035 -1.208685 2
-0.367514 3.153839 -0.806553 2
-0.042617 4.505599 -0.624433 2
-0.042617 4.505599 -0.624433 2
-0.389392 3.356255 -1.499815 2
-0.389392 3.356255 -1.499815 2
-0.472382 3.511330 -1.088252 2
0.315037 4.077987 -1.155018 2
0.315037 4.077987 -1.155018 2
-0.669341 2.939049 -0.553887 2
-0.669341 2.939049 -0.553887 2
0.175844 4.891662 -0.994242 2
0.313266 4.094944 -0.599134 2
-0.023676 5.763418 -0.972487 2
0.177404 3.452975 -1.235152 2
-1.002024 2.799034 -0.662857 2
0.475554 4.493139 -0.863988 2
0.475554 4.493139 -0.863988 2
-0.439142 2.932678 -1.226992 2
-0.439142 2.932678 -1.226992 2
-0.544852 3.394566 -0.997816 2
0.244636 4.399470 -0.166468 2
0.404995 5.330728 -1.053115 2
-0.175132 3.142576 -1.062913 2
-0.175132 3.142576 -1.062913 2
-0.167805 4.399644 -0.450775 2
-0.167805 4.399644 -0.450775 2
-0.074081 4.358762 -0.051312 2
-0.051905 2.703525 -1.225930 2
-0.453632 3.480837 -0.872452 2
-0.017966 4.690701 -0.682602 2
-0.017966 4.690701 -0.682602 2
-1.196141 2.835651 -1.252596 2
-1.196141 2.835651 -1.252596 2
-0.113580 2.905719 -1.085077 2
0.497230 3.873228 -0.984068 2
0.497230 3.873228 -0.984068 2
-0.145273 3.139942 -0.768498 2
-0.145273 3.139942 -0.768498 2
0.399551 4.144297 -0.752334 2
0.399551 4.144297 -0.752334 2
-0.191296 5.004182 -0.794521 2
0.212327 3.457153 -1.275190 2
-0.729345 2.985784 -0.248017 2
0.454859 4.275185 -0.846968 2
0.454859 4.275185 -0.846968 2
1.710230 2.909379 -1.764455 2
1.710230 2.909379 -1.764455 2
6.702041 4.940021 0.200358 2
6.702041 4.940021 0.200358 2
9.249807 7.421335 -0.147702 2
17.057001 1.997241 -2.393573 2
17.057001 1.997241 -2.393573 2
17.057001 1.997241 -2.393573 2
17.057001 1.997241 -2.393573 2
17.057001 1.997241 -2.393573 2
22.980093 4.743454 -0.176521 2
22.980093 4.743454 -0.176521 2
24.137945 6.725818 1.700164 2
24.137945 6.725818 1.700164 2
24.137945 6.725818 1.700164 2
24.137945 6.725818 1.700164 2
24.137945 6.725818 1.700164 2
24.137945 6.725818 1.700164 2
24.419954 4.937538 -1.061491 2
24.419954 4.937538 -1.061491 2
24.419954 4.937538 -1.061491 2
24.419954 4.937538 -1.061491 2
24.419954 4.937538 -1.061491 2
25.578207 6.125122 -0.016068 2
25.578207 6.125122 -0.016068 2
25.841345 5.482004 0.389636 2
26.096357 5.498849 -0.045925 2
26.096357 5.498849 -0.045925 2
25.053196 5.926902 -0.085856 2
25.053196 5.926902 -0.085856 2
25.223677 5.612085 -0.005067 2
25.223677 5.612085 -0.005067 2
24.935572 5.633196 0.139212 2
25.013733 5.889391 -0.116626 2
25.013733 5.889391 -0.116626 2
27.164471 7.165626 2.025630 2
27.164471 7.165626 2.025630 2
24.481623 5.989472 0.090669 2
24.481623 5.989472 0.090669 2
25.304337 5.793193 -0.316906 2
25.304337 5.793193 -0.316906 2
25.304337 5.793193 -0.316906 2
24.648436 6.113927 0.019193 2
24.648436 6.113927 0.019193 2
26.274996 7.258940 2.897033 2
26.274996 7.258940 2.897033 2
24.675842 5.563932 0.423474 2
24.675842 5.563932 0.423474 2
24.623871 6.152855 0.003995 2
25.311295 5.611766 -0.537729 2
25.311295 5.611766 -0.537729 2
24.396187 4.756147 -0.400532 2
24.396187 4.756147 -0.400532 2
24.396187 4.756147 -0.400532 2
24.396187 4.756147 -0.400532 2
24.396187 4.756147 -0.400532 2
25.071737 5.946411 -0.209153 2
25.071737 5.946411 -0.209153 2
26.820347 7.449042 1.886156 2
26.820347 7.449042 1.886156 2
26.820347 7.449042 1.886156 2
25.282661 5.867991 -0.096056 2
25.282661 5.867991 -0.096056 2
25.233648 5.737328 0.420043 2
25.233648 5.737328 0.420043 2
24.973370 5.454293 -0.345137 2
24.973370 5.454293 -0.345137 2
25.384409 5.805126 -0.443622 2
25.459864 5.980350 0.140542 2
25.459864 5.980350 0.140542 2
25.040232 5.677227 -0.207460 2
25.040232 5.677227 -0.207460 2
24.824747 6.111278 1.832261 2
24.824747 6.111278 1.832261 2
24.744047 5.567064 0.329387 2
24.744047 5.567064 0.329387 2
24.744047 5.567064 0.329387 2
27.346458 7.235959 1.713460 2
27.346458 7.235959 1.713460 2
25.087929 5.941586 0.119277 2
25.087929 5.941586 0.119277 2
24.778494 5.960186 -0.066175 2
25.850065 5.741093 0.169785 2
25.850065 5.741093 0.169785 2
25.217148 5.811041 -0.056410 2
25.217148 5.811041 -0.056410 2
25.524220 6.202377 2.882887 2
25.524220 6.202377 2.882887 2
25.371653 5.575154 0.345186 2
25.371653 5.575154 0.345186 2
25.171236 5.818505 -0.190324 2
24.532478 5.916991 0.098656 2
24.532478 5.916991 0.098656 2
24.576136 5.979278 -0.043817 2
24.576136 5.979278 -0.043817 2
25.324242 5.815993 -0.378506 2
25.451702 6.065993 0.209230 2
25.451702 6.065993 0.209230 2
25.066547 5.593082 -0.344923 2
25.066547 5.593082 -0.344923 2
24.514624 5.151252 0.530513 2
24.514624 5.151252 0.530513 2
24.514624 5.151252 0.530513 2
24.514624 5.151252 0.530513 2
24.514624 5.151252 0.530513 2
12.368692 3.527789 -0.732841 2
12.368692 3.527789 -0.732841 2
3.259141 0.519406 1.939444 2
3.259141 0.519406 1.939444 2
3.259141 0.519406 1.939444 2
1.964270 3.832122 -1.454299 2
1.964270 3.832122 -1.454299 2
2.080443 4.138130 0.379527 2
2.080443 4.138130 0.379527 2
-1.231150 4.805388 -1.480514 2
-1.231150 4.805388 -1.480514 2
0.379399 3.132984 -0.995276 2
0.853854 5.175939 0.580734 2
0.853854 5.175939 0.580734 2
0.471473 3.910712 -1.567719 2
0.471473 3.910712 -1.567719 2
-0.804359 4.074905 0.109725 2
-0.804359 4.074905 0.109725 2
-0.852699 2.537385 -0.874457 2
-0.852699 2.537385 -0.874457 2
0.173457 4.865139 -1.359277 2
-1.315550 3.917732 0.456031 2
-1.315550 3.917732 0.456031 2
-0.717362 3.594720 -1.058730 2
-0.717362 3.594720 -1.058730 2
0.201893 3.769069 -0.427945 2
0.201893 3.769069 -0.427945 2
0.933526 4.645370 -0.625784 2
-0.132932 4.891455 -1.066998 2
-0.132932 4.891455 -1.066998 2
0.430031 5.301439 -1.165296 2
0.430031 5.301439 -1.165296 2
-0.307616 3.114283 -0.947982 2
0.089524 4.116278 -0.951520 2
0.089524 4.116278 -0.951520 2
-0.164775 4.507294 -0.533119 2
-0.164775 4.507294 -0.533119 2
0.115246 3.570817 -1.236388 2
0.115246 3.570817 -1.236388 2
0.224130 4.075347 -1.079323 2
0.921061 4.407084 -0.968907 2
-0.438060 3.181082 -0.816033 2
-0.311257 3.550312 0.094911 2
-0.311257 3.550312 0.094911 2
-0.716091 4.192455 -0.826461 2
-0.716091 4.192455 -0.826461 2
-0.600118 3.127136 -0.189646 2
0.008319 4.068463 -0.182361 2
0.313503 4.271201 -0.782321 2
-1.027459 5.100076 -0.110957 2
-1.027003 3.949699 -1.287833 2
-1.027003 3.949699 -1.287833 2
0.261601 4.047297 -1.077398 2
0.413950 3.652714 -0.833883 2
-1.136733 3.370913 -0.763030 2
0.539596 4.184326 -0.659629 2
0.539596 4.184326 -0.659629 2
-1.016368 3.974157 -1.318358 2
-1.016368 3.974157 -1.318358 2
-0.523163 3.317209 -1.283577 2
-0.523163 3.317209 -1.283577 2
0.488699 3.927026 -0.215486 2
5.911857 5.201113 -0.863050 2
15.744664 9.168876 0.141406 2
15.744664 9.168876 0.141406 2
15.744664 9.168876 0.141406 2
15.744664 9.168876 0.141406 2
15.744664 9.168876 0.141406 2
15.744664 9.168876 0.141406 2
31.492235 4.489810 0.775907 2
31.492235 4.489810 0.775907 2
31.492235 4.489810 0.775907 2
31.492235 4.489810 0.775907 2
31.492235 4.489810 0.775907 2
29.819193 5.625448 1.742542 2
29.819193 5.625448 1.742542 2
29.819193 5.625448 1.742542 2
29.819193 5.625448 1.742542 2
29.819193 5.625448 1.742542 2
30.899895 5.917379 1.373842 2
30.899895 5.917379 1.373842 2
33.140465 7.015462 3.573773 2
33.140465 7.015462 3.573773 2
30.336922 5.320869 1.710098 2
29.634642 5.574086 2.088047 2
29.634642 5.574086 2.088047 2
28.285595 5.983628 1.277598 2
28.285595 5.983628 1.277598 2
28.285595 5.983628 1.277598 2
28.285595 5.983628 1.277598 2
30.966314 6.511559 1.879563 2
30.966314 6.511559 1.879563 2
30.966314 6.511559 1.879563 2
30.506186 6.101327 1.850459 2
30.506186 6.101327 1.850459 2
30.747738 5.067091 0.993670 2
30.747738 5.067091 0.993670 2
30.747738 5.067091 0.993670 2
30.442112 6.077805 1.794953 2
30.442112 6.077805 1.794953 2
30.442112 6.077805 1.794953 2
30.442112 6.077805 1.794953 2
30.442112 6.077805 1.794953 2
30.442112 6.077805 1.794953 2
30.442112 6.077805 1.794953 2
30.107119 6.624187 2.542222 2
30.107119 6.624187 2.542222 2
30.494404 5.126910 1.097653 2
30.494404 5.126910 1.097653 2
29.933487 6.030533 2.043041 2
29.933487 6.030533 2.043041 2
30.164074 5.639024 2.021284 2
30.164074 5.639024 2.021284 2
30.164074 5.639024 2.021284 2
30.323318 5.213713 1.201587 2
30.323318 5.213713 1.201587 2
30.112232 6.516472 2.485767 2
30.112232 6.516472 2.485767 2
31.393915 6.904878 1.851402 2
31.393915 6.904878 1.851402 2
31.393915 6.904878 1.851402 2
30.953205 6.029824 1.882241 2
30.953205 6.029824 1.882241 2
30.385014 5.334064 1.227840 2
30.385014 5.334064 1.227840 2
30.385014 5.334064 1.227840 2
30.385014 5.334064 1.227840 2
30.385014 5.334064 1.227840 2
30.186956 6.531853 2.572939 2
30.186956 6.531853 2.572939 2
30.186956 6.531853 2.572939 2
30.186956 6.531853 2.572939 2
31.453014 7.181439 1.794009 2
31.453014 7.181439 1.794009 2
31.453014 7.181439 1.794009 2
31.550343 6.073936 1.944916 2
31.550343 6.073936 1.944916 2
29.960562 5.731406 1.681363 2
29.960562 5.731406 1.681363 2
29.960562 5.731406 1.681363 2
29.960562 5.731406 1.681363 2
29.960562 5.731406 1.681363 2
31.841167 6.125949 1.949427 2
31.841167 6.125949 1.949427 2
30.129837 6.628479 1.557078 2
30.129837 6.628479 1.557078 2
30.129837 6.628479 1.557078 2
30.129837 6.628479 1.557078 2
30.129837 6.628479 1.557078 2
29.068529 6.069890 3.285934 2
29.068529 6.069890 3.285934 2
29.732977 5.853458 1.653298 2
29.732977 5.853458 1.653298 2
29.732977 5.853458 1.653298 2
28.137060 5.525834 0.839031 2
28.137060 5.525834 0.839031 2
6.925400 0.599564 -1.611771 2
6.254853 -0.969459 -2.000733 2
6.254853 -0.969459 -2.000733 2
0.520375 4.486070 -0.704129 2
1.124734 2.217285 -0.796915 2
0.105722 5.272698 1.609832 2
1.946709 -0.070956 -2.397145 2
0.185828 1.856684 -0.995041 2
-0.925701 5.056230 -0.516194 2
0.672553 5.283799 -0.292790 2
0.672553 5.283799 -0.292790 2
0.026300 2.701313 -1.161325 2
-0.888298 3.561167 -1.506467 2
-0.534100 4.208012 -0.846442 2
0.949169 6.853313 -0.986635 2
0.834839 4.221270 -0.305156 2
-1.447905 6.208037 -1.305965 2
-1.447905 6.208037 -1.305965 2
-0.274168 4.729093 0.149703 2
0.293316 5.211619 0.933422 2
-0.002511 2.958925 -1.107353 2
-0.014537 3.153947 -1.475473 2
0.654361 5.176673 -1.278928 2
0.654361 5.176673 -1.278928 2
1.194112 3.005937 -0.672701 2
1.194112 3.005937 -0.672701 2
0.339903 3.367250 -1.459311 2
0.008844 4.600241 -0.655592 2
0.008844 4.600241 -0.655592 2
1.092252 3.617922 -0.961828 2
1.092252 3.617922 -0.961828 2
-0.795293 5.138337 -1.281667 2
0.379333 3.914596 0.548167 2
0.379333 3.914596 0.548167 2
0.320271 3.144881 -1.035103 2
-0.592487 3.202982 -0.363058 2
0.173836 4.156972 -0.600589 2
0.173836 4.156972 -0.600589 2
-1.579581 3.078915 0.344152 2
-0.120707 3.765782 -1.508019 2
-0.787762 2.397226 -0.403172 2
-0.068714 4.271245 -0.644529 2
0.569961 4.790544 -0.837369 2
0.789712 4.708053 -1.473451 2
0.789712 4.708053 -1.473451 2
-0.112146 3.516086 -0.982243 2
0.075218 4.596566 -0.160121 2
0.075218 4.596566 -0.160121 2
0.073715 4.400236 -1.088522 2
-0.124461 3.309797 -0.793199 2
0.601330 4.671069 -1.203825 2
0.601330 4.671069 -1.203825 2
0.805609 5.076531 -1.040938 2
-0.382186 3.425553 -1.436968 2
-0.301270 3.315269 -0.889346 2
0.200892 3.991222 -1.133561 2
0.005171 4.709906 -0.504458 2
0.817366 4.766708 -0.870935 2
0.817366 4.766708 -0.870935 2
-0.830598 3.972766 -1.357977 2
-0.830598 3.972766 -1.357977 2
0.430125 3.922653 -0.961055 2
1.137239 4.992026 -0.557959 2
-0.726855 3.252759 -0.617675 2
0.491412 5.175025 -0.762554 2
0.491412 5.175025 -0.762554 2
-0.714875 5.835498 -1.336915 2
0.193711 3.545134 -1.199127 2
-0.638023 3.083948 -0.664549 2
-0.036388 4.097281 -0.762744 2
0.621328 4.820766 -0.704665 2
-1.603380 3.185425 0.286788 2
-1.603380 3.185425 0.286788 2
0.107497 3.244049 -1.144116 2
-0.142401 4.451257 -0.913088 2
0.601771 4.730323 -0.740335 2
1.055166 4.936957 -1.552186 2
-0.231966 2.790566 -1.574409 2
-0.301747 3.932345 -0.870428 2
-0.498031 4.200997 -0.118021 2
-0.498031 4.200997 -0.118021 2
-0.621794 2.935106 -0.668411 2
0.011150 3.467771 -0.764716 2
0.337370 4.182467 -0.775143 2
-0.254567 4.066617 -0.506674 2
-0.254567 4.066617 -0.506674 2
-0.254567 4.066617 -0.506674 2
-0.435671 2.502493 -0.840970 2
0.337882 4.337825 -0.899690 2
-0.068266 4.780491 -0.889893 2
0.219352 2.752485 -1.134432 2
0.219352 2.752485 -1.134432 2
4.021586 0.893776 0.122130 2
4.021586 0.893776 0.122130 2
8.574080 7.608821 -0.517008 2
8.574080 7.608821 -0.517008 2
14.241873 0.471373 -1.472088 2
14.241873 0.471373 -1.472088 2
20.584997 6.659207 1.901961 2
20.584997 6.659207 1.901961 2
20.584997 6.659207 1.901961 2
27.558643 5.387875 -0.468335 2
27.558643 5.387875 -0.468335 2
27.558643 5.387875 -0.468335 2
27.558643 5.387875 -0.468335 2
27.558643 5.387875 -0.468335 2
27.558643 5.387875 -0.468335 2
27.558643 5.387875 -0.468335 2
27.558643 5.387875 -0.468335 2
27.558643 5.387875 -0.468335 2
27.558643 5.387875 -0.468335 2
27.558643 5.387875 -0.468335 2
27.558643 5.387875 -0.468335 2
27.558643 5.387875 -0.468335 2
27.558643 5.387875 -0.468335 2
31.122240 7.933148 4.056063 2
31.122240 7.933148 4.056063 2
31.122240 7.933148 4.056063 2
31.122240 7.933148 4.056063 2
29.629946 5.875902 0.534991 2
29.969213 6.035750 2.120850 2
29.969213 6.035750 2.120850 2
30.902191 6.574174 1.506879 2
30.902191 6.574174 1.506879 2
30.902191 6.574174 1.506879 2
30.902191 6.574174 1.506879 2
31.321001 6.004374 1.887461 2
31.321001 6.004374 1.887461 2
31.321001 6.004374 1.887461 2
30.221739 5.313117 1.349168 2
30.221739 5.313117 1.349168 2
30.713297 5.341834 1.525059 2
30.713297 5.341834 1.525059 2
30.038082 5.681179 1.728359 2
29.872274 5.918486 1.490292 2
29.872274 5.918486 1.490292 2
29.872274 5.918486 1.490292 2
29.872274 5.918486 1.490292 2
29.872274 5.918486 1.490292 2
29.872274 5.918486 1.490292 2
29.872274 5.918486 1.490292 2
29.872274 5.918486 1.490292 2
30.822811 6.608616 1.408875 2
30.854612 5.321146 1.104247 2
30.854612 5.321146 1.104247 2
30.311684 5.367748 1.207249 2
30.311684 5.367748 1.207249 2
29.755732 5.573705 1.757809 2
30.818676 5.466411 0.954968 2
30.818676 5.466411 0.954968 2
29.908541 6.657220 1.596369 2
29.908541 6.657220 1.596369 2
29.908541 6.657220 1.596369 2
29.908541 6.657220 1.596369 2
29.908541 6.657220 1.596369 2
29.908541 6.657220 1.596369 2
30.087252 7.801393 1.899323 2
30.087252 7.801393 1.899323 2
30.087252 7.801393 1.899323 2
30.906160 4.989581 0.871149 2
31.247564 6.687549 1.994483 2
31.247564 6.687549 1.994483 2
28.781267 6.800379 2.647604 2
28.781267 6.800379 2.647604 2
30.633801 6.921027 1.901022 2
30.633801 6.921027 1.901022 2
30.633801 6.921027 1.901022 2
30.633801 6.921027 1.901022 2
30.633801 6.921027 1.901022 2
30.633801 6.921027 1.901022 2
30.633801 6.921027 1.901022 2
30.633801 6.921027 1.901022 2
30.633801 6.921027 1.901022 2
30.633801 6.921027 1.901022 2
30.633801 6.921027 1.901022 2
30.587019 5.220109 0.971790 2
30.587019 5.220109 0.971790 2
30.587019 5.220109 0.971790 2
30.179138 5.702786 1.963755 2
30.179138 5.702786 1.963755 2
30.179138 5.702786 1.963755 2
30.179138 5.702786 1.963755 2
30.179138 5.702786 1.963755 2
30.179138 5.702786 1.963755 2
30.179138 5.702786 1.963755 2
30.179138 5.702786 1.963755 2
30.179138 5.702786 1.963755 2
30.480312 5.808640 1.903369 2
31.080288 6.596031 1.841429 2
31.190731 7.351617 1.702049 2
31.190731 7.351617 1.702049 2
31.190731 7.351617 1.702049 2
27.690575 5.901173 0.341228 2
27.690575 5.901173 0.341228 2
20.706755 4.906830 0.467761 2
20.706755 4.906830 0.467761 2
14.316290 6.159118 -0.094251 2
14.616668 2.973668 -1.480796 2
10.621579 4.162652 -0.382725 2
8.623316 -0.342857 -1.817077 2
0.753294 6.530501 -1.176623 2
7.650378 -0.238458 -0.353335 2
7.650378 -0.238458 -0.353335 2
-0.236965 5.803733 1.081827 2
5.065354 -2.958606 -2.310951 2
-1.025034 5.195793 -1.383039 2
-1.396471 6.221115 -0.464329 2
0.933423 5.081991 -0.202802 2
0.933423 5.081991 -0.202802 2
-0.386599 2.811708 -1.241474 2
-0.386599 2.811708 -1.241474 2
-0.414151 4.339573 -0.291272 2
-0.414151 4.339573 -0.291272 2
0.445394 4.693946 0.353928 2
-0.037174 2.648827 -1.379558 2
0.611845 4.543750 -1.630497 2
-0.715120 4.345127 -0.076223 2
0.294117 4.229960 0.089187 2
-0.356882 3.399752 -1.510107 2
0.342288 3.841341 -1.874223 2
-0.067117 4.631565 -0.733061 2
-1.361734 6.591969 -1.477154 2
-0.043418 2.779188 -1.120202 2
-0.043418 2.779188 -1.120202 2
-0.699038 2.345120 -1.178091 2
-0.058792 4.020672 0.172471 2
-0.058792 4.020672 0.172471 2
0.388690 4.574918 -1.075596 2
-0.265794 3.511386 -0.679998 2
-0.055605 4.401058 -1.045086 2
0.170722 4.207865 -0.706111 2
0.170722 4.207865 -0.706111 2
0.202984 3.270830 -1.558975 2
-1.014121 4.104408 -0.926486 2
-0.058737 4.511219 -0.544337 2
0.367488 4.685853 -0.821406 2
0.947036 4.312592 -1.301676 2
0.351868 3.002390 -1.128570 2
-0.976391 3.268033 -0.953134 2
-0.144783 4.584568 -0.191635 2
0.598824 6.116268 -1.322753 2
-0.232718 3.486763 -1.260830 2
-0.180265 3.642517 -0.984093 2
0.208523 4.117760 -1.020499 2
-0.098395 4.423508 -0.537027 2
0.824379 6.745660 1.109758 2
-0.546874 3.527693 -1.381639 2
0.250290 3.178740 -1.520107 2
0.223940 4.146361 -1.180914 2
-0.023288 4.786851 -0.839405 2
2.120609 4.975884 -0.706187 2
-0.538930 3.058748 -0.792479 2
-0.266190 3.192902 -0.058043 2
0.481425 4.489183 0.045864 2
0.481425 4.489183 0.045864 2
0.109774 3.924554 -1.191016 2
0.109774 3.924554 -1.191016 2
0.243322 4.212976 -0.846103 2
0.200030 4.034612 -0.804087 2
-1.377653 3.504663 0.346286 2
-0.038961 3.336685 -1.485223 2
-0.038961 3.336685 -1.485223 2
-0.106251 4.358531 -0.544064 2
0.415177 4.683238 -0.842213 2
0.415177 4.683238 -0.842213 2
0.067985 2.962125 -0.977161 2
0.188138 4.426604 -1.086126 2
-0.328761 3.889791 -0.366805 2
0.443255 5.496979 -1.180997 2
-0.005034 2.790351 -1.234626 2
-0.095821 3.323705 -1.016702 2
0.281347 4.073713 -1.067122 2
-0.578642 2.844404 -0.590399 2
0.468369 4.287643 -0.813168 2
-0.471969 3.546725 -1.386301 2
-0.428785 3.438311 -1.405404 2
0.521517 4.199988 -0.851036 2
-0.245661 5.349928 -1.071112 2
1.023293 4.190986 -1.087769 2
0.106710 3.012957 -0.713776 2
0.861371 5.129489 -0.954959 2
0.539291 4.134602 -0.538318 2
