0.889794 0.786429 -2.208466 2
0.889794 0.786429 -2.208466 2
-0.275131 -0.524995 -3.333946 2
0.258622 -0.914253 -3.387442 2
0.253204 -0.647608 -3.267701 2
0.341569 -0.841113 -3.312912 2
0.019650 -0.600851 -3.758868 2
0.593548 -0.700065 -3.220884 2
2.006142 -0.328999 -2.325730 2
0.444379 0.475925 -2.242806 2
0.444379 0.475925 -2.242806 2
2.074828 2.711355 -2.255635 2
2.074828 2.711355 -2.255635 2
0.161223 -0.338295 -3.270721 2
-0.317936 2.095595 -1.877121 2
4.737404 7.255569 -1.911831 2
0.210996 1.778650 -2.093585 2
2.555048 2.642219 -2.263913 2
2.424981 3.559831 -1.963267 2
1.697990 2.798270 -2.500903 2
0.502433 0.938135 -2.124966 2
1.806680 2.845005 -2.509155 2
1.232209 2.029197 -2.055180 2
1.232209 2.029197 -2.055180 2
1.987621 2.314099 -2.224051 2
-0.433370 0.005704 -1.388874 2
2.109160 2.551996 -2.464350 2
1.331873 2.211736 -2.172681 2
1.322102 2.368180 -2.121998 2
1.085012 2.008861 -2.102039 2
0.929842 0.593923 -2.158628 2
1.388138 2.418277 -2.376830 2
-0.108709 2.308613 -2.660641 2
-0.108709 2.308613 -2.660641 2
-0.243150 3.524214 -1.055820 2
1.881028 2.618678 -1.807411 2
1.448681 3.232747 -0.995170 2
0.999676 2.647747 -2.268289 2
0.279397 0.103161 -1.838308 2
0.576334 1.459596 -2.805681 2
0.576334 1.459596 -2.805681 2
0.576334 1.459596 -2.805681 2
0.576334 1.459596 -2.805681 2
0.807850 2.362997 -2.068279 2
-0.067546 3.625669 -3.270077 2
2.018218 2.927498 -1.744798 2
2.470227 3.282305 -1.511098 2
2.349137 5.718925 -2.203399 2
0.769243 2.606298 -1.615245 2
1.971475 1.973153 -2.195059 2
2.176184 2.386693 -1.857778 2
-0.105504 3.861950 -2.208490 2
1.748514 2.461255 -1.636074 2
1.748514 2.461255 -1.636074 2
1.596165 0.440211 -2.061851 2
-0.143734 2.674115 -2.377269 2
-0.143734 2.674115 -2.377269 2
-0.143734 2.674115 -2.377269 2
-0.143734 2.674115 -2.377269 2
1.408741 2.209954 -2.363851 2
-0.048656 4.171515 -2.315545 2
-0.048656 4.171515 -2.315545 2
-0.048656 4.171515 -2.315545 2
-0.048656 4.171515 -2.315545 2
-0.048656 4.171515 -2.315545 2
-0.441364 3.423763 -2.413025 2
-0.441364 3.423763 -2.413025 2
2.107143 2.739078 -1.743345 2
2.107143 2.739078 -1.743345 2
-0.857914 3.240562 -2.398843 2
-0.857914 3.240562 -2.398843 2
-0.857914 3.240562 -2.398843 2
1.264172 0.874496 -1.734353 2
2.051120 3.486374 -1.876839 2
-0.798846 3.161814 -2.384084 2
-0.798846 3.161814 -2.384084 2
1.676469 2.497512 -1.394816 2
1.676469 2.497512 -1.394816 2
1.676469 2.497512 -1.394816 2
1.182856 2.011611 -2.148746 2
-0.032653 3.467647 -2.993260 2
1.641357 3.257833 -1.390322 2
2.879160 4.337981 -1.793805 2
1.188579 2.394388 -2.287732 2
1.188579 2.394388 -2.287732 2
2.402175 3.078524 -1.581116 2
2.402175 3.078524 -1.581116 2
0.934223 4.480267 -1.507505 2
0.934223 4.480267 -1.507505 2
0.236355 3.178136 -2.445647 2
0.450456 3.746092 -2.954304 2
0.450456 3.746092 -2.954304 2
1.271614 4.484396 -1.672762 2
1.271614 4.484396 -1.672762 2
2.813761 2.759885 -2.374496 2
-0.270487 2.742561 -2.176176 2
-0.270487 2.742561 -2.176176 2
1.178404 4.567489 -1.751482 2
1.178404 4.567489 -1.751482 2
1.707897 3.508164 -1.412539 2
0.871522 0.757629 -2.186011 2
1.840949 1.031654 -2.807362 2
2.915062 1.326144 -2.149301 2
2.915062 1.326144 -2.149301 2
9.490731 2.918088 -1.811496 2
9.490731 2.918088 -1.811496 2
9.093145 -0.106940 -0.844964 2
9.402040 2.858907 -1.405810 2
9.402040 2.858907 -1.405810 2
10.038186 4.306169 -1.823373 2
9.440671 3.698558 -1.335676 2
8.357724 2.524619 -1.071604 2
8.357724 2.524619 -1.071604 2
14.253774 8.803928 -1.542451 2
10.601072 4.278015 -1.003166 2
10.310203 3.003975 -1.259427 2
9.897305 2.707763 -1.367062 2
9.897305 2.707763 -1.367062 2
13.107267 0.822769 -0.154837 2
13.107267 0.822769 -0.154837 2
10.027913 2.924990 -1.558898 2
10.027913 2.924990 -1.558898 2
9.626741 2.728113 -1.378884 2
9.968112 4.087182 -0.691196 2
9.968112 4.087182 -0.691196 2
9.581188 3.087123 -2.181061 2
9.581188 3.087123 -2.181061 2
9.898844 2.684629 -0.470607 2
10.475756 5.027464 -0.841826 2
10.475756 5.027464 -0.841826 2
10.629712 4.496366 -0.867646 2
10.629712 4.496366 -0.867646 2
10.629712 4.496366 -0.867646 2
9.200750 3.183425 -1.090487 2
9.200750 3.183425 -1.090487 2
9.658392 3.343304 -1.758955 2
9.927649 3.673395 -2.249974 2
9.177779 1.101254 -0.784332 2
9.578303 3.324989 -1.128935 2
10.363708 4.812483 -0.768715 2
10.363708 4.812483 -0.768715 2
8.876510 1.357064 -2.812351 2
8.756593 0.756144 -1.074625 2
9.529206 3.064193 -1.104283 2
9.529206 3.064193 -1.104283 2
10.475256 5.048908 -0.748309 2
9.746582 2.607902 -0.422459 2
9.746582 2.607902 -0.422459 2
11.851542 5.701795 -1.266691 2
11.851542 5.701795 -1.266691 2
10.071415 6.400240 0.117846 2
9.686681 2.444771 -2.127064 2
9.308329 2.722346 -1.356196 2
12.154342 6.412458 -0.975835 2
12.154342 6.412458 -0.975835 2
12.154342 6.412458 -0.975835 2
11.894654 4.147199 -2.165406 2
11.894654 4.147199 -2.165406 2
10.918749 4.921127 -0.943981 2
10.918749 4.921127 -0.943981 2
11.611289 5.613366 -1.724235 2
11.611289 5.613366 -1.724235 2
11.269403 4.916772 -1.521291 2
10.189602 3.196718 -0.251059 2
11.099284 4.942342 -0.923623 2
15.647505 9.420412 1.658010 2
15.647505 9.420412 1.658010 2
9.071944 1.214355 -0.460026 2
9.071944 1.214355 -0.460026 2
11.620067 5.887372 -1.648175 2
11.620067 5.887372 -1.648175 2
10.499916 5.512411 -1.264408 2
8.954513 3.621658 -2.369715 2
9.907071 5.086702 -1.626490 2
9.871193 4.620040 -1.780799 2
9.871193 4.620040 -1.780799 2
10.104320 4.850221 -2.120392 2
9.625903 3.440055 -1.741590 2
11.047934 1.331771 -0.813275 2
11.625188 5.618396 -1.810812 2
11.625188 5.618396 -1.810812 2
9.096142 3.326931 -1.943189 2
9.096142 3.326931 -1.943189 2
8.375365 2.377909 -0.263568 2
9.897304 2.515554 -1.212913 2
10.031451 4.010071 -0.811257 2
10.031451 4.010071 -0.811257 2
9.849673 3.203291 -1.517796 2
11.535935 5.560110 -1.758134 2
11.535935 5.560110 -1.758134 2
10.036564 4.139614 -0.764945 2
10.036564 4.139614 -0.764945 2
10.036564 4.139614 -0.764945 2
9.593427 3.240546 -0.882059 2
9.593427 3.240546 -0.882059 2
10.094382 4.516593 -0.943227 2
10.094382 4.516593 -0.943227 2
9.585502 3.306967 -1.649671 2
9.561958 3.088833 -2.354801 2
9.561958 3.088833 -2.354801 2
9.561958 3.088833 -2.354801 2
9.561958 3.088833 -2.354801 2
8.234506 4.151761 -0.942847 2
8.234506 4.151761 -0.942847 2
8.234506 4.151761 -0.942847 2
3.235692 1.279711 -1.369917 2
3.235692 1.279711 -1.369917 2
1.478825 2.061865 -2.127484 2
1.478825 2.061865 -2.127484 2
1.636319 1.707766 -2.029784 2
1.636319 1.707766 -2.029784 2
2.689137 4.154871 -1.244563 2
2.689137 4.154871 -1.244563 2
1.126333 1.176239 -2.396121 2
1.062683 2.189426 -1.720528 2
1.062683 2.189426 -1.720528 2
3.050718 5.699318 -1.490528 2
3.050718 5.699318 -1.490528 2
0.062750 0.909626 -1.412914 2
0.062750 0.909626 -1.412914 2
1.042751 2.885341 -0.947102 2
4.322889 7.412095 -3.152228 2
4.322889 7.412095 -3.152228 2
0.251967 1.626662 -1.827735 2
0.251967 1.626662 -1.827735 2
0.431966 1.358881 -1.071765 2
0.431966 1.358881 -1.071765 2
0.431966 1.358881 -1.071765 2
0.210577 0.283502 -1.850132 2
0.210577 0.283502 -1.850132 2
0.802824 0.795375 -1.852690 2
0.802824 0.795375 -1.852690 2
1.176819 3.949254 -2.623927 2
1.176819 3.949254 -2.623927 2
1.443657 -0.066503 -2.399587 2
2.584358 2.106751 -1.336938 2
2.584358 2.106751 -1.336938 2
-3.454651 -3.168336 -2.049660 2
-3.454651 -3.168336 -2.049660 2
1.229616 0.297401 -2.327551 2
0.901994 0.723147 -1.675393 2
6.074216 7.003526 -1.190501 2
0.527104 2.045784 -1.697233 2
0.527104 2.045784 -1.697233 2
0.673981 0.623822 -1.673141 2
0.673981 0.623822 -1.673141 2
0.673981 0.623822 -1.673141 2
3.505744 4.358080 -1.372654 2
0.800511 2.330770 -1.445271 2
0.950813 1.129228 -2.294657 2
0.950813 1.129228 -2.294657 2
5.469797 8.223345 -1.443907 2
5.469797 8.223345 -1.443907 2
5.469797 8.223345 -1.443907 2
5.469797 8.223345 -1.443907 2
0.330517 3.627066 -3.064456 2
1.354535 1.498380 -1.549079 2
1.354535 1.498380 -1.549079 2
1.354535 1.498380 -1.549079 2
1.354535 1.498380 -1.549079 2
1.712605 0.237514 -2.017046 2
0.753588 1.191682 -1.777165 2
0.753588 1.191682 -1.777165 2
2.097525 4.490154 -1.626146 2
2.097525 4.490154 -1.626146 2
0.849808 0.704088 -1.663958 2
0.849808 0.704088 -1.663958 2
0.988185 2.296191 -1.863554 2
1.199567 2.189144 -1.703174 2
1.199567 2.189144 -1.703174 2
0.379708 0.722056 -1.654738 2
0.379708 0.722056 -1.654738 2
1.447500 3.274068 -2.038440 2
1.447500 3.274068 -2.038440 2
0.161938 2.181607 -2.035173 2
0.161938 2.181607 -2.035173 2
0.160097 0.839955 -1.389861 2
3.732056 3.864146 -1.232705 2
3.732056 3.864146 -1.232705 2
1.022714 2.232216 -2.158403 2
1.022714 2.232216 -2.158403 2
2.044462 2.271867 -1.681272 2
2.044462 2.271867 -1.681272 2
2.044462 2.271867 -1.681272 2
2.044462 2.271867 -1.681272 2
2.044462 2.271867 -1.681272 2
0.539083 2.587920 -2.393086 2
0.539083 2.587920 -2.393086 2
2.418512 2.768060 -1.330056 2
2.418512 2.768060 -1.330056 2
1.331429 -0.085950 -2.425503 2
0.550199 1.547786 -1.637383 2
0.550199 1.547786 -1.637383 2
2.541749 3.172706 -2.022069 2
2.541749 3.172706 -2.022069 2
1.533633 -0.240037 -2.451400 2
1.533633 -0.240037 -2.451400 2
0.599798 0.651094 -1.693746 2
2.877744 1.705216 -1.249381 2
2.877744 1.705216 -1.249381 2
4.219498 4.264123 -1.738618 2
4.219498 4.264123 -1.738618 2
1.871847 1.225306 -4.118309 2
1.871847 1.225306 -4.118309 2
6.411928 4.327249 0.252116 2
9.496527 2.348757 -1.970540 2
9.496527 2.348757 -1.970540 2
9.522710 2.629636 -0.392216 2
9.522710 2.629636 -0.392216 2
11.207866 6.547913 -0.819830 2
11.207866 6.547913 -0.819830 2
9.488488 2.829947 -1.903764 2
10.905173 6.064031 -2.241297 2
10.905173 6.064031 -2.241297 2
8.826329 3.141339 -1.325251 2
8.826329 3.141339 -1.325251 2
9.329152 1.013963 -3.425520 2
9.329152 1.013963 -3.425520 2
9.568388 4.279284 -2.731673 2
8.984025 1.706684 -1.443946 2
8.984025 1.706684 -1.443946 2
10.529390 3.385808 -2.328832 2
10.529390 3.385808 -2.328832 2
11.033464 5.741908 -1.436397 2
11.033464 5.741908 -1.436397 2
11.620687 6.293555 -0.975039 2
9.480612 3.266006 -1.931155 2
9.480612 3.266006 -1.931155 2
10.524275 5.198471 -1.031267 2
10.524275 5.198471 -1.031267 2
11.045626 5.193623 -0.966359 2
11.045626 5.193623 -0.966359 2
11.045626 5.193623 -0.966359 2
11.045626 5.193623 -0.966359 2
10.145959 4.401272 -1.148691 2
11.510771 5.690478 -1.681546 2
11.510771 5.690478 -1.681546 2
9.798146 4.431176 -1.108140 2
9.798146 4.431176 -1.108140 2
9.730000 4.223398 -2.561142 2
9.562032 2.717007 -1.352389 2
9.562032 2.717007 -1.352389 2
9.818240 3.664274 -1.703952 2
9.818240 3.664274 -1.703952 2
9.911291 1.547619 -1.896121 2
9.911291 1.547619 -1.896121 2
9.974384 6.679276 0.227404 2
9.893737 2.766078 -1.781231 2
9.893737 2.766078 -1.781231 2
11.738162 5.893001 -1.646086 2
11.738162 5.893001 -1.646086 2
9.884375 3.314390 -1.828450 2
9.884375 3.314390 -1.828450 2
9.681977 1.943369 -1.478665 2
9.681977 1.943369 -1.478665 2
10.466479 6.592204 -2.581952 2
10.570340 2.347220 -1.475126 2
10.570340 2.347220 -1.475126 2
8.943833 1.474748 -2.092463 2
8.943833 1.474748 -2.092463 2
8.943833 1.474748 -2.092463 2
8.943833 1.474748 -2.092463 2
8.943833 1.474748 -2.092463 2
9.933472 3.657242 -2.172568 2
9.933472 3.657242 -2.172568 2
10.483852 4.990316 -1.392138 2
10.483852 4.990316 -1.392138 2
10.483852 4.990316 -1.392138 2
9.101068 3.066665 -1.646919 2
9.205297 2.760431 -2.049112 2
8.469598 1.354258 -1.375088 2
8.469598 1.354258 -1.375088 2
10.367830 4.209191 -1.988217 2
10.367830 4.209191 -1.988217 2
10.197988 1.226242 -1.885554 2
10.905378 5.549882 -1.407153 2
10.905378 5.549882 -1.407153 2
11.472695 3.770158 -3.584064 2
11.472695 3.770158 -3.584064 2
10.739693 4.576517 -1.801617 2
10.739693 4.576517 -1.801617 2
10.940765 4.903056 -1.548059 2
9.682912 1.733818 -1.893943 2
9.682912 1.733818 -1.893943 2
9.243526 2.680706 -2.146041 2
9.243526 2.680706 -2.146041 2
9.731375 1.927995 -1.795487 2
9.731375 1.927995 -1.795487 2
8.834229 3.689269 -4.621438 2
9.000612 2.891528 -2.069870 2
9.000612 2.891528 -2.069870 2
11.933563 1.828368 -1.300027 2
11.933563 1.828368 -1.300027 2
10.107414 4.587421 -2.031299 2
10.107414 4.587421 -2.031299 2
8.610613 1.019920 -2.255104 2
11.587162 5.725887 -1.625052 2
11.587162 5.725887 -1.625052 2
9.695590 3.295979 -1.709309 2
9.695590 3.295979 -1.709309 2
8.488770 1.063496 -0.646476 2
8.488770 1.063496 -0.646476 2
7.805548 3.418865 -0.620416 2
7.439785 5.775980 -1.532162 2
7.439785 5.775980 -1.532162 2
4.360661 4.017136 -1.313442 2
4.360661 4.017136 -1.313442 2
4.360661 4.017136 -1.313442 2
4.360661 4.017136 -1.313442 2
4.360661 4.017136 -1.313442 2
4.360661 4.017136 -1.313442 2
4.360661 4.017136 -1.313442 2
0.768663 0.850347 -2.315455 2
0.768663 0.850347 -2.315455 2
0.465645 1.571808 -2.075645 2
0.465645 1.571808 -2.075645 2
0.274579 0.941609 -1.508825 2
2.401030 4.069331 -1.316573 2
2.401030 4.069331 -1.316573 2
4.922244 8.670367 -1.828217 2
4.922244 8.670367 -1.828217 2
0.415825 1.213435 -1.857981 2
0.415825 1.213435 -1.857981 2
1.646486 4.384147 -2.012101 2
1.646486 4.384147 -2.012101 2
1.646486 4.384147 -2.012101 2
0.224061 0.496767 -1.769793 2
0.224061 0.496767 -1.769793 2
0.326853 2.477417 -2.180297 2
0.326853 2.477417 -2.180297 2
0.326853 2.477417 -2.180297 2
1.099219 0.021092 -2.369421 2
1.099219 0.021092 -2.369421 2
1.903929 3.013357 -1.894061 2
1.903929 3.013357 -1.894061 2
1.903929 3.013357 -1.894061 2
1.903929 3.013357 -1.894061 2
0.952526 2.076957 -1.735688 2
-0.682528 3.264465 -2.206031 2
2.717741 2.882741 -1.661565 2
1.972980 2.917434 -0.980206 2
1.972980 2.917434 -0.980206 2
-0.150751 3.715635 -2.242218 2
-0.150751 3.715635 -2.242218 2
1.847228 2.485826 -2.115993 2
4.387895 6.015820 -0.926729 2
4.036180 7.170729 -2.089200 2
1.455298 2.934072 -2.355869 2
1.455298 2.934072 -2.355869 2
2.051774 2.082204 -1.862233 2
2.051774 2.082204 -1.862233 2
2.051774 2.082204 -1.862233 2
1.449635 2.312535 -2.696270 2
0.714682 0.567383 -2.041906 2
-0.488537 3.042408 -2.171597 2
-0.488537 3.042408 -2.171597 2
0.991232 4.720216 -1.860526 2
0.991232 4.720216 -1.860526 2
1.293712 2.302134 -2.155642 2
3.579454 5.855497 -1.310624 2
3.579454 5.855497 -1.310624 2
3.579454 5.855497 -1.310624 2
3.579454 5.855497 -1.310624 2
-0.054408 3.106588 -2.045359 2
-0.054408 3.106588 -2.045359 2
3.682729 6.177402 -1.222849 2
3.021807 4.507345 -1.266083 2
3.021807 4.507345 -1.266083 2
0.398341 1.285245 -2.234223 2
0.398341 1.285245 -2.234223 2
2.249061 1.716846 -1.671889 2
2.249061 1.716846 -1.671889 2
3.187346 6.438246 -2.571586 2
-0.225906 0.191453 -1.911596 2
-0.225906 0.191453 -1.911596 2
0.381755 1.949848 -1.800686 2
1.148244 4.755214 -1.931034 2
1.148244 4.755214 -1.931034 2
1.148244 4.755214 -1.931034 2
0.381643 0.501717 -1.846168 2
1.206602 4.716443 -1.827744 2
1.206602 4.716443 -1.827744 2
1.206602 4.716443 -1.827744 2
1.206602 4.716443 -1.827744 2
1.192207 0.522345 -1.554424 2
1.192207 0.522345 -1.554424 2
1.751300 2.542135 -1.981064 2
1.751300 2.542135 -1.981064 2
1.751300 2.542135 -1.981064 2
-0.862612 3.392164 -1.884597 2
-0.862612 3.392164 -1.884597 2
2.320555 4.501687 -1.898014 2
2.320555 4.501687 -1.898014 2
0.202705 1.500254 -2.260653 2
1.338570 2.984490 -2.126564 2
0.920749 1.970039 -1.552828 2
3.707223 6.060680 -1.370419 2
3.707223 6.060680 -1.370419 2
2.189693 2.548504 -1.654677 2
2.189693 2.548504 -1.654677 2
1.001778 0.663536 -1.752691 2
1.001778 0.663536 -1.752691 2
1.001778 0.663536 -1.752691 2
10.347957 4.981747 -1.604497 2
10.347957 4.981747 -1.604497 2
11.512115 0.627538 -2.451973 2
11.512115 0.627538 -2.451973 2
11.512115 0.627538 -2.451973 2
11.512115 0.627538 -2.451973 2
11.512115 0.627538 -2.451973 2
18.051340 2.248142 -2.721535 2
18.051340 2.248142 -2.721535 2
14.987547 1.864803 -1.983396 2
14.987547 1.864803 -1.983396 2
16.497715 3.060965 -2.353791 2
16.228123 3.276526 -2.286113 2
16.228123 3.276526 -2.286113 2
16.077215 3.604342 -2.174717 2
16.077215 3.604342 -2.174717 2
16.602787 1.000327 -2.244414 2
16.602787 1.000327 -2.244414 2
16.602787 1.000327 -2.244414 2
16.602787 1.000327 -2.244414 2
16.602787 1.000327 -2.244414 2
17.633238 1.971062 -2.220476 2
17.633238 1.971062 -2.220476 2
16.705463 1.878201 -2.288342 2
16.705463 1.878201 -2.288342 2
17.307697 1.819872 -2.440198 2
17.307697 1.819872 -2.440198 2
17.307697 1.819872 -2.440198 2
17.307697 1.819872 -2.440198 2
17.307697 1.819872 -2.440198 2
16.041672 3.336832 -2.465564 2
16.041672 3.336832 -2.465564 2
16.216391 0.868403 -2.396065 2
17.070339 1.372546 -2.226922 2
17.070339 1.372546 -2.226922 2
16.226330 1.222982 -2.231391 2
16.226330 1.222982 -2.231391 2
16.226330 1.222982 -2.231391 2
16.226330 1.222982 -2.231391 2
16.010532 3.296262 -2.251398 2
16.010532 3.296262 -2.251398 2
16.010532 3.296262 -2.251398 2
16.010532 3.296262 -2.251398 2
16.010532 3.296262 -2.251398 2
19.467834 5.063259 -1.369532 2
19.467834 5.063259 -1.369532 2
19.467834 5.063259 -1.369532 2
19.467834 5.063259 -1.369532 2
19.467834 5.063259 -1.369532 2
16.703930 1.699853 -2.550300 2
16.703930 1.699853 -2.550300 2
17.231720 2.363083 -2.041990 2
17.231720 2.363083 -2.041990 2
16.539684 3.348780 -2.677583 2
16.539684 3.348780 -2.677583 2
17.224432 2.325701 -1.910093 2
17.224432 2.325701 -1.910093 2
17.224432 2.325701 -1.910093 2
16.538790 3.243624 -2.648557 2
16.538790 3.243624 -2.648557 2
16.128248 3.777448 -2.094029 2
16.128248 3.777448 -2.094029 2
16.128248 3.777448 -2.094029 2
16.128248 3.777448 -2.094029 2
16.556950 3.310551 -2.560732 2
17.816156 1.587111 -2.346166 2
17.816156 1.587111 -2.346166 2
17.816156 1.587111 -2.346166 2
16.489992 3.299054 -2.553562 2
16.489992 3.299054 -2.553562 2
16.320156 2.219661 -1.912132 2
16.320156 2.219661 -1.912132 2
16.206388 3.423992 -2.538586 2
16.206388 3.423992 -2.538586 2
16.206388 3.423992 -2.538586 2
16.206388 3.423992 -2.538586 2
16.206388 3.423992 -2.538586 2
16.211851 3.442109 -2.544624 2
16.211851 3.442109 -2.544624 2
16.211851 3.442109 -2.544624 2
16.211851 3.442109 -2.544624 2
16.198559 3.353142 -2.437093 2
16.198559 3.353142 -2.437093 2
16.198559 3.353142 -2.437093 2
16.105692 3.510957 -2.364251 2
16.105692 3.510957 -2.364251 2
16.052433 3.226045 -2.262084 2
16.052433 3.226045 -2.262084 2
16.052433 3.226045 -2.262084 2
16.052433 3.226045 -2.262084 2
16.052433 3.226045 -2.262084 2
16.052433 3.226045 -2.262084 2
16.052433 3.226045 -2.262084 2
16.052433 3.226045 -2.262084 2
16.052433 3.226045 -2.262084 2
16.671335 1.966075 -2.301513 2
16.671335 1.966075 -2.301513 2
16.671335 1.966075 -2.301513 2
16.671335 1.966075 -2.301513 2
16.671335 1.966075 -2.301513 2
9.215763 4.002260 -1.760872 2
9.215763 4.002260 -1.760872 2
6.666520 2.288326 -2.404996 2
5.822300 -0.695190 -2.012208 2
5.822300 -0.695190 -2.012208 2
-0.488069 1.418576 -2.790475 2
-0.488069 1.418576 -2.790475 2
2.023263 1.880084 -1.257850 2
2.023263 1.880084 -1.257850 2
4.058252 0.775115 -0.983764 2
4.058252 0.775115 -0.983764 2
0.924050 -0.310310 -1.718220 2
1.097906 0.625122 -1.835591 2
1.097906 0.625122 -1.835591 2
1.931800 4.771866 -1.402305 2
1.931800 4.771866 -1.402305 2
0.961478 0.643956 -2.353944 2
0.412395 1.072472 -0.865875 2
2.291452 3.000587 -1.825404 2
0.147372 3.856454 -1.423361 2
0.147372 3.856454 -1.423361 2
0.276080 2.450402 -1.752082 2
0.276080 2.450402 -1.752082 2
2.621993 3.143146 -1.921626 2
2.438269 4.328945 -1.747554 2
2.438269 4.328945 -1.747554 2
0.368896 1.299368 -1.871635 2
0.368896 1.299368 -1.871635 2
0.857970 0.635528 -1.498841 2
0.857970 0.635528 -1.498841 2
5.607525 8.106742 -2.578315 2
2.054540 2.456129 -1.284889 2
2.054540 2.456129 -1.284889 2
-0.411029 3.198205 -2.056244 2
-0.411029 3.198205 -2.056244 2
-0.411029 3.198205 -2.056244 2
-0.411029 3.198205 -2.056244 2
1.352898 1.074974 -1.990568 2
0.740161 1.289330 -1.783661 2
0.740161 1.289330 -1.783661 2
2.911063 5.512393 -1.149264 2
2.911063 5.512393 -1.149264 2
0.981471 1.230119 -2.139170 2
0.981471 1.230119 -2.139170 2
1.442992 1.691729 -1.164159 2
0.766365 2.642477 -1.565551 2
0.766365 2.642477 -1.565551 2
0.545901 2.033372 -1.915827 2
0.545901 2.033372 -1.915827 2
0.451655 1.123159 -1.287519 2
0.451655 1.123159 -1.287519 2
1.816456 2.005697 -1.777863 2
0.802097 1.302208 -2.049084 2
0.527764 1.658122 -1.858149 2
0.765577 1.335549 -1.452314 2
0.765577 1.335549 -1.452314 2
0.772978 3.542255 -2.494525 2
0.772978 3.542255 -2.494525 2
0.350306 0.353874 -1.711702 2
0.350306 0.353874 -1.711702 2
0.964671 4.912977 -1.957963 2
0.587720 2.796236 -1.888911 2
0.587720 2.796236 -1.888911 2
0.096565 0.548535 -1.905189 2
0.096565 0.548535 -1.905189 2
1.964963 2.331813 -2.010142 2
1.964963 2.331813 -2.010142 2
6.000081 6.441328 -1.257630 2
0.066882 0.836695 -1.974787 2
0.066882 0.836695 -1.974787 2
2.337743 3.266364 -3.084327 2
2.337743 3.266364 -3.084327 2
3.865086 7.687956 -1.358783 2
0.486470 0.917898 -1.802201 2
0.268895 1.026855 -1.443845 2
-0.254254 2.054526 -1.210482 2
-0.254254 2.054526 -1.210482 2
5.294507 7.507001 -2.451999 2
5.294507 7.507001 -2.451999 2
2.794880 -0.488803 -1.891336 2
2.794880 -0.488803 -1.891336 2
1.630456 2.567354 -1.799112 2
1.458057 4.174896 -2.205502 2
1.458057 4.174896 -2.205502 2
1.034970 0.527112 -1.671258 2
1.034970 0.527112 -1.671258 2
1.874923 2.420376 -1.862172 2
3.651994 4.871956 -2.171942 2
3.651994 4.871956 -2.171942 2
1.233370 0.714081 -2.168002 2
0.214317 0.945812 -1.698122 2
1.807273 2.362634 -1.517321 2
1.807273 2.362634 -1.517321 2
0.268209 1.742258 -1.722463 2
0.268209 1.742258 -1.722463 2
0.498813 1.360492 -1.697075 2
-0.631435 2.271974 -1.021384 2
-0.631435 2.271974 -1.021384 2
6.346607 9.211047 -1.433016 2
6.346607 9.211047 -1.433016 2
3.397988 0.270754 -2.238437 2
3.397988 0.270754 -2.238437 2
14.070092 -0.513988 -0.804313 2
14.070092 -0.513988 -0.804313 2
14.070092 -0.513988 -0.804313 2
14.070092 -0.513988 -0.804313 2
14.070092 -0.513988 -0.804313 2
14.070092 -0.513988 -0.804313 2
16.790081 6.650298 -1.205576 2
16.790081 6.650298 -1.205576 2
16.995491 2.843683 -2.548911 2
16.995491 2.843683 -2.548911 2
16.629984 2.275177 -2.390410 2
16.629984 2.275177 -2.390410 2
16.629984 2.275177 -2.390410 2
15.993966 0.965115 -2.144948 2
15.252986 -0.223236 -4.456834 2
15.115231 -0.693150 -3.655411 2
15.115231 -0.693150 -3.655411 2
15.115231 -0.693150 -3.655411 2
16.989206 2.769035 -1.573522 2
17.068232 3.048266 -2.597507 2
17.068232 3.048266 -2.597507 2
17.068232 3.048266 -2.597507 2
17.068232 3.048266 -2.597507 2
15.677058 1.640155 -2.104927 2
15.677058 1.640155 -2.104927 2
22.376923 4.832739 -0.559508 2
15.221982 2.129896 -1.896838 2
20.705584 6.278728 -0.723652 2
20.705584 6.278728 -0.723652 2
16.241756 3.527869 -2.624192 2
16.241756 3.527869 -2.624192 2
15.220036 2.116893 -1.762842 2
20.054480 4.468221 -1.935587 2
20.054480 4.468221 -1.935587 2
16.590780 0.997781 -2.461146 2
16.531452 -1.870753 -4.568977 2
15.477160 2.027489 -1.527335 2
15.477160 2.027489 -1.527335 2
15.477160 2.027489 -1.527335 2
16.385851 3.413968 -2.559145 2
16.542185 2.810278 -1.769480 2
16.542185 2.810278 -1.769480 2
16.542185 2.810278 -1.769480 2
16.542185 2.810278 -1.769480 2
16.542185 2.810278 -1.769480 2
17.891689 3.937466 -1.176733 2
17.891689 3.937466 -1.176733 2
16.288368 1.285714 -2.339807 2
16.288368 1.285714 -2.339807 2
16.288368 1.285714 -2.339807 2
15.457717 1.580546 -2.158754 2
15.457717 1.580546 -2.158754 2
16.155375 1.137199 -2.328465 2
16.155375 1.137199 -2.328465 2
16.155375 1.137199 -2.328465 2
16.155375 1.137199 -2.328465 2
18.255341 3.400335 -1.586015 2
16.377747 1.143594 -2.262825 2
16.377747 1.143594 -2.262825 2
16.377747 1.143594 -2.262825 2
16.377747 1.143594 -2.262825 2
16.281935 3.516008 -2.573708 2
16.281935 3.516008 -2.573708 2
16.281935 3.516008 -2.573708 2
16.281935 3.516008 -2.573708 2
16.281935 3.516008 -2.573708 2
16.682276 2.151924 -2.065806 2
19.717133 6.142659 1.332080 2
19.717133 6.142659 1.332080 2
19.717133 6.142659 1.332080 2
19.717133 6.142659 1.332080 2
19.717133 6.142659 1.332080 2
19.717133 6.142659 1.332080 2
19.717133 6.142659 1.332080 2
19.717133 6.142659 1.332080 2
19.717133 6.142659 1.332080 2
19.717133 6.142659 1.332080 2
19.717133 6.142659 1.332080 2
19.717133 6.142659 1.332080 2
18.934324 5.544938 -0.745894 2
18.934324 5.544938 -0.745894 2
18.934324 5.544938 -0.745894 2
17.423399 3.881290 -1.330089 2
17.423399 3.881290 -1.330089 2
17.423399 3.881290 -1.330089 2
17.423399 3.881290 -1.330089 2
16.476986 3.389625 -2.516407 2
13.741690 1.409672 -3.063012 2
13.741690 1.409672 -3.063012 2
21.380095 7.242481 -0.977959 2
21.380095 7.242481 -0.977959 2
21.380095 7.242481 -0.977959 2
21.380095 7.242481 -0.977959 2
19.287992 5.178812 -1.456700 2
16.192797 3.531040 -2.479994 2
16.192797 3.531040 -2.479994 2
16.192797 3.531040 -2.479994 2
16.192797 3.531040 -2.479994 2
8.811272 5.993660 -1.431922 2
7.490572 5.204359 -1.922930 2
6.366056 0.752676 -2.560611 2
5.939322 3.166780 -1.342379 2
5.939322 3.166780 -1.342379 2
-0.064735 1.097983 -2.175937 2
-0.064735 1.097983 -2.175937 2
2.636506 0.686910 -1.915995 2
0.509844 1.250756 -0.963246 2
0.509844 1.250756 -0.963246 2
0.293702 0.653428 -2.711075 2
0.863708 0.201019 -1.775735 2
1.710633 2.756051 -1.225722 2
0.805670 5.955071 -0.606867 2
0.805670 5.955071 -0.606867 2
0.466643 0.725483 -2.802964 2
-0.418626 1.436482 -1.645401 2
1.672851 3.532268 -1.524099 2
3.583247 5.132767 -1.644949 2
3.583247 5.132767 -1.644949 2
0.861089 1.092179 -2.255418 2
0.607288 1.320143 -1.595702 2
-0.111383 1.965436 -0.992365 2
1.990236 2.592384 -1.858014 2
3.391060 7.213322 -2.951349 2
3.380596 4.084719 -1.524040 2
-0.086692 0.672593 -1.380350 2
0.847486 1.318012 -1.291904 2
1.797804 3.023674 -2.104369 2
2.575576 6.599931 -2.451781 2
7.780132 8.845464 -0.518360 2
0.596769 1.114431 -2.001411 2
0.528602 0.381492 -1.469867 2
1.964386 2.226903 -2.078706 2
0.547122 2.936533 -1.772660 2
0.547122 2.936533 -1.772660 2
0.198317 1.098873 -2.069733 2
0.047845 0.534012 -1.202319 2
2.220876 2.597646 -1.784003 2
2.085606 4.145853 -1.597934 2
2.085606 4.145853 -1.597934 2
0.277316 1.452449 -1.802664 2
0.760794 1.299567 -1.933096 2
-0.440036 2.096465 -1.118816 2
1.740779 4.137511 -1.712515 2
1.740779 4.137511 -1.712515 2
1.843481 2.212640 -1.390373 2
0.733260 0.830409 -1.846723 2
1.123562 1.219710 -1.622475 2
1.349259 2.990876 -1.879094 2
2.863211 5.367800 -1.598748 2
2.863211 5.367800 -1.598748 2
0.395581 0.898413 -2.180730 2
0.713120 1.245935 -1.428768 2
1.968179 1.937630 -1.788915 2
1.968179 1.937630 -1.788915 2
2.586411 4.486515 -3.433004 2
0.653345 1.468685 -2.103767 2
-0.031009 1.157064 -1.626436 2
5.302718 7.280854 -0.688251 2
2.372867 4.166046 -1.614447 2
6.605724 6.527758 -0.369848 2
1.001920 1.146311 -1.889314 2
0.555178 1.459660 -1.932434 2
-0.382228 2.061374 -1.072485 2
4.768274 6.042504 -0.912388 2
3.446586 7.353841 -2.725114 2
3.446586 7.353841 -2.725114 2
0.481652 0.877645 -1.527443 2
0.634003 1.332074 -1.338785 2
1.613583 3.486184 -1.888308 2
0.917130 3.490336 -1.991312 2
0.917130 3.490336 -1.991312 2
0.140933 0.986176 -1.835263 2
0.866403 1.659113 -1.448746 2
1.944993 2.347233 -1.965950 2
-0.957196 1.015141 -2.010191 2
-0.957196 1.015141 -2.010191 2
0.494377 1.297657 -2.010538 2
0.494377 1.297657 -2.010538 2
1.851891 2.692718 -1.810053 2
2.112718 4.248451 -1.628660 2
2.112718 4.248451 -1.628660 2
2.803062 4.145487 -1.191398 2
0.485057 0.997509 -1.688568 2
-0.409045 1.998728 -1.135845 2
1.368023 2.510131 -1.470248 2
5.270121 7.560392 -2.374149 2
2.321738 2.820300 -1.343961 2
1.226029 0.860441 -1.353679 2
0.667299 1.193910 -1.742505 2
1.516235 3.705748 -1.846981 2
1.263249 3.412817 -1.703142 2
2.135700 2.700231 -1.501228 2
0.611021 1.437416 -2.067202 2
0.325895 -0.151458 -1.771213 2
1.482357 2.636495 -1.821745 2
2.913295 4.688555 -2.016641 2
2.913295 4.688555 -2.016641 2
1.534146 0.427790 -2.629745 2
1.534146 0.427790 -2.629745 2
7.519931 2.313073 -1.044265 2
15.274099 10.187979 0.262690 2
15.274099 10.187979 0.262690 2
15.913131 2.796339 -3.278686 2
19.469751 -2.619654 -4.813114 2
19.469751 -2.619654 -4.813114 2
19.469751 -2.619654 -4.813114 2
19.469751 -2.619654 -4.813114 2
19.469751 -2.619654 -4.813114 2
19.469751 -2.619654 -4.813114 2
19.469751 -2.619654 -4.813114 2
19.469751 -2.619654 -4.813114 2
19.469751 -2.619654 -4.813114 2
19.469751 -2.619654 -4.813114 2
19.469751 -2.619654 -4.813114 2
19.469751 -2.619654 -4.813114 2
19.469751 -2.619654 -4.813114 2
19.469751 -2.619654 -4.813114 2
19.469751 -2.619654 -4.813114 2
19.469751 -2.619654 -4.813114 2
19.469751 -2.619654 -4.813114 2
19.469751 -2.619654 -4.813114 2
19.469751 -2.619654 -4.813114 2
19.469751 -2.619654 -4.813114 2
19.469751 -2.619654 -4.813114 2
19.469751 -2.619654 -4.813114 2
19.469751 -2.619654 -4.813114 2
19.469751 -2.619654 -4.813114 2
19.469751 -2.619654 -4.813114 2
19.469751 -2.619654 -4.813114 2
19.469751 -2.619654 -4.813114 2
19.469751 -2.619654 -4.813114 2
19.469751 -2.619654 -4.813114 2
19.469751 -2.619654 -4.813114 2
19.469751 -2.619654 -4.813114 2
19.469751 -2.619654 -4.813114 2
19.469751 -2.619654 -4.813114 2
19.469751 -2.619654 -4.813114 2
19.469751 -2.619654 -4.813114 2
19.469751 -2.619654 -4.813114 2
19.469751 -2.619654 -4.813114 2
19.469751 -2.619654 -4.813114 2
19.469751 -2.619654 -4.813114 2
19.469751 -2.619654 -4.813114 2
19.469751 -2.619654 -4.813114 2
19.469751 -2.619654 -4.813114 2
19.469751 -2.619654 -4.813114 2
19.469751 -2.619654 -4.813114 2
19.469751 -2.619654 -4.813114 2
19.469751 -2.619654 -4.813114 2
19.469751 -2.619654 -4.813114 2
19.469751 -2.619654 -4.813114 2
19.469751 -2.619654 -4.813114 2
19.469751 -2.619654 -4.813114 2
19.469751 -2.619654 -4.813114 2
19.469751 -2.619654 -4.813114 2
19.469751 -2.619654 -4.813114 2
19.469751 -2.619654 -4.813114 2
19.469751 -2.619654 -4.813114 2
19.469751 -2.619654 -4.813114 2
19.469751 -2.619654 -4.813114 2
19.469751 -2.619654 -4.813114 2
19.469751 -2.619654 -4.813114 2
19.469751 -2.619654 -4.813114 2
19.469751 -2.619654 -4.813114 2
19.469751 -2.619654 -4.813114 2
19.469751 -2.619654 -4.813114 2
19.469751 -2.619654 -4.813114 2
19.469751 -2.619654 -4.813114 2
19.469751 -2.619654 -4.813114 2
19.469751 -2.619654 -4.813114 2
19.469751 -2.619654 -4.813114 2
19.469751 -2.619654 -4.813114 2
19.469751 -2.619654 -4.813114 2
19.469751 -2.619654 -4.813114 2
19.469751 -2.619654 -4.813114 2
19.469751 -2.619654 -4.813114 2
19.469751 -2.619654 -4.813114 2
19.469751 -2.619654 -4.813114 2
19.469751 -2.619654 -4.813114 2
19.469751 -2.619654 -4.813114 2
19.469751 -2.619654 -4.813114 2
19.469751 -2.619654 -4.813114 2
19.469751 -2.619654 -4.813114 2
19.469751 -2.619654 -4.813114 2
19.469751 -2.619654 -4.813114 2
19.469751 -2.619654 -4.813114 2
19.469751 -2.619654 -4.813114 2
19.469751 -2.619654 -4.813114 2
19.469751 -2.619654 -4.813114 2
19.469751 -2.619654 -4.813114 2
19.469751 -2.619654 -4.813114 2
19.469751 -2.619654 -4.813114 2
19.469751 -2.619654 -4.813114 2
19.469751 -2.619654 -4.813114 2
19.469751 -2.619654 -4.813114 2
19.469751 -2.619654 -4.813114 2
19.469751 -2.619654 -4.813114 2
19.469751 -2.619654 -4.813114 2
19.469751 -2.619654 -4.813114 2
25.942917 9.102254 2.782997 2
25.942917 9.102254 2.782997 2
25.942917 9.102254 2.782997 2
25.942917 9.102254 2.782997 2
25.942917 9.102254 2.782997 2
25.942917 9.102254 2.782997 2
7.224112 2.776093 -2.878076 2
4.196280 -1.595303 -1.121084 2
4.196280 -1.595303 -1.121084 2
-0.639632 1.252715 -2.658227 2
-0.639632 1.252715 -2.658227 2
1.586506 1.565538 -1.587986 2
-1.395400 -1.411712 -0.791784 2
6.800998 9.336740 -0.047744 2
5.669666 7.739580 -1.091033 2
0.505270 0.989643 -2.395000 2
0.248972 1.205151 -1.195897 2
1.580770 2.655498 -0.854540 2
3.948860 6.932757 -2.082996 2
1.387820 0.411215 -2.820293 2
1.172477 1.284467 -2.010411 2
0.912217 2.092531 -0.937738 2
2.464618 3.555003 -1.420859 2
2.464618 3.555003 -1.420859 2
2.464618 3.555003 -1.420859 2
-0.018657 0.962334 -1.737077 2
1.114178 1.354386 -1.464699 2
1.985266 2.027653 -1.859102 2
2.642197 4.706721 -2.245459 2
2.642197 4.706721 -2.245459 2
0.969705 0.554017 -2.245149 2
0.004444 0.285609 -1.067834 2
1.941083 2.113759 -1.915012 2
-0.867206 1.064842 -2.182940 2
5.661623 7.964355 0.158478 2
0.129961 1.995465 -1.715222 2
0.778271 0.997328 -1.653432 2
1.642625 1.810743 -1.715035 2
1.601885 2.397160 -1.765520 2
6.443798 9.370440 -0.862051 2
0.242689 1.448890 -1.751676 2
0.755649 0.823999 -1.642059 2
1.302463 1.514671 -1.965105 2
1.826155 2.638042 -1.636695 2
3.844937 5.198972 -2.078066 2
2.428524 2.789057 -1.479870 2
0.472921 0.304388 -2.189806 2
0.810723 1.218929 -1.865573 2
0.507622 1.950576 -1.643802 2
1.849805 3.887009 -1.716278 2
1.849805 3.887009 -1.716278 2
0.629757 1.366748 -2.135011 2
0.578339 1.614836 -1.631882 2
3.926619 5.221437 -1.047661 2
1.797152 3.072291 -2.382431 2
1.797152 3.072291 -2.382431 2
0.326716 0.758789 -2.333996 2
-0.235639 0.485166 -1.142730 2
2.585774 4.434042 -1.050663 2
2.861226 4.677617 -1.408803 2
7.068966 10.381780 -0.651781 2
1.216907 1.882828 -2.078594 2
0.828865 1.083529 -1.911930 2
-0.254081 2.011375 -1.138817 2
6.544310 4.522392 -1.329287 2
4.218553 7.864988 -2.736066 2
0.954458 1.272758 -1.746778 2
0.640439 0.855454 -1.516332 2
0.685898 1.292611 -1.367439 2
1.686235 2.129939 -1.701572 2
2.338454 3.742943 -2.525538 2
3.161195 3.465419 -1.444285 2
0.895621 0.771974 -1.692921 2
0.844480 1.186522 -1.214648 2
1.888007 2.631266 -2.013483 2
2.502742 4.915962 -1.980648 2
4.582499 4.968394 -1.199484 2
0.257623 1.246320 -1.905489 2
0.034587 -0.622025 -1.269335 2
0.869200 1.431313 -1.828778 2
1.261836 3.513110 -1.211983 2
7.788456 9.021946 -0.538001 2
0.459342 2.335272 -1.677774 2
0.134322 0.711560 -1.104491 2
0.364787 0.879164 -1.368442 2
2.476116 4.860572 -1.360011 2
6.147473 10.123557 -0.731176 2
0.574228 0.873839 -1.862755 2
0.607055 0.961405 -1.673343 2
0.032229 1.665594 -1.214730 2
0.032229 1.665594 -1.214730 2
4.317930 8.201305 -2.325487 2
2.910630 3.510352 -1.335636 2
1.609763 0.893207 -1.704534 2
0.817553 0.832540 -1.886713 2
1.511997 2.434712 -1.718501 2
3.347360 5.487522 -1.649552 2
2.533942 3.149793 -1.385689 2
1.631034 0.458464 -2.705624 2
1.631034 0.458464 -2.705624 2
8.291190 3.124842 -1.417031 2
8.291190 3.124842 -1.417031 2
8.291190 3.124842 -1.417031 2
8.291190 3.124842 -1.417031 2
8.291190 3.124842 -1.417031 2
8.291190 3.124842 -1.417031 2
8.291190 3.124842 -1.417031 2
8.291190 3.124842 -1.417031 2
8.291190 3.124842 -1.417031 2
8.291190 3.124842 -1.417031 2
8.291190 3.124842 -1.417031 2
8.291190 3.124842 -1.417031 2
8.291190 3.124842 -1.417031 2
8.291190 3.124842 -1.417031 2
8.291190 3.124842 -1.417031 2
8.291190 3.124842 -1.417031 2
8.291190 3.124842 -1.417031 2
8.291190 3.124842 -1.417031 2
8.291190 3.124842 -1.417031 2
8.291190 3.124842 -1.417031 2
8.291190 3.124842 -1.417031 2
8.291190 3.124842 -1.417031 2
8.291190 3.124842 -1.417031 2
8.291190 3.124842 -1.417031 2
8.291190 3.124842 -1.417031 2
8.291190 3.124842 -1.417031 2
8.291190 3.124842 -1.417031 2
8.291190 3.124842 -1.417031 2
8.291190 3.124842 -1.417031 2
8.291190 3.124842 -1.417031 2
8.291190 3.124842 -1.417031 2
8.291190 3.124842 -1.417031 2
8.291190 3.124842 -1.417031 2
8.291190 3.124842 -1.417031 2
8.291190 3.124842 -1.417031 2
8.291190 3.124842 -1.417031 2
8.291190 3.124842 -1.417031 2
8.291190 3.124842 -1.417031 2
8.291190 3.124842 -1.417031 2
8.291190 3.124842 -1.417031 2
8.291190 3.124842 -1.417031 2
8.291190 3.124842 -1.417031 2
8.291190 3.124842 -1.417031 2
8.291190 3.124842 -1.417031 2
8.291190 3.124842 -1.417031 2
8.291190 3.124842 -1.417031 2
8.291190 3.124842 -1.417031 2
8.291190 3.124842 -1.417031 2
8.291190 3.124842 -1.417031 2
8.291190 3.124842 -1.417031 2
8.291190 3.124842 -1.417031 2
8.291190 3.124842 -1.417031 2
8.291190 3.124842 -1.417031 2
8.291190 3.124842 -1.417031 2
8.291190 3.124842 -1.417031 2
24.555468 -0.691509 -4.265253 2
24.555468 -0.691509 -4.265253 2
24.555468 -0.691509 -4.265253 2
24.555468 -0.691509 -4.265253 2
24.555468 -0.691509 -4.265253 2
24.555468 -0.691509 -4.265253 2
24.555468 -0.691509 -4.265253 2
24.555468 -0.691509 -4.265253 2
25.770546 4.700965 -1.259711 2
25.770546 4.700965 -1.259711 2
25.770546 4.700965 -1.259711 2
25.770546 4.700965 -1.259711 2
25.770546 4.700965 -1.259711 2
25.770546 4.700965 -1.259711 2
25.770546 4.700965 -1.259711 2
25.770546 4.700965 -1.259711 2
25.770546 4.700965 -1.259711 2
25.770546 4.700965 -1.259711 2
25.770546 4.700965 -1.259711 2
25.770546 4.700965 -1.259711 2
25.770546 4.700965 -1.259711 2
25.770546 4.700965 -1.259711 2
25.770546 4.700965 -1.259711 2
25.770546 4.700965 -1.259711 2
25.770546 4.700965 -1.259711 2
25.770546 4.700965 -1.259711 2
25.770546 4.700965 -1.259711 2
23.427401 0.606398 -4.046962 2
23.427401 0.606398 -4.046962 2
23.427401 0.606398 -4.046962 2
23.427401 0.606398 -4.046962 2
23.427401 0.606398 -4.046962 2
22.577393 1.229585 -4.014509 2
22.577393 1.229585 -4.014509 2
22.577393 1.229585 -4.014509 2
22.577393 1.229585 -4.014509 2
22.577393 1.229585 -4.014509 2
23.515501 0.613783 -3.625046 2
23.515501 0.613783 -3.625046 2
23.515501 0.613783 -3.625046 2
23.515501 0.613783 -3.625046 2
23.515501 0.613783 -3.625046 2
22.969921 0.978195 -3.603744 2
22.969921 0.978195 -3.603744 2
22.969921 0.978195 -3.603744 2
22.969921 0.978195 -3.603744 2
14.973035 4.288687 -1.069180 2
14.973035 4.288687 -1.069180 2
9.500984 5.078440 -1.050687 2
9.500984 5.078440 -1.050687 2
8.419944 3.951635 -2.182770 2
2.289604 -4.187386 -2.222963 2
8.546377 5.757065 0.613750 2
8.546377 5.757065 0.613750 2
8.546377 5.757065 0.613750 2
3.169837 2.174576 -2.143698 2
3.382049 3.297932 -1.190644 2
8.146527 10.353818 0.633045 2
8.146527 10.353818 0.633045 2
0.672286 0.712303 -2.061448 2
-0.173686 1.998682 -0.966964 2
1.310125 2.686679 -0.776645 2
1.310125 2.686679 -0.776645 2
1.310125 2.686679 -0.776645 2
1.100318 0.856622 -2.269100 2
-1.397909 2.931096 -1.317808 2
1.040950 1.040603 -0.802680 2
3.269548 6.574117 -1.306278 2
2.846515 3.336542 -2.445470 2
0.531647 1.088219 -1.537231 2
0.531647 1.088219 -1.537231 2
1.872777 2.161828 -1.467367 2
2.973131 3.753450 -1.887453 2
2.973131 3.753450 -1.887453 2
0.616299 0.929295 -1.309619 2
0.616299 0.929295 -1.309619 2
1.796291 5.033364 -2.087314 2
1.796291 5.033364 -2.087314 2
1.796291 5.033364 -2.087314 2
0.647633 0.997714 -2.147541 2
0.250177 1.084334 -1.487933 2
2.708804 4.632897 -1.636998 2
2.708804 4.632897 -1.636998 2
2.708804 4.632897 -1.636998 2
-0.011792 0.665164 -2.284890 2
0.704904 1.488613 -1.943263 2
-0.473772 2.188270 -1.088825 2
1.165247 1.947976 -1.258765 2
4.060113 7.806189 -2.603632 2
1.258118 1.052668 -1.810904 2
0.843617 1.018834 -1.621879 2
0.641380 1.458953 -1.048298 2
1.682292 2.015024 -1.494543 2
-0.089292 2.301578 -2.503745 2
7.526785 8.541360 -1.065755 2
0.862522 1.327828 -1.402856 2
0.862522 1.327828 -1.402856 2
0.862522 1.327828 -1.402856 2
2.378898 5.646147 -2.367704 2
2.378898 5.646147 -2.367704 2
0.130010 0.826027 -2.073573 2
1.214564 0.821077 -0.975899 2
1.293225 1.709219 -1.676930 2
1.150530 5.670516 -2.463812 2
1.150530 5.670516 -2.463812 2
0.817942 0.930990 -2.022342 2
0.169016 0.637005 -1.176207 2
2.143494 3.024315 -1.816294 2
2.543167 4.473622 -1.452009 2
7.016623 9.797068 -1.156692 2
0.613825 1.642843 -1.656557 2
0.770677 0.857931 -1.647585 2
-0.174729 2.052021 -1.155613 2
0.804511 1.876816 -1.126175 2
6.829007 8.689143 -1.344238 2
4.150949 4.871424 -1.420707 2
0.700030 1.290504 -1.398539 2
0.700030 1.290504 -1.398539 2
2.893455 1.774094 -1.262169 2
5.258020 8.025805 -1.409646 2
2.137887 2.918974 -1.404363 2
1.178037 0.682388 -1.822774 2
0.792018 1.239286 -1.450364 2
1.579599 2.239969 -1.690104 2
3.992785 5.285916 -2.853578 2
3.992785 5.285916 -2.853578 2
0.664247 1.046173 -2.148486 2
0.574762 1.201291 -1.438154 2
1.276393 1.691657 -1.293263 2
3.923171 5.836170 -1.931616 2
0.978439 -0.114813 -2.368739 2
0.978439 -0.114813 -2.368739 2
0.189045 1.032781 -1.580705 2
1.780480 2.772703 -1.485252 2
2.232640 4.038967 -1.464851 2
2.232640 4.038967 -1.464851 2
2.232640 4.038967 -1.464851 2
0.812209 1.840168 -1.761877 2
0.812209 1.840168 -1.761877 2
3.910698 7.467431 -2.564309 2
3.910698 7.467431 -2.564309 2
1.242991 1.179478 -1.809149 2
0.586567 0.875457 -1.607639 2
5.175263 -1.959774 -0.847018 2
6.199544 5.677216 -1.269624 2
6.199544 5.677216 -1.269624 2
10.461293 4.873755 -1.159569 2
10.461293 4.873755 -1.159569 2
10.461293 4.873755 -1.159569 2
10.461293 4.873755 -1.159569 2
10.461293 4.873755 -1.159569 2
10.461293 4.873755 -1.159569 2
10.461293 4.873755 -1.159569 2
10.461293 4.873755 -1.159569 2
10.461293 4.873755 -1.159569 2
10.461293 4.873755 -1.159569 2
10.461293 4.873755 -1.159569 2
10.461293 4.873755 -1.159569 2
10.461293 4.873755 -1.159569 2
10.461293 4.873755 -1.159569 2
10.461293 4.873755 -1.159569 2
10.461293 4.873755 -1.159569 2
10.461293 4.873755 -1.159569 2
10.461293 4.873755 -1.159569 2
10.461293 4.873755 -1.159569 2
10.461293 4.873755 -1.159569 2
10.461293 4.873755 -1.159569 2
10.461293 4.873755 -1.159569 2
10.461293 4.873755 -1.159569 2
10.461293 4.873755 -1.159569 2
10.461293 4.873755 -1.159569 2
10.461293 4.873755 -1.159569 2
10.461293 4.873755 -1.159569 2
10.461293 4.873755 -1.159569 2
10.461293 4.873755 -1.159569 2
10.461293 4.873755 -1.159569 2
10.461293 4.873755 -1.159569 2
10.461293 4.873755 -1.159569 2
10.461293 4.873755 -1.159569 2
10.461293 4.873755 -1.159569 2
10.461293 4.873755 -1.159569 2
10.461293 4.873755 -1.159569 2
10.461293 4.873755 -1.159569 2
10.461293 4.873755 -1.159569 2
10.461293 4.873755 -1.159569 2
10.461293 4.873755 -1.159569 2
10.461293 4.873755 -1.159569 2
10.461293 4.873755 -1.159569 2
10.461293 4.873755 -1.159569 2
10.461293 4.873755 -1.159569 2
10.461293 4.873755 -1.159569 2
10.461293 4.873755 -1.159569 2
10.461293 4.873755 -1.159569 2
10.461293 4.873755 -1.159569 2
10.461293 4.873755 -1.159569 2
10.461293 4.873755 -1.159569 2
10.461293 4.873755 -1.159569 2
10.461293 4.873755 -1.159569 2
10.461293 4.873755 -1.159569 2
10.461293 4.873755 -1.159569 2
10.461293 4.873755 -1.159569 2
10.461293 4.873755 -1.159569 2
10.461293 4.873755 -1.159569 2
10.461293 4.873755 -1.159569 2
10.461293 4.873755 -1.159569 2
10.461293 4.873755 -1.159569 2
10.461293 4.873755 -1.159569 2
10.461293 4.873755 -1.159569 2
10.461293 4.873755 -1.159569 2
10.461293 4.873755 -1.159569 2
10.461293 4.873755 -1.159569 2
10.461293 4.873755 -1.159569 2
10.461293 4.873755 -1.159569 2
10.461293 4.873755 -1.159569 2
10.461293 4.873755 -1.159569 2
10.461293 4.873755 -1.159569 2
10.461293 4.873755 -1.159569 2
10.461293 4.873755 -1.159569 2
10.461293 4.873755 -1.159569 2
10.461293 4.873755 -1.159569 2
10.461293 4.873755 -1.159569 2
10.461293 4.873755 -1.159569 2
10.461293 4.873755 -1.159569 2
10.461293 4.873755 -1.159569 2
10.461293 4.873755 -1.159569 2
10.461293 4.873755 -1.159569 2
10.461293 4.873755 -1.159569 2
10.461293 4.873755 -1.159569 2
31.368755 3.906440 -2.107562 2
31.368755 3.906440 -2.107562 2
31.368755 3.906440 -2.107562 2
31.368755 3.906440 -2.107562 2
31.368755 3.906440 -2.107562 2
31.368755 3.906440 -2.107562 2
31.368755 3.906440 -2.107562 2
31.368755 3.906440 -2.107562 2
31.368755 3.906440 -2.107562 2
31.368755 3.906440 -2.107562 2
31.368755 3.906440 -2.107562 2
31.368755 3.906440 -2.107562 2
31.368755 3.906440 -2.107562 2
31.368755 3.906440 -2.107562 2
31.368755 3.906440 -2.107562 2
31.368755 3.906440 -2.107562 2
28.877699 -0.024563 -3.501391 2
28.877699 -0.024563 -3.501391 2
28.877699 -0.024563 -3.501391 2
28.877699 -0.024563 -3.501391 2
28.877699 -0.024563 -3.501391 2
28.877699 -0.024563 -3.501391 2
28.877699 -0.024563 -3.501391 2
4.165520 4.761471 -1.091893 2
4.165520 4.761471 -1.091893 2
4.165520 4.761471 -1.091893 2
2.568945 1.638318 -1.409417 2
4.159680 1.806574 -1.207481 2
4.159680 1.806574 -1.207481 2
-0.937988 1.845591 -2.189865 2
-0.869558 1.607182 -1.687172 2
-0.869558 1.607182 -1.687172 2
2.616925 3.865112 -0.821932 2
2.616925 3.865112 -0.821932 2
5.214324 5.591151 -2.005138 2
1.106511 -0.159325 -1.925204 2
-0.126391 2.002418 -1.166467 2
-1.373886 1.099059 -1.361570 2
-1.373886 1.099059 -1.361570 2
-0.172091 1.069842 -2.508443 2
-0.172091 1.069842 -2.508443 2
0.865861 1.331606 -1.162379 2
-0.865101 0.259505 -1.826930 2
-0.865101 0.259505 -1.826930 2
-0.239732 1.405909 -2.663504 2
-0.239732 1.405909 -2.663504 2
-0.250023 0.698543 -1.125133 2
2.218414 2.430064 -1.226858 2
2.279250 3.815484 -1.679859 2
6.467277 7.926047 -1.428295 2
0.411117 1.798005 -1.586504 2
-0.065622 1.937367 -1.134690 2
-0.065622 1.937367 -1.134690 2
1.563532 2.160105 -1.457417 2
1.563532 2.160105 -1.457417 2
3.612012 4.287538 -1.302463 2
1.521542 0.714897 -1.545911 2
0.485481 0.977053 -1.306637 2
2.714088 4.783806 -1.291045 2
2.714088 4.783806 -1.291045 2
3.222161 4.530322 -1.444909 2
1.607365 0.719530 -1.839834 2
0.690321 1.241301 -1.816891 2
2.260971 3.931565 -1.759629 2
2.260971 3.931565 -1.759629 2
2.260971 3.931565 -1.759629 2
0.421593 0.594236 -2.350556 2
0.700991 1.142388 -1.397120 2
0.901874 1.427034 -1.233919 2
3.258310 5.469513 -2.193876 2
3.258310 5.469513 -2.193876 2
0.739012 0.413517 -2.635450 2
1.344325 2.513825 -1.025095 2
1.344325 2.513825 -1.025095 2
2.400475 4.213230 -1.674113 2
2.400475 4.213230 -1.674113 2
0.912418 0.948382 -1.931536 2
0.933854 1.240415 -1.920573 2
-0.207519 2.067487 -1.009266 2
4.156840 7.705943 -2.341978 2
4.156840 7.705943 -2.341978 2
2.319380 4.372742 -0.922343 2
1.014934 0.883193 -1.355255 2
4.153425 -1.691242 -1.060038 2
1.472182 2.015458 -1.424135 2
1.472182 2.015458 -1.424135 2
0.944493 0.924328 -1.505018 2
0.944493 0.924328 -1.505018 2
0.926355 1.236070 -1.357137 2
0.968460 2.006914 -1.713507 2
-0.765026 2.152759 -2.455301 2
-0.765026 2.152759 -2.455301 2
0.096646 0.882463 -1.982152 2
0.634459 1.278954 -1.318917 2
0.634459 1.278954 -1.318917 2
2.511349 3.994632 -1.041043 2
5.782725 6.249519 -1.054387 2
0.619097 2.536568 -1.329115 2
-0.001251 2.182411 -1.268267 2
-0.001251 2.182411 -1.268267 2
4.527544 8.165672 -2.040679 2
4.527544 8.165672 -2.040679 2
0.692474 1.622038 -1.735130 2
0.484710 1.021474 -1.568963 2
0.083517 1.705963 -1.138000 2
1.468692 2.347683 -1.465744 2
6.052017 8.476145 -1.672897 2
0.960715 0.958482 -1.566773 2
0.960715 0.958482 -1.566773 2
1.211159 2.177629 -1.319178 2
1.211159 2.177629 -1.319178 2
2.490348 5.772979 -1.856728 2
4.767644 6.145532 -1.337983 2
0.427045 0.525815 -2.627928 2
1.427083 1.847642 -1.103478 2
1.427083 1.847642 -1.103478 2
4.742820 5.613278 -2.104289 2
14.106135 6.470683 -0.067607 2
10.875846 2.539610 -2.449003 2
10.875846 2.539610 -2.449003 2
10.875846 2.539610 -2.449003 2
10.875846 2.539610 -2.449003 2
10.875846 2.539610 -2.449003 2
24.225128 1.264430 -5.179127 2
29.729334 -0.677916 -2.253342 2
29.729334 -0.677916 -2.253342 2
31.544664 6.364570 1.439619 2
31.544664 6.364570 1.439619 2
31.544664 6.364570 1.439619 2
31.544664 6.364570 1.439619 2
31.544664 6.364570 1.439619 2
27.043259 -1.239021 -3.663576 2
29.914185 2.459544 -0.873819 2
29.914185 2.459544 -0.873819 2
31.173376 5.334281 0.403580 2
31.173376 5.334281 0.403580 2
31.786489 4.280449 0.208380 2
31.786489 4.280449 0.208380 2
31.786489 4.280449 0.208380 2
31.786489 4.280449 0.208380 2
31.673775 4.585392 0.217409 2
31.860477 5.098494 0.463470 2
31.860477 5.098494 0.463470 2
31.911446 5.145173 0.434268 2
31.911446 5.145173 0.434268 2
31.911446 5.145173 0.434268 2
31.904934 4.765382 0.437107 2
31.904934 4.765382 0.437107 2
31.904934 4.765382 0.437107 2
31.904934 4.765382 0.437107 2
32.017906 4.576303 -0.218186 2
31.968445 4.803370 -0.000502 2
31.968445 4.803370 -0.000502 2
31.968445 4.803370 -0.000502 2
31.968445 4.803370 -0.000502 2
31.762266 3.914622 -0.671292 2
31.762266 3.914622 -0.671292 2
31.762266 3.914622 -0.671292 2
31.967344 4.386743 -0.186359 2
31.967344 4.386743 -0.186359 2
31.967344 4.386743 -0.186359 2
31.967344 4.386743 -0.186359 2
31.967344 4.386743 -0.186359 2
31.967344 4.386743 -0.186359 2
31.967344 4.386743 -0.186359 2
31.967344 4.386743 -0.186359 2
31.967344 4.386743 -0.186359 2
32.139557 4.965165 0.115466 2
32.139557 4.965165 0.115466 2
32.139557 4.965165 0.115466 2
32.139557 4.965165 0.115466 2
32.139557 4.965165 0.115466 2
32.283699 4.584680 0.049370 2
32.283699 4.584680 0.049370 2
32.283699 4.584680 0.049370 2
32.283699 4.584680 0.049370 2
26.633520 3.485552 -0.804240 2
24.899771 2.939726 -0.793164 2
19.951509 2.821456 -1.600037 2
17.638454 4.053750 -1.478017 2
17.638454 4.053750 -1.478017 2
17.638454 4.053750 -1.478017 2
17.638454 4.053750 -1.478017 2
6.597053 4.294631 -1.065546 2
8.445891 -1.907449 -1.209599 2
8.445891 -1.907449 -1.209599 2
4.683271 3.518780 -0.120286 2
4.683271 3.518780 -0.120286 2
-0.843951 1.342755 -2.351931 2
-0.843951 1.342755 -2.351931 2
1.817557 2.365822 -1.317146 2
1.817557 2.365822 -1.317146 2
1.817557 2.365822 -1.317146 2
0.568818 0.249204 -3.015339 2
0.568818 0.249204 -3.015339 2
1.746845 2.082381 -0.342974 2
1.746845 2.082381 -0.342974 2
-0.453214 0.631121 -1.119441 2
-0.271054 0.942804 -2.754021 2
0.092966 1.874018 -1.173518 2
0.913239 2.912786 -0.804638 2
0.913239 2.912786 -0.804638 2
2.832321 4.250357 -1.140421 2
2.832321 4.250357 -1.140421 2
2.832321 4.250357 -1.140421 2
1.651928 1.760276 -1.039967 2
1.651928 1.760276 -1.039967 2
4.299558 7.833901 -2.650102 2
4.299558 7.833901 -2.650102 2
0.471986 0.915807 -1.309016 2
0.471986 0.915807 -1.309016 2
1.298837 1.757198 -2.032290 2
1.298837 1.757198 -2.032290 2
1.937054 5.288640 -2.434719 2
0.003547 0.861396 -1.914261 2
0.003547 0.861396 -1.914261 2
1.209252 1.911568 -1.647061 2
1.209252 1.911568 -1.647061 2
2.244974 5.653834 -1.422016 2
0.046175 1.277231 -1.905307 2
0.046175 1.277231 -1.905307 2
1.538296 1.830668 -1.581964 2
1.538296 1.830668 -1.581964 2
5.864645 7.372793 -0.942233 2
5.864645 7.372793 -0.942233 2
-0.174673 0.602581 -1.145370 2
0.794923 1.018628 -1.592746 2
0.794923 1.018628 -1.592746 2
2.277587 4.744693 -0.988048 2
4.065054 7.632245 -1.974767 2
0.715367 0.787740 -1.764339 2
0.715367 0.787740 -1.764339 2
1.144375 2.048664 -1.243375 2
1.144375 2.048664 -1.243375 2
4.766395 8.334063 -2.092737 2
0.733896 0.579222 -1.604277 2
0.733896 0.579222 -1.604277 2
0.928475 2.221308 -1.370508 2
0.928475 2.221308 -1.370508 2
3.498561 4.395844 -1.422769 2
0.387413 0.398925 -1.935479 2
0.387413 0.398925 -1.935479 2
1.489623 2.445252 -1.901124 2
1.489623 2.445252 -1.901124 2
1.555401 5.285087 -2.283880 2
1.555401 5.285087 -2.283880 2
-0.143869 0.696379 -1.254281 2
-0.143869 0.696379 -1.254281 2
0.755484 2.203435 -0.757193 2
0.898504 2.113434 -0.909631 2
0.898504 2.113434 -0.909631 2
0.441304 1.396772 -1.699893 2
0.441304 1.396772 -1.699893 2
3.180578 5.171530 -1.574281 2
4.006077 8.073689 -2.494351 2
4.006077 8.073689 -2.494351 2
0.163640 1.018370 -1.626552 2
0.163640 1.018370 -1.626552 2
1.561499 1.944799 -0.941780 2
1.561499 1.944799 -0.941780 2
4.997138 5.080400 -1.841790 2
4.997138 5.080400 -1.841790 2
4.147669 -1.747059 -0.996017 2
1.018778 1.736896 -1.485596 2
1.018778 1.736896 -1.485596 2
7.248476 8.824845 -1.075148 2
