0.492252 2.514540 -1.752090 2
0.492252 2.514540 -1.752090 2
2.318942 1.647302 -2.216617 2
2.318942 1.647302 -2.216617 2
1.319192 0.305069 -1.807460 2
1.319192 0.305069 -1.807460 2
1.853590 -0.361012 -2.197700 2
2.854098 1.060600 -2.077644 2
0.446941 0.539262 -1.729484 2
0.446941 0.539262 -1.729484 2
2.152114 0.780130 -1.619449 2
2.172856 -0.323967 -2.590589 2
2.172856 -0.323967 -2.590589 2
4.487117 -0.320660 -1.632899 2
4.609224 -0.419597 -1.321050 2
0.830651 -0.432144 -2.443697 2
0.296825 -1.051151 -3.955165 2
0.296825 -1.051151 -3.955165 2
2.087018 0.325219 -1.823259 2
1.027408 1.187601 -2.026383 2
1.027408 1.187601 -2.026383 2
1.027408 1.187601 -2.026383 2
1.027408 1.187601 -2.026383 2
1.027408 1.187601 -2.026383 2
1.942606 2.108137 -2.364443 2
1.120663 2.749075 -1.591106 2
1.120663 2.749075 -1.591106 2
1.120663 2.749075 -1.591106 2
3.354778 2.938230 -1.437787 2
0.468596 2.351845 -1.724144 2
0.468596 2.351845 -1.724144 2
1.687332 2.022844 -2.273743 2
0.573008 2.229548 -1.871837 2
0.573008 2.229548 -1.871837 2
-0.296055 -0.803942 -1.725646 2
-0.065503 0.247280 -3.103714 2
1.653710 1.266276 -2.367328 2
0.692586 2.947996 -1.713304 2
0.692586 2.947996 -1.713304 2
0.692586 2.947996 -1.713304 2
0.559101 1.367541 -1.814857 2
0.559101 1.367541 -1.814857 2
1.859119 2.063138 -2.276784 2
1.859119 2.063138 -2.276784 2
-1.026984 1.306286 -0.200696 2
-1.026984 1.306286 -0.200696 2
1.049614 2.950932 -1.649234 2
0.805421 1.589299 -1.959486 2
0.613948 2.278818 -1.363373 2
0.613948 2.278818 -1.363373 2
0.613948 2.278818 -1.363373 2
0.613948 2.278818 -1.363373 2
0.613948 2.278818 -1.363373 2
0.613948 2.278818 -1.363373 2
0.613948 2.278818 -1.363373 2
0.613948 2.278818 -1.363373 2
0.613948 2.278818 -1.363373 2
0.613948 2.278818 -1.363373 2
0.613948 2.278818 -1.363373 2
0.613948 2.278818 -1.363373 2
0.613948 2.278818 -1.363373 2
0.613948 2.278818 -1.363373 2
0.613948 2.278818 -1.363373 2
0.613948 2.278818 -1.363373 2
0.613948 2.278818 -1.363373 2
0.613948 2.278818 -1.363373 2
0.613948 2.278818 -1.363373 2
0.613948 2.278818 -1.363373 2
0.613948 2.278818 -1.363373 2
0.613948 2.278818 -1.363373 2
0.613948 2.278818 -1.363373 2
0.613948 2.278818 -1.363373 2
0.613948 2.278818 -1.363373 2
0.613948 2.278818 -1.363373 2
0.613948 2.278818 -1.363373 2
0.613948 2.278818 -1.363373 2
0.613948 2.278818 -1.363373 2
1.213954 1.627171 -1.902380 2
1.831658 2.631837 -1.106164 2
1.831658 2.631837 -1.106164 2
3.127377 3.443695 -1.510371 2
3.364295 3.725891 -1.130058 2
3.364295 3.725891 -1.130058 2
2.243100 2.935886 -2.235560 2
5.110110 5.881102 -1.122412 2
5.110110 5.881102 -1.122412 2
5.110110 5.881102 -1.122412 2
5.110110 5.881102 -1.122412 2
5.110110 5.881102 -1.122412 2
5.110110 5.881102 -1.122412 2
5.616724 5.698344 -1.024351 2
0.903198 3.247900 -1.913586 2
3.143996 3.177306 -1.312406 2
2.490082 3.126150 -1.644854 2
2.490082 3.126150 -1.644854 2
5.651874 3.491962 -1.478124 2
6.025044 2.615415 -2.507421 2
6.025044 2.615415 -2.507421 2
5.787129 2.607084 -1.737906 2
5.787129 2.607084 -1.737906 2
5.787129 2.607084 -1.737906 2
5.787129 2.607084 -1.737906 2
5.787129 2.607084 -1.737906 2
5.787129 2.607084 -1.737906 2
8.101084 2.572098 -2.751511 2
8.101084 2.572098 -2.751511 2
8.138543 0.709448 -2.719836 2
8.138543 0.709448 -2.719836 2
9.224213 1.224833 -2.179733 2
9.224213 1.224833 -2.179733 2
9.224213 1.224833 -2.179733 2
8.874288 1.683113 -2.595301 2
8.874288 1.683113 -2.595301 2
7.956657 0.666389 -2.296214 2
9.208976 1.445226 -1.552695 2
9.208976 1.445226 -1.552695 2
8.792643 2.479526 -1.858689 2
8.400835 0.937795 -2.408038 2
8.828403 1.284916 -1.836731 2
8.828403 1.284916 -1.836731 2
8.828403 1.284916 -1.836731 2
8.828403 1.284916 -1.836731 2
8.766232 1.146295 -2.306568 2
8.896050 1.229556 -1.809945 2
8.896050 1.229556 -1.809945 2
7.802697 0.776647 -1.480217 2
8.797189 1.717874 -2.132478 2
8.797189 1.717874 -2.132478 2
9.051700 1.452897 -2.182259 2
9.285123 1.272561 -1.600482 2
9.285123 1.272561 -1.600482 2
9.012040 1.174722 -2.982247 2
9.012040 1.174722 -2.982247 2
8.990711 1.429594 -2.104505 2
8.549668 2.000208 -1.886491 2
8.549668 2.000208 -1.886491 2
8.427360 1.495381 -2.555684 2
8.750467 1.334293 -1.903037 2
9.059647 1.415735 -2.140163 2
9.059647 1.415735 -2.140163 2
9.059647 1.415735 -2.140163 2
8.367325 1.472815 -2.512974 2
8.522382 1.159286 -2.761109 2
9.080430 1.409225 -2.130061 2
10.097691 3.586738 -1.084655 2
8.729234 1.274121 -1.622138 2
8.462780 1.002287 -2.474754 2
8.462780 1.002287 -2.474754 2
9.297987 2.105772 -1.813332 2
8.774036 1.452474 -1.876898 2
8.774036 1.452474 -1.876898 2
8.827111 1.738819 -2.395401 2
8.923475 1.973882 -2.674713 2
8.578959 1.127156 -2.089239 2
9.211010 2.927433 -1.716969 2
8.888102 1.611008 -2.511333 2
8.888102 1.611008 -2.511333 2
8.782019 1.857658 -2.198854 2
13.417879 6.860812 -0.572229 2
13.417879 6.860812 -0.572229 2
8.950356 1.408255 -1.506295 2
8.709761 1.788264 -2.272450 2
8.709761 1.788264 -2.272450 2
14.136001 4.126660 -0.437960 2
14.136001 4.126660 -0.437960 2
8.734260 1.055354 -1.558880 2
10.043222 3.620251 -3.233416 2
8.919415 1.601431 -2.122113 2
8.919415 1.601431 -2.122113 2
13.041490 6.843748 -0.497552 2
13.041490 6.843748 -0.497552 2
8.821262 1.720662 -2.561144 2
9.153634 1.844424 -2.255924 2
8.798685 1.631391 -2.044053 2
8.798685 1.631391 -2.044053 2
8.798685 1.631391 -2.044053 2
9.167209 1.704251 -2.810324 2
9.167209 1.704251 -2.810324 2
8.663994 1.636406 -1.962695 2
8.809056 1.552291 -1.488148 2
8.809056 1.552291 -1.488148 2
7.057073 0.846472 -0.538263 2
9.678360 2.859787 -3.329958 2
8.656326 1.525648 -2.025085 2
7.805989 1.152114 -1.639075 2
7.805989 1.152114 -1.639075 2
7.805989 1.152114 -1.639075 2
9.793612 2.891078 -3.022071 2
8.608356 1.829177 -1.880288 2
7.566050 0.774637 -1.919849 2
7.566050 0.774637 -1.919849 2
9.689061 2.823715 -2.869396 2
9.689061 2.823715 -2.869396 2
8.876893 1.443645 -2.114175 2
7.242312 1.227436 -1.625441 2
7.242312 1.227436 -1.625441 2
7.242312 1.227436 -1.625441 2
7.242312 1.227436 -1.625441 2
3.891160 2.314440 -1.961391 2
3.891160 2.314440 -1.961391 2
3.972921 2.949405 -1.528112 2
1.846006 5.684744 -1.182461 2
3.228281 -0.841844 -0.449782 2
1.464967 1.397259 -1.170372 2
2.790449 3.105801 -4.104876 2
3.754502 2.777786 -1.554548 2
2.367414 1.712217 -3.011599 2
3.376852 -0.980595 -0.418962 2
2.436474 1.139397 -1.598723 2
2.313268 2.924839 -0.473203 2
8.064739 8.086653 -2.082277 2
1.867143 -0.524504 -2.927834 2
0.869687 1.925236 -1.081711 2
0.869687 1.925236 -1.081711 2
2.479757 2.691532 -2.479403 2
2.479757 2.691532 -2.479403 2
2.819222 -0.549820 -0.344319 2
2.819222 -0.549820 -0.344319 2
1.978450 2.055296 -1.489244 2
2.848389 2.449084 -3.629024 2
3.675565 3.280175 -1.934478 2
1.813580 -0.518509 -2.501213 2
3.167106 -0.797663 -0.427157 2
2.676370 1.647294 -1.861581 2
3.691221 2.571496 -1.861921 2
3.691221 2.571496 -1.861921 2
4.534747 5.062610 -1.778467 2
1.982353 2.663884 -1.660745 2
1.982353 2.663884 -1.660745 2
1.600030 0.313253 -0.378175 2
1.600030 0.313253 -0.378175 2
1.716748 -0.327143 -3.061562 2
0.386434 -0.247049 -1.825269 2
1.846863 1.018772 -1.884127 2
1.562895 0.371207 -0.330791 2
1.562895 0.371207 -0.330791 2
0.728583 -0.241425 -1.152497 2
0.728583 -0.241425 -1.152497 2
1.951128 2.034613 -1.718776 2
2.327332 2.935330 -0.579829 2
3.449486 2.892894 -1.794862 2
0.873478 -0.348300 -1.408318 2
0.873478 -0.348300 -1.408318 2
2.608296 2.254592 -3.459534 2
2.608296 2.254592 -3.459534 2
3.822346 3.906747 -1.721541 2
3.822346 3.906747 -1.721541 2
-0.178909 -0.997442 -1.070022 2
1.882518 2.915413 -2.989217 2
1.882518 2.915413 -2.989217 2
3.294529 2.379693 -2.044165 2
2.020248 0.115238 -3.580217 2
1.472342 -1.671386 -2.050890 2
1.869175 0.621668 -1.655410 2
2.006350 3.264817 -2.508401 2
3.485290 2.839910 -2.388798 2
3.485290 2.839910 -2.388798 2
0.568374 -1.002501 -1.116732 2
1.695145 0.833767 -1.537115 2
2.927063 2.181416 -2.382963 2
1.403069 0.155003 -3.549967 2
1.384203 0.677763 -1.318876 2
1.384203 0.677763 -1.318876 2
2.882253 2.215891 -2.377482 2
3.369192 2.679204 -1.875497 2
3.369192 2.679204 -1.875497 2
3.369192 2.679204 -1.875497 2
3.369192 2.679204 -1.875497 2
2.479350 2.684443 -0.563226 2
3.435900 2.566867 -2.000244 2
1.669318 -0.284445 -3.144295 2
0.161635 -1.015951 -1.743711 2
0.161635 -1.015951 -1.743711 2
1.798213 1.782386 -2.909015 2
1.798213 1.782386 -2.909015 2
3.129305 4.082043 -1.688507 2
0.405188 -0.405141 -1.802421 2
0.405188 -0.405141 -1.802421 2
2.433970 2.743773 -0.570650 2
2.433970 2.743773 -0.570650 2
3.880598 -0.418763 -1.666397 2
3.880598 -0.418763 -1.666397 2
1.441106 1.618493 -1.315585 2
2.441004 2.775943 -0.611743 2
2.441004 2.775943 -0.611743 2
4.021780 2.916906 -2.033323 2
4.021780 2.916906 -2.033323 2
0.927631 0.655983 -1.663443 2
0.927631 0.655983 -1.663443 2
1.859336 1.567922 -2.136763 2
2.377908 0.819480 -0.320719 2
2.377908 0.819480 -0.320719 2
2.955206 1.885221 -1.277552 2
2.955206 1.885221 -1.277552 2
4.903659 5.312732 -0.655170 2
4.903659 5.312732 -0.655170 2
8.937672 0.979728 -1.812222 2
8.937672 0.979728 -1.812222 2
8.588427 1.432804 -1.409563 2
8.294941 3.279208 -2.818877 2
8.294941 3.279208 -2.818877 2
8.738960 1.769976 -1.573853 2
8.738960 1.769976 -1.573853 2
9.073325 1.903633 -2.134767 2
8.267682 1.635273 -3.071477 2
8.267682 1.635273 -3.071477 2
8.977629 1.622621 -2.502401 2
8.977629 1.622621 -2.502401 2
7.909337 1.426921 -2.444957 2
7.909337 1.426921 -2.444957 2
9.060363 1.464817 -1.988451 2
9.060363 1.464817 -1.988451 2
9.620657 2.310185 -2.122559 2
8.664732 1.152153 -1.872090 2
8.664732 1.152153 -1.872090 2
8.657669 2.504308 -2.698025 2
8.657669 2.504308 -2.698025 2
8.364383 1.598266 -1.856849 2
15.165234 4.624549 -0.947637 2
15.165234 4.624549 -0.947637 2
15.165234 4.624549 -0.947637 2
15.165234 4.624549 -0.947637 2
8.331694 1.541802 -1.554421 2
8.331694 1.541802 -1.554421 2
8.331694 1.541802 -1.554421 2
8.331694 1.541802 -1.554421 2
8.331694 1.541802 -1.554421 2
9.409274 3.021086 -2.530096 2
9.409274 3.021086 -2.530096 2
7.917864 1.375946 -1.702889 2
7.917864 1.375946 -1.702889 2
7.917864 1.375946 -1.702889 2
8.320378 0.898413 -3.122731 2
8.320378 0.898413 -3.122731 2
8.320378 0.898413 -3.122731 2
8.320378 0.898413 -3.122731 2
9.110101 1.912279 -2.603655 2
9.110101 1.912279 -2.603655 2
9.110101 1.912279 -2.603655 2
8.261659 2.345232 -2.747741 2
8.261659 2.345232 -2.747741 2
8.261659 2.345232 -2.747741 2
8.182995 1.128278 -2.368941 2
8.381836 1.213137 -1.768019 2
8.381836 1.213137 -1.768019 2
9.615644 1.528234 -2.205181 2
10.099682 0.559165 -2.521612 2
10.099682 0.559165 -2.521612 2
10.099682 0.559165 -2.521612 2
10.099682 0.559165 -2.521612 2
10.099682 0.559165 -2.521612 2
10.099682 0.559165 -2.521612 2
8.620307 0.524587 -2.398833 2
9.141035 1.225690 -2.115053 2
9.141035 1.225690 -2.115053 2
9.461394 2.069882 -1.962280 2
9.461394 2.069882 -1.962280 2
8.720185 1.238569 -1.810201 2
8.720185 1.238569 -1.810201 2
8.720185 1.238569 -1.810201 2
8.815719 1.934322 -1.758631 2
8.815719 1.934322 -1.758631 2
8.262575 -0.477599 -2.704040 2
8.262575 -0.477599 -2.704040 2
8.500942 2.395406 -2.709041 2
8.500942 2.395406 -2.709041 2
7.853844 1.386650 -2.058855 2
7.921539 -0.196034 -2.177651 2
7.921539 -0.196034 -2.177651 2
9.114270 1.344822 -2.074879 2
9.114270 1.344822 -2.074879 2
8.577879 1.236998 -2.672925 2
8.577879 1.236998 -2.672925 2
8.610950 1.266049 -1.826766 2
8.610950 1.266049 -1.826766 2
8.610950 1.266049 -1.826766 2
8.643679 1.834872 -2.922191 2
8.643679 1.834872 -2.922191 2
9.146212 1.437062 -2.178363 2
9.146212 1.437062 -2.178363 2
7.823826 1.240765 -1.643913 2
7.823826 1.240765 -1.643913 2
7.744207 1.682092 -1.808738 2
8.760452 1.342676 -2.021517 2
8.760452 1.342676 -2.021517 2
8.878237 1.672322 -1.569910 2
8.878237 1.672322 -1.569910 2
8.440299 0.879195 -1.982150 2
8.440299 0.879195 -1.982150 2
8.889413 1.324616 -2.090752 2
8.741849 1.427359 -1.930406 2
8.741849 1.427359 -1.930406 2
7.377038 1.036428 -3.200984 2
7.377038 1.036428 -3.200984 2
6.617653 1.979864 -2.471878 2
6.194827 3.018865 -0.655667 2
4.197051 5.345674 -1.904496 2
2.899037 4.441765 -1.786498 2
2.899037 4.441765 -1.786498 2
3.386950 2.425478 -2.178076 2
3.386950 2.425478 -2.178076 2
6.509547 7.517753 0.267773 2
0.501065 -0.178782 -2.504279 2
2.808997 2.334761 -2.071334 2
2.808997 2.334761 -2.071334 2
2.808997 2.334761 -2.071334 2
6.162745 6.696099 -1.913935 2
6.162745 6.696099 -1.913935 2
2.489375 1.517480 -1.852588 2
2.489375 1.517480 -1.852588 2
2.489375 1.517480 -1.852588 2
6.664800 7.874383 -2.165730 2
6.664800 7.874383 -2.165730 2
2.817142 3.940031 -1.677970 2
2.817142 3.940031 -1.677970 2
6.513950 9.425791 -0.893543 2
3.079091 0.896194 -1.469178 2
3.079091 0.896194 -1.469178 2
1.922397 3.257036 -2.130113 2
1.922397 3.257036 -2.130113 2
7.052378 9.380928 -1.232910 2
7.052378 9.380928 -1.232910 2
0.745737 -0.738033 -2.085012 2
2.288142 2.251334 -1.700889 2
2.288142 2.251334 -1.700889 2
8.900302 13.440793 -0.923685 2
8.900302 13.440793 -0.923685 2
2.346187 1.849672 -1.890146 2
2.346187 1.849672 -1.890146 2
1.673338 1.555580 -1.702196 2
7.043181 9.814333 -2.215503 2
7.043181 9.814333 -2.215503 2
1.303271 0.139900 -1.800446 2
1.303271 0.139900 -1.800446 2
1.835456 0.978098 -1.817888 2
1.835456 0.978098 -1.817888 2
2.508490 2.937475 -1.473220 2
1.879478 1.701487 -2.241037 2
1.879478 1.701487 -2.241037 2
2.070030 0.786578 -1.763441 2
2.070030 0.786578 -1.763441 2
3.137607 4.882473 -2.870458 2
3.137607 4.882473 -2.870458 2
2.446887 2.617892 -2.090553 2
1.756596 1.378035 -1.107721 2
1.756596 1.378035 -1.107721 2
3.312335 4.042692 -2.281582 2
3.312335 4.042692 -2.281582 2
-1.886341 3.592227 -0.952951 2
-1.886341 3.592227 -0.952951 2
2.272189 0.393670 -1.923622 2
3.253820 4.523592 -1.968454 2
3.253820 4.523592 -1.968454 2
1.263731 -0.484091 -2.417494 2
1.263731 -0.484091 -2.417494 2
2.203769 1.723700 -1.992368 2
2.203769 1.723700 -1.992368 2
1.498358 -0.076930 -2.544988 2
1.994081 0.805737 -0.963393 2
1.994081 0.805737 -0.963393 2
1.923649 0.910612 -1.976699 2
1.923649 0.910612 -1.976699 2
1.447414 -0.170521 -2.430856 2
1.447414 -0.170521 -2.430856 2
2.098875 1.480073 -1.983170 2
2.098875 1.480073 -1.983170 2
3.496595 3.182701 -1.782699 2
3.496595 3.182701 -1.782699 2
3.496595 3.182701 -1.782699 2
2.056211 1.985483 -2.014907 2
2.056211 1.985483 -2.014907 2
3.458896 3.179182 -1.720150 2
1.529327 -0.191447 -3.755952 2
1.529327 -0.191447 -3.755952 2
2.004334 2.523149 -2.191909 2
2.004334 2.523149 -2.191909 2
2.227219 4.391266 -1.700748 2
2.227219 4.391266 -1.700748 2
3.623205 3.367451 -1.296225 2
1.945650 1.241961 -2.090765 2
1.945650 1.241961 -2.090765 2
6.708728 7.647433 -2.320076 2
1.299353 -0.244236 -2.699193 2
4.281945 4.899011 -1.584046 2
1.933548 0.916734 -2.272767 2
1.933548 0.916734 -2.272767 2
1.912691 5.284997 -0.953501 2
1.866395 0.607541 -2.603639 2
1.588284 1.549195 -1.378223 2
2.076333 2.127994 -1.978125 2
2.076333 2.127994 -1.978125 2
2.076333 2.127994 -1.978125 2
3.390538 -0.628428 -2.972279 2
4.610283 1.642196 -0.757869 2
6.397099 2.712348 -1.815822 2
8.250753 3.220625 -1.641729 2
8.250753 3.220625 -1.641729 2
8.250753 3.220625 -1.641729 2
8.250753 3.220625 -1.641729 2
16.526388 2.131984 -0.745682 2
14.999667 4.540679 0.642747 2
14.999667 4.540679 0.642747 2
17.892664 0.607405 -2.255773 2
17.892664 0.607405 -2.255773 2
17.506857 2.024038 -0.287001 2
17.506857 2.024038 -0.287001 2
17.506857 2.024038 -0.287001 2
17.506857 2.024038 -0.287001 2
17.506857 2.024038 -0.287001 2
17.506857 2.024038 -0.287001 2
17.506857 2.024038 -0.287001 2
17.506857 2.024038 -0.287001 2
17.506857 2.024038 -0.287001 2
17.506857 2.024038 -0.287001 2
17.506857 2.024038 -0.287001 2
17.506857 2.024038 -0.287001 2
17.506857 2.024038 -0.287001 2
17.506857 2.024038 -0.287001 2
16.198591 2.144119 -1.786422 2
16.198591 2.144119 -1.786422 2
16.154835 1.887119 -1.909911 2
16.154835 1.887119 -1.909911 2
16.154835 1.887119 -1.909911 2
16.386894 1.747290 -1.884438 2
15.619716 2.097878 -1.502688 2
15.619716 2.097878 -1.502688 2
15.619716 2.097878 -1.502688 2
16.573919 1.565084 -1.839962 2
15.781773 1.737712 -1.601725 2
15.799338 2.257732 -1.403229 2
15.799338 2.257732 -1.403229 2
15.799338 2.257732 -1.403229 2
16.446243 1.648195 -1.776431 2
16.446243 1.648195 -1.776431 2
16.394056 1.947227 -1.786385 2
16.394056 1.947227 -1.786385 2
16.394056 1.947227 -1.786385 2
16.408216 1.752602 -1.768930 2
16.396021 2.908432 -1.749856 2
15.696673 1.899590 -1.565882 2
15.696673 1.899590 -1.565882 2
15.696673 1.899590 -1.565882 2
15.696673 1.899590 -1.565882 2
15.696673 1.899590 -1.565882 2
15.696673 1.899590 -1.565882 2
15.696673 1.899590 -1.565882 2
15.696673 1.899590 -1.565882 2
15.696673 1.899590 -1.565882 2
15.696673 1.899590 -1.565882 2
15.696673 1.899590 -1.565882 2
15.696673 1.899590 -1.565882 2
15.696673 1.899590 -1.565882 2
15.696673 1.899590 -1.565882 2
15.696673 1.899590 -1.565882 2
15.696673 1.899590 -1.565882 2
15.696673 1.899590 -1.565882 2
15.696673 1.899590 -1.565882 2
15.696673 1.899590 -1.565882 2
15.696673 1.899590 -1.565882 2
15.696673 1.899590 -1.565882 2
17.848713 2.027387 -2.787774 2
17.848713 2.027387 -2.787774 2
16.463177 1.605787 -1.545905 2
16.463177 1.605787 -1.545905 2
16.463177 1.605787 -1.545905 2
16.463177 1.605787 -1.545905 2
16.463177 1.605787 -1.545905 2
16.463177 1.605787 -1.545905 2
16.463177 1.605787 -1.545905 2
16.463177 1.605787 -1.545905 2
16.463177 1.605787 -1.545905 2
16.463177 1.605787 -1.545905 2
16.463177 1.605787 -1.545905 2
16.031462 1.571916 -1.902239 2
16.031462 1.571916 -1.902239 2
16.031462 1.571916 -1.902239 2
16.031462 1.571916 -1.902239 2
16.031462 1.571916 -1.902239 2
16.031462 1.571916 -1.902239 2
16.031462 1.571916 -1.902239 2
16.031462 1.571916 -1.902239 2
16.031462 1.571916 -1.902239 2
16.031462 1.571916 -1.902239 2
16.031462 1.571916 -1.902239 2
16.031462 1.571916 -1.902239 2
16.031462 1.571916 -1.902239 2
16.031462 1.571916 -1.902239 2
16.031462 1.571916 -1.902239 2
16.031462 1.571916 -1.902239 2
16.031462 1.571916 -1.902239 2
16.031462 1.571916 -1.902239 2
16.031462 1.571916 -1.902239 2
16.031462 1.571916 -1.902239 2
16.031462 1.571916 -1.902239 2
16.031462 1.571916 -1.902239 2
16.031462 1.571916 -1.902239 2
16.031462 1.571916 -1.902239 2
16.031462 1.571916 -1.902239 2
4.055119 5.207134 -0.700347 2
4.055119 5.207134 -0.700347 2
1.107095 2.405991 -1.346447 2
3.213116 1.527664 -1.562445 2
2.531194 5.302774 -0.836345 2
6.685705 9.478016 -0.686963 2
0.827851 2.394079 -1.998906 2
1.433108 1.699849 -1.228763 2
2.170077 2.833436 -1.539811 2
2.170077 2.833436 -1.539811 2
4.572076 4.717789 -1.435050 2
2.178823 3.877209 -1.787447 2
-0.952731 2.742910 -0.040728 2
1.879196 3.106655 -1.441946 2
1.879196 3.106655 -1.441946 2
5.435984 3.897475 -3.306669 2
2.162444 0.029055 -2.852513 2
1.007976 1.387282 -1.497060 2
2.469034 2.433090 -1.450827 2
2.469034 2.433090 -1.450827 2
3.499444 4.397132 -2.111151 2
1.765034 0.021611 -2.305634 2
3.410308 3.007172 -1.337846 2
1.928950 2.897327 -2.145978 2
1.928950 2.897327 -2.145978 2
6.113780 6.624154 -0.625668 2
6.113780 6.624154 -0.625668 2
3.412905 2.915140 -1.419354 2
2.086401 3.344332 -1.770223 2
2.086401 3.344332 -1.770223 2
7.296092 8.085242 -1.921718 2
1.412039 -2.742138 -1.461806 2
2.235509 0.251204 -0.868086 2
2.235509 0.251204 -0.868086 2
2.121275 3.355328 -1.665984 2
2.852441 3.721501 -2.594764 2
2.852441 3.721501 -2.594764 2
1.901125 3.065585 -2.191511 2
1.901125 3.065585 -2.191511 2
1.901125 3.065585 -2.191511 2
1.901125 3.065585 -2.191511 2
3.819719 4.873940 -1.933628 2
1.730023 0.938761 -1.082702 2
1.786306 2.644778 -2.346911 2
1.786306 2.644778 -2.346911 2
5.146068 5.585966 0.190603 2
2.181967 0.647499 -2.475384 2
2.181967 0.647499 -2.475384 2
2.250247 2.876942 -1.570569 2
2.250247 2.876942 -1.570569 2
-0.605368 1.503990 -0.277918 2
2.834212 4.241544 -1.850537 2
2.834212 4.241544 -1.850537 2
1.301661 1.796947 -1.930155 2
1.301661 1.796947 -1.930155 2
4.705738 5.961444 -1.738613 2
4.705738 5.961444 -1.738613 2
-1.805759 -1.621848 -1.555675 2
2.280976 2.292823 -1.706715 2
2.280976 2.292823 -1.706715 2
5.013921 7.724253 0.133308 2
5.013921 7.724253 0.133308 2
3.435002 4.337523 -2.108819 2
2.981232 3.943698 -1.206351 2
2.981232 3.943698 -1.206351 2
2.981232 3.943698 -1.206351 2
2.981232 3.943698 -1.206351 2
1.204145 2.298819 -1.484384 2
1.204145 2.298819 -1.484384 2
1.655871 1.444815 -1.407091 2
1.655871 1.444815 -1.407091 2
3.171607 3.902531 -1.454533 2
1.157359 2.427643 -1.411416 2
1.418694 1.434260 -1.960332 2
1.418694 1.434260 -1.960332 2
1.418694 1.434260 -1.960332 2
1.418694 1.434260 -1.960332 2
1.418694 1.434260 -1.960332 2
2.594763 2.155707 -1.622527 2
3.808306 5.128203 -1.981688 2
3.808306 5.128203 -1.981688 2
2.421323 5.508252 -0.815389 2
2.421323 5.508252 -0.815389 2
2.611150 2.163834 -1.603091 2
2.356092 5.535139 -0.749891 2
2.356092 5.535139 -0.749891 2
3.137870 3.757659 -1.371846 2
1.227065 2.188563 -1.765306 2
2.516174 2.353585 -1.479811 2
2.516174 2.353585 -1.479811 2
3.093842 6.325089 -1.278772 2
3.107134 3.780353 -1.439517 2
1.430431 2.254476 -0.651099 2
2.486007 2.155278 -1.729039 2
3.951990 3.514823 -1.158970 2
3.951990 3.514823 -1.158970 2
7.032269 1.365108 -2.763561 2
10.041635 0.830137 -3.723749 2
10.041635 0.830137 -3.723749 2
13.452342 6.344771 0.441342 2
13.452342 6.344771 0.441342 2
16.228378 1.679569 -1.072787 2
15.792025 0.135055 -1.615291 2
16.293293 0.463658 0.021821 2
16.293293 0.463658 0.021821 2
16.293293 0.463658 0.021821 2
17.479378 1.465423 -0.716358 2
17.479378 1.465423 -0.716358 2
17.479378 1.465423 -0.716358 2
17.479378 1.465423 -0.716358 2
17.479378 1.465423 -0.716358 2
16.565197 1.777621 -0.302723 2
17.839506 2.221745 -1.016083 2
17.839506 2.221745 -1.016083 2
17.839506 2.221745 -1.016083 2
17.839506 2.221745 -1.016083 2
17.839506 2.221745 -1.016083 2
17.839506 2.221745 -1.016083 2
17.839506 2.221745 -1.016083 2
17.839506 2.221745 -1.016083 2
17.839506 2.221745 -1.016083 2
17.839506 2.221745 -1.016083 2
17.839506 2.221745 -1.016083 2
17.839506 2.221745 -1.016083 2
17.839506 2.221745 -1.016083 2
17.838552 5.595155 0.344466 2
17.838552 5.595155 0.344466 2
16.171995 1.655073 -1.937110 2
16.171995 1.655073 -1.937110 2
17.575026 2.694761 -0.459227 2
17.575026 2.694761 -0.459227 2
17.575026 2.694761 -0.459227 2
16.059544 1.650666 -1.820538 2
16.059544 1.650666 -1.820538 2
16.059544 1.650666 -1.820538 2
16.059544 1.650666 -1.820538 2
16.059544 1.650666 -1.820538 2
15.963094 1.673384 -1.881956 2
15.963094 1.673384 -1.881956 2
15.963094 1.673384 -1.881956 2
15.963094 1.673384 -1.881956 2
16.874374 3.606554 0.411292 2
16.015421 1.594187 -1.824296 2
16.654051 1.781410 -1.999864 2
16.689629 1.636452 -0.566836 2
16.689629 1.636452 -0.566836 2
16.689629 1.636452 -0.566836 2
16.017941 1.750408 -1.805152 2
16.520094 1.845838 -1.883177 2
16.689913 1.624285 -0.596238 2
16.689913 1.624285 -0.596238 2
16.689913 1.624285 -0.596238 2
16.704245 1.792450 -0.699716 2
16.607729 2.047574 -0.844355 2
16.174025 1.745644 -1.747028 2
16.174025 1.745644 -1.747028 2
16.174025 1.745644 -1.747028 2
16.075809 1.767333 -1.756210 2
16.522676 1.714217 -1.888896 2
16.186817 1.785574 -1.631425 2
13.573927 1.233640 2.439623 2
13.573927 1.233640 2.439623 2
15.958132 1.801406 -1.800296 2
16.454002 1.773996 -1.857229 2
16.352861 1.971873 -1.911273 2
16.352861 1.971873 -1.911273 2
16.352861 1.971873 -1.911273 2
15.950428 1.828747 -1.744928 2
16.437922 1.759920 -1.890232 2
15.490703 1.679556 -0.131085 2
15.490703 1.679556 -0.131085 2
15.490703 1.679556 -0.131085 2
16.365156 1.667512 -0.514789 2
16.506483 1.766593 -1.855176 2
16.506483 1.766593 -1.855176 2
16.506483 1.766593 -1.855176 2
16.506483 1.766593 -1.855176 2
16.506483 1.766593 -1.855176 2
16.506483 1.766593 -1.855176 2
16.506483 1.766593 -1.855176 2
16.506483 1.766593 -1.855176 2
16.999426 3.198498 -1.801118 2
16.025400 1.675035 -1.752895 2
16.025400 1.675035 -1.752895 2
16.025400 1.675035 -1.752895 2
16.025400 1.675035 -1.752895 2
16.025400 1.675035 -1.752895 2
16.025400 1.675035 -1.752895 2
16.025400 1.675035 -1.752895 2
16.025400 1.675035 -1.752895 2
17.637239 2.914550 -0.080432 2
17.637239 2.914550 -0.080432 2
17.637239 2.914550 -0.080432 2
17.637239 2.914550 -0.080432 2
14.771379 0.946974 0.139744 2
13.386627 1.729373 -1.744171 2
13.386627 1.729373 -1.744171 2
13.386627 1.729373 -1.744171 2
5.770944 3.242655 -2.260535 2
3.793081 4.476767 -2.171315 2
3.793081 4.476767 -2.171315 2
3.793081 4.476767 -2.171315 2
7.450097 6.120533 0.234649 2
7.450097 6.120533 0.234649 2
1.039413 1.573746 -1.203347 2
2.585354 2.120523 -1.342948 2
2.585354 2.120523 -1.342948 2
2.585354 2.120523 -1.342948 2
3.470670 3.487305 -0.134585 2
2.451149 2.509714 -1.760904 2
2.451149 2.509714 -1.760904 2
2.483397 2.475387 -0.603042 2
2.483397 2.475387 -0.603042 2
3.416401 3.111338 -2.439795 2
-0.040004 2.103041 -2.104226 2
1.474642 2.747400 -1.491361 2
1.822435 2.188168 -0.427626 2
1.822435 2.188168 -0.427626 2
4.534474 1.407591 -0.155252 2
1.768050 1.984668 -0.667133 2
1.722558 1.563343 -0.947045 2
2.632327 3.230325 -1.662662 2
2.632327 3.230325 -1.662662 2
3.187518 3.562093 -1.475061 2
2.331443 2.281187 -1.696800 2
2.331443 2.281187 -1.696800 2
2.685689 3.137325 -1.667545 2
2.685689 3.137325 -1.667545 2
2.301569 3.575253 0.087644 2
1.450005 2.681650 -1.973651 2
2.036447 0.735340 -0.695374 2
2.036447 0.735340 -0.695374 2
2.578749 2.997541 -1.660191 2
3.636529 1.865108 -0.319098 2
3.619566 3.684713 -1.188148 2
3.619566 3.684713 -1.188148 2
2.333061 3.483741 -1.795538 2
2.333061 3.483741 -1.795538 2
3.582040 2.822604 -1.357595 2
2.604812 0.168269 -0.380565 2
2.604812 0.168269 -0.380565 2
3.438516 4.905870 -2.277005 2
3.438516 4.905870 -2.277005 2
1.969302 1.397532 -1.785570 2
1.018293 1.487513 -1.637869 2
1.442601 1.147572 -1.114677 2
2.130632 3.011521 -2.307257 2
2.130632 3.011521 -2.307257 2
3.217441 2.500089 -0.178773 2
0.983764 1.433035 -1.656389 2
2.164219 1.965365 -1.416860 2
2.385825 3.273666 -1.738176 2
2.385825 3.273666 -1.738176 2
4.955270 7.126815 0.456673 2
0.974250 1.309330 -1.685655 2
2.069648 0.567421 -0.469489 2
2.315845 3.412748 -1.805016 2
2.315845 3.412748 -1.805016 2
-0.355705 1.819463 -0.113052 2
0.972476 1.378969 -1.651611 2
1.533879 1.076716 -1.015828 2
2.483856 3.002934 -1.836999 2
2.483856 3.002934 -1.836999 2
-0.282593 1.467228 -0.149226 2
0.873940 1.232348 -1.198994 2
1.366590 0.894832 -1.085906 2
2.441210 3.075676 -1.819816 2
2.441210 3.075676 -1.819816 2
2.299358 4.329413 -0.282647 2
0.973702 1.182314 -1.658424 2
1.684891 1.213683 -1.114351 2
2.338943 1.913636 -2.398580 2
2.338943 1.913636 -2.398580 2
-0.060396 1.652196 -0.015949 2
0.856383 1.398460 -1.265234 2
1.304618 2.285108 -1.658474 2
2.557324 2.793262 -1.839705 2
2.557324 2.793262 -1.839705 2
0.676899 0.699201 -1.467626 2
1.033717 1.199400 -1.631756 2
0.770967 2.371474 -1.208518 2
2.654626 3.148413 -1.960257 2
2.654626 3.148413 -1.960257 2
2.035807 3.226329 0.501698 2
2.035807 3.226329 0.501698 2
1.731998 2.872276 -0.555831 2
1.723394 1.411367 -1.721140 2
1.723394 1.411367 -1.721140 2
1.723394 1.411367 -1.721140 2
1.723394 1.411367 -1.721140 2
1.723394 1.411367 -1.721140 2
1.962161 1.443264 -2.283980 2
1.962161 1.443264 -2.283980 2
0.313663 1.913097 -1.269374 2
3.733749 5.435996 -0.533985 2
1.714638 3.003686 -0.558013 2
3.313171 3.065678 -1.811538 2
4.836973 5.177128 -0.684921 2
4.836973 5.177128 -0.684921 2
4.836973 5.177128 -0.684921 2
15.726406 -3.146095 -2.914084 2
16.738985 1.232350 -1.495442 2
16.738985 1.232350 -1.495442 2
16.738985 1.232350 -1.495442 2
22.253101 1.768161 -2.306517 2
26.033003 -1.355336 -2.630021 2
26.033003 -1.355336 -2.630021 2
26.033003 -1.355336 -2.630021 2
26.033003 -1.355336 -2.630021 2
26.033003 -1.355336 -2.630021 2
26.033003 -1.355336 -2.630021 2
26.033003 -1.355336 -2.630021 2
26.033003 -1.355336 -2.630021 2
26.033003 -1.355336 -2.630021 2
26.033003 -1.355336 -2.630021 2
26.033003 -1.355336 -2.630021 2
26.033003 -1.355336 -2.630021 2
26.033003 -1.355336 -2.630021 2
26.033003 -1.355336 -2.630021 2
26.033003 -1.355336 -2.630021 2
26.033003 -1.355336 -2.630021 2
26.033003 -1.355336 -2.630021 2
26.033003 -1.355336 -2.630021 2
26.033003 -1.355336 -2.630021 2
26.033003 -1.355336 -2.630021 2
26.033003 -1.355336 -2.630021 2
26.033003 -1.355336 -2.630021 2
26.033003 -1.355336 -2.630021 2
26.033003 -1.355336 -2.630021 2
26.241785 3.125512 -1.750382 2
26.241785 3.125512 -1.750382 2
26.241785 3.125512 -1.750382 2
26.241785 3.125512 -1.750382 2
26.241785 3.125512 -1.750382 2
26.864788 3.721499 -1.410076 2
26.864788 3.721499 -1.410076 2
26.864788 3.721499 -1.410076 2
26.864788 3.721499 -1.410076 2
26.864788 3.721499 -1.410076 2
27.319288 4.585966 -0.661737 2
27.319288 4.585966 -0.661737 2
27.319288 4.585966 -0.661737 2
27.319288 4.585966 -0.661737 2
27.319288 4.585966 -0.661737 2
26.544006 3.594962 -1.368109 2
26.544006 3.594962 -1.368109 2
26.544006 3.594962 -1.368109 2
26.544006 3.594962 -1.368109 2
26.544006 3.594962 -1.368109 2
26.601616 3.699347 -1.725166 2
26.601616 3.699347 -1.725166 2
26.601616 3.699347 -1.725166 2
26.601616 3.699347 -1.725166 2
26.601616 3.699347 -1.725166 2
26.601616 3.699347 -1.725166 2
26.601616 3.699347 -1.725166 2
26.601616 3.699347 -1.725166 2
26.601616 3.699347 -1.725166 2
26.601616 3.699347 -1.725166 2
26.558582 4.064309 -0.753045 2
26.558582 4.064309 -0.753045 2
26.558582 4.064309 -0.753045 2
26.558582 4.064309 -0.753045 2
26.558582 4.064309 -0.753045 2
26.348509 3.643694 -1.399049 2
26.348509 3.643694 -1.399049 2
26.348509 3.643694 -1.399049 2
26.348509 3.643694 -1.399049 2
26.348509 3.643694 -1.399049 2
26.433603 3.756284 -1.696204 2
26.433603 3.756284 -1.696204 2
26.433603 3.756284 -1.696204 2
26.433603 3.756284 -1.696204 2
26.433603 3.756284 -1.696204 2
26.896475 3.820529 -1.217275 2
26.896475 3.820529 -1.217275 2
26.896475 3.820529 -1.217275 2
26.896475 3.820529 -1.217275 2
26.896475 3.820529 -1.217275 2
26.896475 3.820529 -1.217275 2
26.896475 3.820529 -1.217275 2
26.896475 3.820529 -1.217275 2
26.896475 3.820529 -1.217275 2
26.896475 3.820529 -1.217275 2
26.896475 3.820529 -1.217275 2
26.896475 3.820529 -1.217275 2
26.896475 3.820529 -1.217275 2
26.896475 3.820529 -1.217275 2
26.896475 3.820529 -1.217275 2
26.896475 3.820529 -1.217275 2
26.896475 3.820529 -1.217275 2
26.896475 3.820529 -1.217275 2
26.896475 3.820529 -1.217275 2
26.896475 3.820529 -1.217275 2
26.896475 3.820529 -1.217275 2
26.896475 3.820529 -1.217275 2
18.637302 2.675259 -1.598302 2
18.637302 2.675259 -1.598302 2
18.637302 2.675259 -1.598302 2
18.637302 2.675259 -1.598302 2
18.637302 2.675259 -1.598302 2
18.637302 2.675259 -1.598302 2
7.914207 8.948532 -1.725368 2
7.914207 8.948532 -1.725368 2
7.914207 8.948532 -1.725368 2
4.974575 2.346177 -0.184074 2
5.533694 8.545721 -0.749994 2
0.557765 3.881948 -0.524756 2
2.133344 0.352866 -1.994769 2
2.133344 0.352866 -1.994769 2
5.404515 7.521972 0.405468 2
-2.489050 -1.410798 -1.506882 2
-2.489050 -1.410798 -1.506882 2
2.149259 2.585830 -2.291646 2
0.856069 2.636970 -0.960341 2
0.856069 2.636970 -0.960341 2
-0.541870 -0.359591 -2.288988 2
0.951265 2.538634 -0.870504 2
2.153394 2.800389 -1.107139 2
4.595121 6.111285 -0.462183 2
4.595121 6.111285 -0.462183 2
0.087201 1.339685 -2.157728 2
1.017246 2.580971 -0.694103 2
2.118093 2.232564 -1.487604 2
1.224191 1.701539 -1.178618 2
1.224191 1.701539 -1.178618 2
1.668405 2.956126 -1.960779 2
0.984842 2.300500 -1.692061 2
1.475614 1.161698 -2.452206 2
0.698127 1.467784 -0.871051 2
0.698127 1.467784 -0.871051 2
-1.020301 0.252745 -1.781407 2
2.080934 1.509397 -0.911505 2
4.365206 4.623171 -0.556000 2
1.979245 2.922520 -2.163744 2
1.979245 2.922520 -2.163744 2
1.979245 2.922520 -2.163744 2
1.247962 4.174572 -2.534446 2
1.247962 4.174572 -2.534446 2
1.238109 2.562059 -1.525450 2
1.238109 2.562059 -1.525450 2
1.238109 2.562059 -1.525450 2
1.136237 4.232606 -2.593399 2
1.136237 4.232606 -2.593399 2
1.283484 2.739131 -1.409284 2
1.283484 2.739131 -1.409284 2
1.883942 3.236693 0.047002 2
1.965691 3.039079 -2.627713 2
2.165431 2.993635 -2.023669 2
1.190044 2.585157 -1.463774 2
1.190044 2.585157 -1.463774 2
1.190044 2.585157 -1.463774 2
1.190044 2.585157 -1.463774 2
1.881392 1.048728 -0.901076 2
1.114303 3.042807 -1.703051 2
1.114303 3.042807 -1.703051 2
1.114303 3.042807 -1.703051 2
0.510702 0.124228 -2.871110 2
0.510702 0.124228 -2.871110 2
1.038318 2.897029 -1.593942 2
1.038318 2.897029 -1.593942 2
1.038318 2.897029 -1.593942 2
1.154688 6.205997 -1.824909 2
-0.181591 -0.486329 -1.836207 2
1.032064 3.051274 -1.724956 2
1.032064 3.051274 -1.724956 2
1.032064 3.051274 -1.724956 2
1.287917 1.668836 -1.710212 2
-0.713650 -1.301392 -1.517474 2
0.960922 2.745798 -1.667778 2
0.960922 2.745798 -1.667778 2
0.960922 2.745798 -1.667778 2
3.375538 5.446637 -2.377532 2
-0.958223 -1.379808 -1.633543 2
1.072612 3.070750 -1.732581 2
1.072612 3.070750 -1.732581 2
-0.691059 1.617288 -0.265494 2
3.324146 4.467224 -2.580286 2
1.549530 1.772173 -1.310837 2
1.044141 3.117563 -1.634137 2
1.044141 3.117563 -1.634137 2
-0.511192 1.769459 -0.258867 2
2.479051 3.947653 -2.344385 2
1.362522 0.799985 -0.918541 2
2.485517 2.656661 -2.158695 2
2.485517 2.656661 -2.158695 2
-0.591541 1.650415 -0.211156 2
2.794401 3.927045 -1.906838 2
1.939874 2.560447 -1.072707 2
2.019424 2.670302 -2.182677 2
2.019424 2.670302 -2.182677 2
-0.849478 1.594679 -0.276754 2
-0.849478 1.594679 -0.276754 2
2.006904 2.293566 -0.997424 2
3.074894 2.940029 -1.626066 2
3.074894 2.940029 -1.626066 2
8.305519 5.451166 -1.583987 2
8.305519 5.451166 -1.583987 2
8.305519 5.451166 -1.583987 2
16.269653 1.776395 -1.520376 2
16.269653 1.776395 -1.520376 2
16.269653 1.776395 -1.520376 2
16.269653 1.776395 -1.520376 2
16.269653 1.776395 -1.520376 2
16.269653 1.776395 -1.520376 2
16.269653 1.776395 -1.520376 2
16.269653 1.776395 -1.520376 2
16.269653 1.776395 -1.520376 2
16.269653 1.776395 -1.520376 2
16.269653 1.776395 -1.520376 2
16.269653 1.776395 -1.520376 2
16.269653 1.776395 -1.520376 2
16.269653 1.776395 -1.520376 2
16.269653 1.776395 -1.520376 2
16.269653 1.776395 -1.520376 2
16.269653 1.776395 -1.520376 2
16.269653 1.776395 -1.520376 2
16.269653 1.776395 -1.520376 2
16.269653 1.776395 -1.520376 2
16.269653 1.776395 -1.520376 2
16.269653 1.776395 -1.520376 2
16.269653 1.776395 -1.520376 2
16.269653 1.776395 -1.520376 2
16.269653 1.776395 -1.520376 2
16.269653 1.776395 -1.520376 2
16.269653 1.776395 -1.520376 2
16.269653 1.776395 -1.520376 2
16.269653 1.776395 -1.520376 2
16.269653 1.776395 -1.520376 2
16.269653 1.776395 -1.520376 2
16.269653 1.776395 -1.520376 2
16.269653 1.776395 -1.520376 2
27.170912 3.678452 -0.687136 2
27.170912 3.678452 -0.687136 2
27.170912 3.678452 -0.687136 2
27.170912 3.678452 -0.687136 2
27.170912 3.678452 -0.687136 2
25.981903 2.529018 -2.044502 2
25.981903 2.529018 -2.044502 2
25.981903 2.529018 -2.044502 2
25.981903 2.529018 -2.044502 2
25.981903 2.529018 -2.044502 2
25.981903 2.529018 -2.044502 2
25.981903 2.529018 -2.044502 2
25.981903 2.529018 -2.044502 2
25.981903 2.529018 -2.044502 2
25.981903 2.529018 -2.044502 2
27.063318 3.791979 -0.801731 2
27.063318 3.791979 -0.801731 2
27.063318 3.791979 -0.801731 2
27.063318 3.791979 -0.801731 2
27.063318 3.791979 -0.801731 2
26.814751 3.701528 -0.539267 2
26.814751 3.701528 -0.539267 2
26.814751 3.701528 -0.539267 2
26.814751 3.701528 -0.539267 2
26.814751 3.701528 -0.539267 2
26.814751 3.701528 -0.539267 2
26.814751 3.701528 -0.539267 2
26.814751 3.701528 -0.539267 2
26.814751 3.701528 -0.539267 2
26.814751 3.701528 -0.539267 2
26.684484 3.463376 -1.248657 2
26.684484 3.463376 -1.248657 2
26.684484 3.463376 -1.248657 2
26.684484 3.463376 -1.248657 2
26.684484 3.463376 -1.248657 2
26.684484 3.463376 -1.248657 2
26.684484 3.463376 -1.248657 2
26.684484 3.463376 -1.248657 2
26.684484 3.463376 -1.248657 2
26.684484 3.463376 -1.248657 2
26.684484 3.463376 -1.248657 2
26.684484 3.463376 -1.248657 2
26.684484 3.463376 -1.248657 2
26.684484 3.463376 -1.248657 2
26.684484 3.463376 -1.248657 2
26.684484 3.463376 -1.248657 2
26.684484 3.463376 -1.248657 2
26.684484 3.463376 -1.248657 2
26.684484 3.463376 -1.248657 2
26.684484 3.463376 -1.248657 2
26.684484 3.463376 -1.248657 2
26.684484 3.463376 -1.248657 2
26.684484 3.463376 -1.248657 2
26.684484 3.463376 -1.248657 2
26.684484 3.463376 -1.248657 2
26.684484 3.463376 -1.248657 2
26.684484 3.463376 -1.248657 2
26.684484 3.463376 -1.248657 2
26.684484 3.463376 -1.248657 2
26.684484 3.463376 -1.248657 2
26.684484 3.463376 -1.248657 2
26.684484 3.463376 -1.248657 2
26.684484 3.463376 -1.248657 2
26.684484 3.463376 -1.248657 2
26.684484 3.463376 -1.248657 2
26.684484 3.463376 -1.248657 2
19.364782 1.725647 -1.702318 2
16.132275 3.384371 -1.445866 2
14.259624 2.589928 -0.855730 2
14.259624 2.589928 -0.855730 2
14.259624 2.589928 -0.855730 2
14.259624 2.589928 -0.855730 2
4.275239 2.098796 -2.225998 2
3.737379 -0.565023 -1.558263 2
4.911139 2.208077 -2.185775 2
4.911139 2.208077 -2.185775 2
5.588577 6.328852 0.059481 2
1.303757 1.770424 -2.433092 2
3.706361 -0.568832 0.372646 2
2.774138 3.137156 -1.650725 2
2.774138 3.137156 -1.650725 2
2.774138 3.137156 -1.650725 2
2.774138 3.137156 -1.650725 2
3.462876 -0.866466 -0.508646 2
0.646125 2.917900 -1.187765 2
0.646125 2.917900 -1.187765 2
-0.601791 0.508399 -0.087317 2
3.480342 4.255736 -2.755906 2
4.376806 6.187501 -1.531696 2
2.016245 2.414202 -1.468668 2
2.016245 2.414202 -1.468668 2
2.016245 2.414202 -1.468668 2
3.574560 5.699244 -2.757319 2
-0.748799 0.327416 -1.198477 2
2.155005 1.800100 -1.846423 2
2.155005 1.800100 -1.846423 2
-0.618535 1.587885 -0.586991 2
2.621857 4.475854 -2.033965 2
2.621857 4.475854 -2.033965 2
1.452322 1.783177 -1.863906 2
1.452322 1.783177 -1.863906 2
1.452322 1.783177 -1.863906 2
2.570349 4.083210 -2.102317 2
2.570349 4.083210 -2.102317 2
1.528381 1.892126 -1.274484 2
1.528381 1.892126 -1.274484 2
1.528381 1.892126 -1.274484 2
1.528381 1.892126 -1.274484 2
1.528381 1.892126 -1.274484 2
1.573066 0.883097 -1.466771 2
1.573066 0.883097 -1.466771 2
1.573066 0.883097 -1.466771 2
2.960324 4.048379 -2.355051 2
2.960324 4.048379 -2.355051 2
2.131591 2.751660 -2.319790 2
2.131591 2.751660 -2.319790 2
-0.558213 1.638553 -0.426705 2
-0.558213 1.638553 -0.426705 2
1.216168 3.019898 -1.736093 2
1.531571 2.101039 -2.028276 2
1.531571 2.101039 -2.028276 2
1.531571 2.101039 -2.028276 2
1.531571 2.101039 -2.028276 2
1.064662 3.373914 -1.480948 2
1.050779 1.352709 -2.075762 2
1.050779 1.352709 -2.075762 2
1.050779 1.352709 -2.075762 2
1.050779 1.352709 -2.075762 2
1.050779 1.352709 -2.075762 2
1.050779 1.352709 -2.075762 2
1.050779 1.352709 -2.075762 2
1.050779 1.352709 -2.075762 2
1.050779 1.352709 -2.075762 2
1.050779 1.352709 -2.075762 2
0.789020 1.442800 -1.671951 2
0.789020 1.442800 -1.671951 2
0.721293 2.360253 -1.382714 2
0.721293 2.360253 -1.382714 2
0.721293 2.360253 -1.382714 2
0.721293 2.360253 -1.382714 2
0.721293 2.360253 -1.382714 2
0.721293 2.360253 -1.382714 2
0.721293 2.360253 -1.382714 2
0.721293 2.360253 -1.382714 2
0.721293 2.360253 -1.382714 2
0.721293 2.360253 -1.382714 2
1.249734 2.016748 -1.963662 2
1.249734 2.016748 -1.963662 2
2.290944 2.575696 -1.657493 2
1.224708 1.924950 -1.917050 2
1.224708 1.924950 -1.917050 2
0.863056 2.769906 -1.760579 2
1.598078 2.577529 -1.886577 2
1.598078 2.577529 -1.886577 2
1.598078 2.577529 -1.886577 2
1.598078 2.577529 -1.886577 2
1.598078 2.577529 -1.886577 2
1.598078 2.577529 -1.886577 2
1.598078 2.577529 -1.886577 2
1.598078 2.577529 -1.886577 2
1.598078 2.577529 -1.886577 2
1.598078 2.577529 -1.886577 2
1.598078 2.577529 -1.886577 2
1.598078 2.577529 -1.886577 2
1.598078 2.577529 -1.886577 2
1.598078 2.577529 -1.886577 2
1.598078 2.577529 -1.886577 2
1.598078 2.577529 -1.886577 2
1.598078 2.577529 -1.886577 2
1.598078 2.577529 -1.886577 2
1.598078 2.577529 -1.886577 2
1.598078 2.577529 -1.886577 2
1.598078 2.577529 -1.886577 2
1.598078 2.577529 -1.886577 2
1.598078 2.577529 -1.886577 2
1.598078 2.577529 -1.886577 2
1.598078 2.577529 -1.886577 2
1.598078 2.577529 -1.886577 2
1.598078 2.577529 -1.886577 2
1.598078 2.577529 -1.886577 2
1.598078 2.577529 -1.886577 2
1.598078 2.577529 -1.886577 2
1.598078 2.577529 -1.886577 2
1.598078 2.577529 -1.886577 2
1.598078 2.577529 -1.886577 2
1.598078 2.577529 -1.886577 2
1.598078 2.577529 -1.886577 2
1.598078 2.577529 -1.886577 2
1.598078 2.577529 -1.886577 2
1.598078 2.577529 -1.886577 2
1.598078 2.577529 -1.886577 2
1.598078 2.577529 -1.886577 2
1.598078 2.577529 -1.886577 2
1.598078 2.577529 -1.886577 2
1.598078 2.577529 -1.886577 2
1.598078 2.577529 -1.886577 2
1.598078 2.577529 -1.886577 2
1.598078 2.577529 -1.886577 2
1.598078 2.577529 -1.886577 2
1.598078 2.577529 -1.886577 2
1.598078 2.577529 -1.886577 2
1.598078 2.577529 -1.886577 2
1.598078 2.577529 -1.886577 2
1.598078 2.577529 -1.886577 2
1.598078 2.577529 -1.886577 2
1.598078 2.577529 -1.886577 2
1.598078 2.577529 -1.886577 2
1.598078 2.577529 -1.886577 2
1.598078 2.577529 -1.886577 2
1.598078 2.577529 -1.886577 2
1.598078 2.577529 -1.886577 2
1.598078 2.577529 -1.886577 2
1.598078 2.577529 -1.886577 2
1.598078 2.577529 -1.886577 2
1.598078 2.577529 -1.886577 2
1.598078 2.577529 -1.886577 2
1.598078 2.577529 -1.886577 2
1.598078 2.577529 -1.886577 2
1.598078 2.577529 -1.886577 2
1.598078 2.577529 -1.886577 2
1.598078 2.577529 -1.886577 2
1.598078 2.577529 -1.886577 2
1.598078 2.577529 -1.886577 2
1.598078 2.577529 -1.886577 2
1.598078 2.577529 -1.886577 2
1.598078 2.577529 -1.886577 2
1.598078 2.577529 -1.886577 2
1.598078 2.577529 -1.886577 2
1.598078 2.577529 -1.886577 2
1.598078 2.577529 -1.886577 2
1.598078 2.577529 -1.886577 2
1.598078 2.577529 -1.886577 2
1.598078 2.577529 -1.886577 2
1.598078 2.577529 -1.886577 2
1.598078 2.577529 -1.886577 2
1.598078 2.577529 -1.886577 2
1.598078 2.577529 -1.886577 2
1.598078 2.577529 -1.886577 2
1.598078 2.577529 -1.886577 2
1.598078 2.577529 -1.886577 2
1.598078 2.577529 -1.886577 2
1.598078 2.577529 -1.886577 2
1.598078 2.577529 -1.886577 2
1.598078 2.577529 -1.886577 2
1.598078 2.577529 -1.886577 2
1.598078 2.577529 -1.886577 2
1.598078 2.577529 -1.886577 2
1.598078 2.577529 -1.886577 2
1.598078 2.577529 -1.886577 2
1.598078 2.577529 -1.886577 2
1.598078 2.577529 -1.886577 2
1.598078 2.577529 -1.886577 2
1.598078 2.577529 -1.886577 2
1.598078 2.577529 -1.886577 2
1.598078 2.577529 -1.886577 2
1.598078 2.577529 -1.886577 2
1.598078 2.577529 -1.886577 2
1.598078 2.577529 -1.886577 2
1.598078 2.577529 -1.886577 2
1.598078 2.577529 -1.886577 2
1.598078 2.577529 -1.886577 2
1.598078 2.577529 -1.886577 2
1.598078 2.577529 -1.886577 2
1.598078 2.577529 -1.886577 2
1.598078 2.577529 -1.886577 2
1.598078 2.577529 -1.886577 2
1.598078 2.577529 -1.886577 2
1.598078 2.577529 -1.886577 2
1.598078 2.577529 -1.886577 2
14.236597 3.936894 -0.934143 2
14.236597 3.936894 -0.934143 2
8.399265 0.139903 -1.366329 2
8.399265 0.139903 -1.366329 2
8.399265 0.139903 -1.366329 2
2.755653 4.758410 -1.963390 2
1.377749 1.075458 -0.937812 2
6.028404 -1.659119 -0.829072 2
6.028404 -1.659119 -0.829072 2
6.028404 -1.659119 -0.829072 2
5.034105 6.568889 -1.055532 2
5.034105 6.568889 -1.055532 2
0.584003 2.460656 -0.985955 2
0.584003 2.460656 -0.985955 2
0.584003 2.460656 -0.985955 2
-0.833291 -1.055742 -1.991738 2
0.863343 2.200447 -2.083612 2
0.812332 1.291830 -1.843507 2
-0.526150 -0.151566 0.775278 2
-0.526150 -0.151566 0.775278 2
4.704907 5.414342 -1.560430 2
0.303852 2.457563 -1.700771 2
0.512883 0.984670 -1.329114 2
1.812993 2.344567 -1.070638 2
1.812993 2.344567 -1.070638 2
1.321767 1.863765 -2.613621 2
-0.201950 2.182313 -1.870546 2
1.581493 1.956347 -2.144857 2
1.857828 2.574565 -1.451005 2
1.857828 2.574565 -1.451005 2
1.857828 2.574565 -1.451005 2
0.855842 2.399014 -1.560608 2
0.396048 1.867028 -1.315222 2
2.381407 2.861485 -2.305097 2
2.381407 2.861485 -2.305097 2
4.868583 5.877913 -1.811447 2
4.868583 5.877913 -1.811447 2
4.868583 5.877913 -1.811447 2
2.365557 2.843058 -2.271945 2
2.365557 2.843058 -2.271945 2
5.451241 4.983185 -1.322954 2
5.451241 4.983185 -1.322954 2
5.451241 4.983185 -1.322954 2
2.392520 2.822595 -2.210015 2
2.392520 2.822595 -2.210015 2
5.391377 5.398584 -0.859662 2
5.391377 5.398584 -0.859662 2
3.701597 3.776338 -1.160024 2
1.291094 2.606031 -1.574628 2
1.291094 2.606031 -1.574628 2
5.563496 5.547916 -1.114128 2
5.563496 5.547916 -1.114128 2
1.856420 1.134102 -2.223658 2
2.177340 3.157336 -2.363866 2
2.177340 3.157336 -2.363866 2
5.621446 5.526151 -1.254034 2
5.621446 5.526151 -1.254034 2
3.531287 3.915590 -1.108738 2
0.651270 2.706175 -1.343957 2
0.651270 2.706175 -1.343957 2
0.651270 2.706175 -1.343957 2
-0.295158 0.494704 -2.800378 2
1.727844 1.226032 -2.294299 2
2.121125 3.210595 -2.427071 2
2.121125 3.210595 -2.427071 2
2.121125 3.210595 -2.427071 2
0.321508 1.633722 -1.805085 2
1.957274 0.950494 -2.223068 2
0.822652 2.655048 -1.282435 2
0.822652 2.655048 -1.282435 2
0.822652 2.655048 -1.282435 2
0.348832 1.617284 -1.760839 2
2.047366 1.095479 -2.058230 2
2.119834 3.110346 -2.387999 2
2.119834 3.110346 -2.387999 2
4.853585 5.375064 -1.363334 2
0.384488 1.427790 -1.765538 2
0.384488 1.427790 -1.765538 2
2.106347 3.047251 -2.307003 2
2.106347 3.047251 -2.307003 2
3.464997 2.200201 -0.265928 2
0.306810 1.473331 -1.785830 2
1.093472 0.845303 -1.850466 2
2.137833 3.072300 -2.418010 2
2.137833 3.072300 -2.418010 2
4.756605 7.341819 0.275620 2
0.372787 1.397264 -1.717647 2
0.787202 1.283496 -1.710047 2
2.147443 3.040166 -2.369879 2
2.147443 3.040166 -2.369879 2
-0.243288 1.672371 -0.145265 2
0.301939 1.454010 -1.761453 2
2.149645 1.522305 -2.286714 2
2.297356 2.621891 -2.448473 2
2.297356 2.621891 -2.448473 2
3.447441 5.541041 -0.807707 2
4.484511 1.862356 -2.301787 2
6.452169 -0.550912 -3.067420 2
9.791734 1.771624 -2.041676 2
9.791734 1.771624 -2.041676 2
9.791734 1.771624 -2.041676 2
20.176027 0.047663 -3.047004 2
20.176027 0.047663 -3.047004 2
20.176027 0.047663 -3.047004 2
26.321476 2.024816 -2.606499 2
26.321476 2.024816 -2.606499 2
26.321476 2.024816 -2.606499 2
26.321476 2.024816 -2.606499 2
26.321476 2.024816 -2.606499 2
26.321476 2.024816 -2.606499 2
26.321476 2.024816 -2.606499 2
26.321476 2.024816 -2.606499 2
26.321476 2.024816 -2.606499 2
26.321476 2.024816 -2.606499 2
26.321476 2.024816 -2.606499 2
26.321476 2.024816 -2.606499 2
26.321476 2.024816 -2.606499 2
26.321476 2.024816 -2.606499 2
26.321476 2.024816 -2.606499 2
26.321476 2.024816 -2.606499 2
26.321476 2.024816 -2.606499 2
26.321476 2.024816 -2.606499 2
26.321476 2.024816 -2.606499 2
26.321476 2.024816 -2.606499 2
26.321476 2.024816 -2.606499 2
26.321476 2.024816 -2.606499 2
26.321476 2.024816 -2.606499 2
26.321476 2.024816 -2.606499 2
26.321476 2.024816 -2.606499 2
26.321476 2.024816 -2.606499 2
26.321476 2.024816 -2.606499 2
26.321476 2.024816 -2.606499 2
26.321476 2.024816 -2.606499 2
26.321476 2.024816 -2.606499 2
26.321476 2.024816 -2.606499 2
26.321476 2.024816 -2.606499 2
26.321476 2.024816 -2.606499 2
26.321476 2.024816 -2.606499 2
26.321476 2.024816 -2.606499 2
26.321476 2.024816 -2.606499 2
26.321476 2.024816 -2.606499 2
26.321476 2.024816 -2.606499 2
26.321476 2.024816 -2.606499 2
26.321476 2.024816 -2.606499 2
26.321476 2.024816 -2.606499 2
26.321476 2.024816 -2.606499 2
26.321476 2.024816 -2.606499 2
26.321476 2.024816 -2.606499 2
26.321476 2.024816 -2.606499 2
26.321476 2.024816 -2.606499 2
26.321476 2.024816 -2.606499 2
26.321476 2.024816 -2.606499 2
26.321476 2.024816 -2.606499 2
26.321476 2.024816 -2.606499 2
26.321476 2.024816 -2.606499 2
26.321476 2.024816 -2.606499 2
26.321476 2.024816 -2.606499 2
26.321476 2.024816 -2.606499 2
26.321476 2.024816 -2.606499 2
26.321476 2.024816 -2.606499 2
26.321476 2.024816 -2.606499 2
26.321476 2.024816 -2.606499 2
26.321476 2.024816 -2.606499 2
26.321476 2.024816 -2.606499 2
26.321476 2.024816 -2.606499 2
26.321476 2.024816 -2.606499 2
26.321476 2.024816 -2.606499 2
26.321476 2.024816 -2.606499 2
26.321476 2.024816 -2.606499 2
26.321476 2.024816 -2.606499 2
26.321476 2.024816 -2.606499 2
26.321476 2.024816 -2.606499 2
26.321476 2.024816 -2.606499 2
26.321476 2.024816 -2.606499 2
26.321476 2.024816 -2.606499 2
26.321476 2.024816 -2.606499 2
26.321476 2.024816 -2.606499 2
26.321476 2.024816 -2.606499 2
26.321476 2.024816 -2.606499 2
26.321476 2.024816 -2.606499 2
26.321476 2.024816 -2.606499 2
26.321476 2.024816 -2.606499 2
26.321476 2.024816 -2.606499 2
26.321476 2.024816 -2.606499 2
26.321476 2.024816 -2.606499 2
26.321476 2.024816 -2.606499 2
26.321476 2.024816 -2.606499 2
26.321476 2.024816 -2.606499 2
26.321476 2.024816 -2.606499 2
26.321476 2.024816 -2.606499 2
26.321476 2.024816 -2.606499 2
26.321476 2.024816 -2.606499 2
26.321476 2.024816 -2.606499 2
26.321476 2.024816 -2.606499 2
26.321476 2.024816 -2.606499 2
26.321476 2.024816 -2.606499 2
26.321476 2.024816 -2.606499 2
26.321476 2.024816 -2.606499 2
26.321476 2.024816 -2.606499 2
26.321476 2.024816 -2.606499 2
26.321476 2.024816 -2.606499 2
26.321476 2.024816 -2.606499 2
26.321476 2.024816 -2.606499 2
26.321476 2.024816 -2.606499 2
6.371981 6.227274 -3.466769 2
6.371981 6.227274 -3.466769 2
6.371981 6.227274 -3.466769 2
4.620240 6.105713 1.657839 2
2.356284 8.253471 -1.462711 2
3.786889 -1.610349 -0.241505 2
5.456097 -1.676821 -0.620208 2
5.456097 -1.676821 -0.620208 2
6.397483 5.256497 2.235704 2
1.389594 0.926466 -1.992688 2
1.389594 0.926466 -1.992688 2
1.878541 2.494483 -2.136643 2
1.878541 2.494483 -2.136643 2
0.243342 -1.424309 0.712500 2
1.085114 0.660863 -1.736670 2
-0.039979 1.252585 -2.438801 2
1.695348 3.408419 -1.865317 2
1.695348 3.408419 -1.865317 2
-0.516668 0.684027 -0.143606 2
-0.516668 0.684027 -0.143606 2
0.405508 2.194201 -2.414841 2
1.742834 1.721377 -1.840961 2
1.742834 1.721377 -1.840961 2
1.742834 1.721377 -1.840961 2
0.005555 2.691247 -2.147873 2
0.443979 2.480837 -1.692122 2
2.299481 2.417472 -2.174656 2
2.299481 2.417472 -2.174656 2
0.483694 1.938522 -0.372924 2
-0.202272 2.847532 -1.960582 2
-0.202272 2.847532 -1.960582 2
2.129661 1.857789 -2.290419 2
2.129661 1.857789 -2.290419 2
0.392408 2.208228 -0.597865 2
-0.388089 2.812032 -1.547649 2
-0.388089 2.812032 -1.547649 2
-0.388089 2.812032 -1.547649 2
0.779945 1.299646 -1.445756 2
0.779945 1.299646 -1.445756 2
-0.181037 1.146284 -0.615209 2
-0.181037 1.146284 -0.615209 2
0.082973 2.587260 -1.698202 2
0.082973 2.587260 -1.698202 2
0.798601 2.342334 -0.775612 2
0.229733 1.943083 -2.049348 2
3.213582 1.540259 -2.395875 2
1.994439 2.599972 -2.234870 2
1.324225 2.773850 -1.652032 2
1.053452 2.668200 -0.975449 2
0.321503 1.927551 -2.116213 2
0.647061 1.791813 -1.997870 2
1.290578 1.119725 -1.966619 2
1.029540 2.885779 -1.691270 2
1.029540 2.885779 -1.691270 2
-0.413960 0.365647 -1.667271 2
1.917827 1.574195 -1.932047 2
0.614503 2.080423 -1.746653 2
-1.105467 -0.043795 -1.015629 2
-0.571288 0.620054 -1.693074 2
-0.571288 0.620054 -1.693074 2
1.341196 2.117604 -1.672065 2
0.263196 1.753415 -1.432401 2
0.970521 2.642985 -1.522218 2
0.970521 2.642985 -1.522218 2
0.722787 2.334635 -1.273576 2
0.722787 2.334635 -1.273576 2
0.722787 2.334635 -1.273576 2
1.135614 2.519948 -1.453875 2
1.135614 2.519948 -1.453875 2
-0.099161 1.784999 -1.714122 2
1.175814 4.222044 -2.519787 2
1.175814 4.222044 -2.519787 2
1.199981 2.673634 -1.516973 2
1.199981 2.673634 -1.516973 2
3.149128 2.957000 -1.491321 2
3.149128 2.957000 -1.491321 2
1.922046 1.292545 -2.162909 2
1.104977 2.639319 -1.470927 2
1.104977 2.639319 -1.470927 2
0.568047 0.036695 -1.953888 2
0.568047 0.036695 -1.953888 2
