0.098030 3.424802 -1.288484 2
0.098030 3.424802 -1.288484 2
0.299154 2.608953 -1.272896 2
-0.221382 2.051881 -1.486171 2
-0.208537 2.089766 -1.432543 2
-0.915527 2.710912 -1.582655 2
-0.875680 1.737197 -1.426162 2
0.347288 2.606013 -1.239115 2
0.639159 3.226463 -1.169404 2
3.205987 6.051996 0.416135 2
3.205987 6.051996 0.416135 2
0.738732 3.537838 -1.260395 2
-0.784314 2.796941 -1.649773 2
-0.784314 2.796941 -1.649773 2
-0.784314 2.796941 -1.649773 2
-1.219326 4.019288 -0.478743 2
-1.219326 4.019288 -0.478743 2
-1.219326 4.019288 -0.478743 2
0.608479 3.548963 -1.198598 2
0.627238 4.160257 -0.528820 2
0.520421 3.603860 -1.271487 2
0.520421 3.603860 -1.271487 2
0.520421 3.603860 -1.271487 2
0.407396 3.381269 -0.920255 2
0.487133 3.914976 -1.304165 2
0.701218 4.488350 -0.831311 2
-0.292832 2.309855 -0.675292 2
0.282986 3.422011 -0.891333 2
-0.988302 4.905803 -0.290175 2
-0.044842 3.618614 -0.741008 2
-0.410540 3.658292 -0.704600 2
-0.163170 3.165246 -0.544245 2
0.068884 4.612614 -0.707614 2
0.639235 3.934498 -1.070778 2
-0.886734 3.253151 -1.348904 2
0.123880 3.348237 -1.021471 2
-0.083139 3.741350 -1.094699 2
-0.718773 3.510934 -0.994399 2
-0.718773 3.510934 -0.994399 2
-0.121525 2.768918 -0.974435 2
-0.052947 3.100022 -0.753173 2
0.254026 3.807750 -0.869711 2
0.234718 4.500341 -0.657618 2
0.234718 4.500341 -0.657618 2
-0.746684 3.355901 -1.223506 2
-1.108402 2.776895 -0.774912 2
0.281107 4.298676 -1.437296 2
0.281107 4.298676 -1.437296 2
0.281107 4.298676 -1.437296 2
0.495019 3.746936 -1.047590 2
-0.241375 2.554921 -1.037299 2
0.422479 3.972101 -1.212212 2
0.159995 7.976058 0.475120 2
0.761615 3.983750 -1.069583 2
-0.600248 3.530249 -0.836462 2
0.011022 3.838669 -1.294433 2
0.245156 3.578887 -0.873981 2
-0.002697 4.417731 -0.824266 2
0.288376 3.383461 -1.232754 2
-0.989146 2.795188 -0.614113 2
-0.010087 4.009448 -0.943381 2
2.791715 6.380057 0.618733 2
2.791715 6.380057 0.618733 2
0.206609 3.231872 -1.705248 2
-0.509041 2.915687 -0.673798 2
-0.450678 3.957136 -0.854925 2
0.404222 4.718114 -0.981534 2
1.152926 5.107285 -1.495864 2
-0.127392 2.893582 -1.019791 2
-0.256366 3.910407 -0.624315 2
-0.004587 3.857399 -0.159336 2
-0.222543 3.333841 -0.230876 2
0.054347 3.262812 -1.056351 2
-0.428851 3.048480 -0.887291 2
0.314230 4.046288 -1.098974 2
-0.188065 4.229822 -0.586383 2
-1.085410 4.084776 0.779275 2
-0.338217 3.286487 -1.484200 2
-0.169807 2.498504 -1.044038 2
0.202949 4.087500 -1.226589 2
1.808216 7.903333 -1.269224 2
0.766943 4.044514 -1.163302 2
-0.929344 2.512921 -1.102800 2
-0.211879 4.222085 -0.416331 2
0.916348 4.693639 -0.582961 2
-0.142394 4.340572 -1.079702 2
0.267315 3.415125 -1.308257 2
-0.847826 3.014691 -0.556263 2
0.056431 3.912106 -0.757190 2
0.416226 4.460577 -0.880778 2
0.221035 3.873686 -1.104032 2
0.361237 2.581291 -1.801644 2
-0.451433 2.917333 -0.639029 2
-0.563072 3.138500 -0.700662 2
-0.563072 3.138500 -0.700662 2
0.242004 3.656297 -1.235318 2
0.433585 2.817190 -0.831543 2
-0.240124 4.138415 -0.991766 2
-0.033107 4.260738 0.030614 2
0.400807 5.220758 -1.123405 2
0.080841 2.739532 -1.361394 2
1.363687 2.935975 -1.146877 2
2.489167 3.308149 -1.311262 2
2.489167 3.308149 -1.311262 2
2.489167 3.308149 -1.311262 2
6.734511 2.306828 -1.314811 2
6.199384 2.108660 -0.742520 2
6.799628 5.387735 0.562255 2
6.799628 5.387735 0.562255 2
8.711081 4.225413 -0.851084 2
8.321013 4.034171 -0.679583 2
8.287214 4.551500 0.709467 2
8.308059 6.229872 1.246260 2
7.821437 5.262478 -1.659464 2
8.738767 4.581562 -0.840165 2
7.777372 4.568830 0.239267 2
8.486394 4.671565 0.715367 2
8.874047 6.167433 -0.405274 2
7.243416 4.933189 -0.301066 2
7.149232 4.937325 -0.389189 2
6.954945 4.013949 0.642548 2
7.825189 3.944629 -0.024752 2
7.825189 3.944629 -0.024752 2
7.904525 4.928479 0.271899 2
8.086890 5.308764 -0.226852 2
7.909093 4.538159 0.642726 2
8.118717 6.090889 1.594573 2
8.258485 5.243747 -0.046309 2
7.689687 4.368299 -0.944045 2
7.615450 4.547059 -0.628445 2
8.064396 5.362873 0.502670 2
8.137142 5.492707 -0.447992 2
7.552184 4.940758 -0.172141 2
7.324506 4.441043 -0.417780 2
8.029290 3.811824 0.936201 2
7.962732 5.347993 0.609192 2
7.742007 5.842658 -0.706463 2
8.903601 4.190451 -0.555528 2
8.138976 5.089506 -0.308637 2
8.377432 4.269815 0.597942 2
8.665827 6.266477 1.407906 2
7.918480 5.079457 -0.233891 2
8.266931 4.465461 -1.254953 2
7.251471 4.189950 0.650154 2
9.108202 4.201558 0.346266 2
8.757201 5.496759 -0.484024 2
7.435389 4.645877 -0.258905 2
7.899335 4.656572 -1.001960 2
7.275052 4.838854 -0.220972 2
7.966122 5.188961 0.409386 2
8.548344 4.987390 -0.154247 2
8.682236 4.899143 -0.093163 2
8.267941 4.856671 -0.583133 2
8.604955 4.431923 0.610967 2
9.360039 5.146334 1.341686 2
8.723692 4.789892 0.094730 2
7.824914 4.588933 -0.986288 2
7.824914 4.588933 -0.986288 2
7.802130 5.093159 0.441834 2
7.942888 5.496622 -0.447263 2
6.366604 3.639802 0.782008 2
7.304059 4.829321 -0.474739 2
7.575551 4.452914 0.770242 2
7.970700 5.326377 0.637472 2
8.322914 5.634750 -0.476710 2
6.654850 4.180394 0.535582 2
8.722036 5.116782 -0.066173 2
8.455728 4.677629 0.649880 2
8.756092 6.113751 1.298209 2
7.785748 4.613948 -0.189958 2
8.225175 4.701958 -0.767920 2
7.762178 4.646156 -0.084273 2
8.021432 5.079309 0.656113 2
7.843029 4.540189 -0.533645 2
7.843029 4.540189 -0.533645 2
8.119952 5.074190 -0.930503 2
7.922158 3.533416 1.327860 2
7.871771 5.064753 0.540215 2
8.434570 5.128714 0.195688 2
6.554216 4.031950 0.497650 2
8.289020 4.753791 -0.194598 2
7.646894 4.497931 0.149684 2
8.129427 6.106427 1.663585 2
8.461341 4.843940 0.152206 2
7.731783 4.517068 -0.821487 2
8.082905 4.515782 -0.713136 2
7.669384 5.410587 0.662450 2
8.089208 5.800942 -0.261174 2
8.706134 5.006203 -0.130856 2
7.840275 4.393811 -0.882945 2
7.593664 3.997307 1.199251 2
8.752532 4.444199 0.633232 2
7.990427 5.398469 -0.957919 2
6.566583 3.932000 0.615110 2
8.052426 4.574421 0.288195 2
7.657350 4.461240 -0.110086 2
7.657350 4.461240 -0.110086 2
7.801034 4.712039 -0.195802 2
8.236319 4.713776 -0.793094 2
7.967877 4.088666 -0.338755 2
7.929787 4.875084 0.546890 2
7.499357 4.785003 -0.536707 2
5.008372 3.280919 -0.670585 2
3.088042 4.278293 -0.759256 2
1.141656 5.846799 -0.059248 2
1.831343 3.644745 -0.569645 2
1.479499 2.434265 -1.465978 2
0.115547 3.546836 -1.009799 2
-0.237442 4.282355 -1.182432 2
0.450376 3.467248 -1.669260 2
-0.577851 2.066590 -0.850992 2
0.761063 4.364651 -0.128275 2
0.256801 2.623509 -1.607350 2
-0.535781 3.576298 -1.479237 2
0.196764 4.219430 -1.335663 2
-0.610596 3.307171 -0.318073 2
0.716572 3.235589 -0.450720 2
-0.478193 2.643530 -0.942126 2
-0.439380 3.754282 -1.333864 2
0.238244 4.175857 -0.483342 2
-0.220099 5.225093 -1.268371 2
-0.006574 3.799715 -1.151529 2
-1.228282 3.005561 -0.824967 2
0.260798 4.460816 -1.092601 2
0.433889 4.428285 -0.749659 2
0.321222 3.869061 -1.012354 2
0.251788 3.085731 -1.659059 2
-0.065244 3.097185 -1.360118 2
0.244875 4.788678 -0.307812 2
0.591043 5.083902 -0.652867 2
0.390894 3.672827 -1.261275 2
-0.131694 3.013971 -1.078548 2
-0.309271 3.476737 -0.877307 2
0.014893 4.532583 -0.196278 2
0.080243 4.210144 -0.028837 2
-0.020742 3.256181 -1.323618 2
-0.186152 3.054429 -0.723208 2
0.393103 3.825424 -1.171381 2
0.018411 4.390817 -0.654447 2
0.018411 4.390817 -0.654447 2
-0.359155 3.911526 -1.152528 2
0.269798 3.290081 -1.505106 2
0.318180 3.945602 -1.141339 2
0.598652 5.339303 -1.064537 2
1.136490 4.188257 -1.087840 2
-0.617363 3.178447 -0.579014 2
-0.249776 4.139523 -0.403487 2
0.783324 4.503962 -0.490846 2
-0.242140 4.508825 -0.768695 2
-0.022931 3.865653 -1.234894 2
-0.671813 3.037977 -0.311057 2
0.292323 3.915183 -1.050122 2
0.464749 4.344382 -0.865557 2
0.204111 4.045953 -1.106920 2
0.329699 2.833013 -1.789221 2
-0.491808 3.149755 -1.297305 2
-0.058608 3.865033 -0.761086 2
0.274424 4.859445 -0.820479 2
1.159833 4.695635 -1.262871 2
0.418975 3.241451 -0.901152 2
0.027805 4.087926 -0.774303 2
-0.087728 4.601423 0.401378 2
-0.087728 4.601423 0.401378 2
-0.263202 3.454821 -1.514927 2
-0.225927 3.119434 -0.947604 2
0.265635 3.914348 -1.113774 2
-0.240286 4.581720 -0.664367 2
0.595184 4.328260 -0.861667 2
-0.998393 2.740665 -1.135411 2
-0.013297 2.940711 -1.181543 2
0.590798 4.097983 -1.088789 2
-0.142190 5.116479 -1.188971 2
1.075660 4.818605 -1.138632 2
-0.769812 2.908550 -0.779442 2
0.030108 4.085953 -1.328894 2
0.842676 4.264183 -0.635513 2
0.119801 3.805069 -0.928200 2
0.186343 3.592745 -1.251903 2
-0.735108 3.119586 -0.610356 2
-0.369252 3.699258 -0.596532 2
0.457793 4.159369 -0.816809 2
0.201247 3.942595 -1.106366 2
1.052062 1.915970 -2.371633 2
-0.094068 3.460098 -1.016777 2
-0.094068 3.460098 -1.016777 2
0.109472 4.094177 -0.636795 2
1.097967 5.017833 -0.820934 2
-0.542211 2.787451 -1.272085 2
0.071689 3.948188 -1.383109 2
0.084126 4.380821 -0.347980 2
0.084126 4.380821 -0.347980 2
-0.037489 4.331840 -1.265693 2
-0.281915 2.908294 -0.945728 2
0.274677 3.919750 -1.180706 2
-0.169784 4.468878 -0.675890 2
0.290335 2.677840 -1.152929 2
0.397655 1.908489 -2.165787 2
-0.117638 3.416044 -0.955930 2
0.392211 3.631217 -0.723230 2
-0.023365 5.316112 -1.288314 2
0.266344 3.731056 -0.977992 2
0.767672 2.438018 -0.999622 2
3.147294 4.630964 -0.627806 2
7.279424 8.531700 -0.328338 2
5.917128 4.456388 -0.652101 2
7.442677 3.962249 -0.517493 2
7.442677 3.962249 -0.517493 2
8.207054 4.132364 0.403004 2
9.009830 8.558236 -0.218947 2
6.379869 4.285958 0.058192 2
7.950398 4.241471 -0.781853 2
7.950398 4.241471 -0.781853 2
7.510089 5.384085 0.747453 2
7.510089 5.384085 0.747453 2
6.775881 4.173574 0.181233 2
8.295555 4.737923 0.075472 2
7.838585 4.783982 0.640547 2
8.099092 4.589795 -0.311287 2
8.590869 4.819846 -0.395475 2
7.770533 4.583265 -0.505980 2
7.641457 4.513957 -0.203087 2
8.106487 5.370467 0.487353 2
8.106487 5.370467 0.487353 2
6.677344 4.536312 0.955312 2
6.891096 4.871964 -0.433526 2
7.565298 4.583531 0.735584 2
8.804353 4.439619 0.573266 2
8.107473 5.636240 -0.657449 2
6.659525 4.054298 0.655226 2
8.604265 4.946803 0.133503 2
7.562510 4.427332 0.341980 2
8.548120 6.135261 1.292107 2
7.700928 4.643946 -0.249268 2
7.734865 4.480698 -1.135883 2
7.020436 4.280781 0.608796 2
8.303654 4.774432 0.631098 2
7.824348 4.485286 -0.338774 2
8.986217 5.076825 -0.031351 2
8.254752 5.078248 -0.707653 2
7.524149 3.948827 1.299522 2
8.931480 5.156985 -0.357310 2
8.931480 5.156985 -0.357310 2
6.433595 3.998335 0.532116 2
7.936830 4.777971 -0.422823 2
7.157045 4.594312 0.094558 2
7.906133 4.647317 -0.198436 2
7.906133 4.647317 -0.198436 2
7.973425 4.623025 -0.478380 2
7.520154 4.054868 -0.812283 2
7.683188 5.357837 0.609985 2
8.015293 5.657806 -0.441610 2
8.015293 5.657806 -0.441610 2
7.855443 4.912412 -0.714425 2
7.855443 4.912412 -0.714425 2
8.875820 5.004747 0.220126 2
8.292412 5.437060 -0.460203 2
8.443790 4.539447 -0.416359 2
7.046063 4.207868 0.727945 2
7.755841 4.253830 -0.022189 2
7.630045 4.521912 -0.664587 2
7.630045 4.521912 -0.664587 2
8.551406 5.281942 -0.892976 2
7.320775 3.849128 -0.466336 2
7.914296 5.166476 0.657801 2
8.355916 5.232350 -0.459478 2
6.538570 4.053257 0.591649 2
7.474130 4.037080 1.030154 2
7.474130 4.037080 1.030154 2
9.256663 5.125870 1.314272 2
9.757313 4.040946 -0.073161 2
8.511158 4.803639 -0.216031 2
7.786719 4.722519 -0.639902 2
7.049753 4.722704 0.070006 2
7.049753 4.722704 0.070006 2
8.318844 5.008712 -0.058791 2
7.749990 4.218781 -1.046589 2
7.482811 3.832472 -0.795743 2
7.358397 5.546096 0.497083 2
7.981112 6.117892 -0.748796 2
6.661051 3.903647 0.711338 2
8.181691 4.979600 -0.417725 2
7.830971 3.878042 1.042350 2
9.637644 4.992057 1.321506 2
8.520653 5.739703 -0.338784 2
8.326733 4.598400 -0.278968 2
7.204006 4.355892 0.730568 2
8.404567 3.298259 -0.092742 2
8.404567 3.298259 -0.092742 2
7.812459 4.985300 -0.228005 2
8.086087 4.468923 -1.268601 2
7.710546 3.618748 0.532369 2
7.710546 3.618748 0.532369 2
8.466869 5.705058 -0.348138 2
6.441740 3.927109 0.583657 2
8.257647 5.264234 -0.735571 2
7.926744 3.942317 1.165740 2
9.161723 5.112937 1.375607 2
8.862055 5.268023 -0.337193 2
8.249227 4.697329 -0.202357 2
7.902584 4.791932 -0.420001 2
7.069603 4.623748 -0.425735 2
5.314533 3.455569 -0.215878 2
5.314533 3.455569 -0.215878 2
3.026435 5.146598 -0.773414 2
2.012931 5.133281 0.487890 2
2.056669 4.322812 -0.829500 2
0.417712 1.332956 -0.826618 2
1.738097 3.263787 -0.901877 2
-0.245938 3.678039 -1.073132 2
-0.245938 3.678039 -1.073132 2
0.129252 4.357551 -0.762299 2
0.129252 4.357551 -0.762299 2
0.110760 3.064550 -1.248821 2
0.110760 3.064550 -1.248821 2
0.198668 4.018571 -1.406087 2
-2.096009 2.898855 0.993148 2
-2.096009 2.898855 0.993148 2
-0.725257 2.488384 -1.256514 2
-0.724056 2.481088 -1.398545 2
-0.385487 3.930034 -0.699010 2
0.226635 5.823488 -0.888242 2
0.721439 4.115204 -0.917702 2
-0.128760 4.496044 -0.966035 2
-0.128760 4.496044 -0.966035 2
-0.053421 4.495919 -0.153472 2
-0.066118 4.218107 0.264776 2
-0.508642 3.440073 -1.426486 2
-0.151618 3.553181 -1.169598 2
0.604896 4.996993 -1.074684 2
-0.754423 2.815753 -0.436147 2
-0.754423 2.815753 -0.436147 2
-0.154714 2.793024 -1.461929 2
0.042588 3.695038 -0.821196 2
0.441068 3.805756 -0.661785 2
-0.037336 5.509377 -1.089259 2
0.853417 3.963708 -1.147625 2
0.126672 4.262792 -0.739352 2
0.126672 4.262792 -0.739352 2
0.447048 4.163778 -0.709459 2
0.428899 4.781847 -1.574036 2
0.329926 3.246843 -1.376266 2
-0.717866 2.958073 -0.396493 2
0.081412 4.210700 -0.294947 2
-1.399780 3.185382 0.251357 2
-1.399780 3.185382 0.251357 2
0.965484 1.927719 -2.482482 2
-0.734763 3.966787 -0.738634 2
-0.568379 3.266330 -0.488066 2
0.804349 6.136557 -1.621293 2
0.477731 4.950298 -0.596942 2
0.647569 4.795709 -1.160762 2
0.647569 4.795709 -1.160762 2
-0.304084 2.401319 -0.348188 2
0.568102 3.511315 -0.873932 2
0.568102 3.511315 -0.873932 2
-0.119336 3.143173 -0.949102 2
0.381826 4.089805 -1.271004 2
-0.206398 4.609791 -0.748769 2
0.771388 4.003273 -1.012311 2
0.283663 1.619420 -2.149840 2
0.186378 3.557359 -1.244862 2
0.434600 3.938484 -0.975543 2
0.102392 5.834988 -1.306185 2
0.369518 4.542218 -0.712102 2
-0.734988 2.537581 -0.516285 2
0.279051 4.025548 -0.528184 2
0.457181 4.171402 -0.711983 2
0.197697 3.858397 -1.107118 2
0.188166 3.327691 -1.507139 2
-0.865844 2.917608 -0.582387 2
0.073878 4.260925 -0.795424 2
0.761387 4.233698 -0.929418 2
0.761387 4.233698 -0.929418 2
-0.476944 2.907698 -0.417158 2
-0.476944 2.907698 -0.417158 2
-0.008412 4.087969 -0.600539 2
0.680615 5.752751 -1.495379 2
0.118364 3.941661 -1.190567 2
0.177434 4.054358 -1.059574 2
0.177434 4.054358 -1.059574 2
0.025277 4.346596 -0.306817 2
0.964504 4.712841 -0.996708 2
-0.222005 3.236515 -1.496714 2
-0.414358 2.577779 -0.789335 2
0.287008 3.897301 -1.198540 2
0.064049 4.853142 -0.879145 2
0.752728 4.019004 -1.000240 2
-0.163211 2.808553 -1.042925 2
0.203636 3.378562 -1.033492 2
0.416828 4.002619 -0.563895 2
0.416828 4.002619 -0.563895 2
-0.297895 3.160572 -0.640355 2
0.277114 4.129749 -0.572907 2
0.277114 4.129749 -0.572907 2
0.311193 3.838430 -0.673329 2
0.620181 4.589266 -0.842649 2
0.032552 3.487606 -1.460030 2
-0.848223 2.554280 -0.312918 2
-0.152974 4.317459 -0.575060 2
-0.294608 2.816317 -1.323784 2
-0.294608 2.816317 -1.323784 2
1.388601 3.125828 -1.096173 2
3.611753 2.916496 0.035660 2
5.995359 5.206045 0.331494 2
8.967674 7.434380 -0.071688 2
12.424849 5.772383 -1.051923 2
13.416733 1.596833 -1.415147 2
13.416733 1.596833 -1.415147 2
15.173781 8.577377 1.906812 2
15.911878 8.383820 0.920458 2
16.130672 4.054149 -1.573412 2
16.130672 4.054149 -1.573412 2
15.523603 7.599729 0.007220 2
15.562159 4.339826 -1.509572 2
15.562159 4.339826 -1.509572 2
16.018740 4.428741 -0.364196 2
16.018740 4.428741 -0.364196 2
16.018740 4.428741 -0.364196 2
16.018740 4.428741 -0.364196 2
16.018740 4.428741 -0.364196 2
16.018740 4.428741 -0.364196 2
16.018740 4.428741 -0.364196 2
16.018740 4.428741 -0.364196 2
15.703709 5.814029 -0.478386 2
16.675936 5.988517 -0.062689 2
16.675936 5.988517 -0.062689 2
16.675936 5.988517 -0.062689 2
17.081154 6.515404 -0.136260 2
17.081154 6.515404 -0.136260 2
16.392529 6.186879 -0.632714 2
16.392529 6.186879 -0.632714 2
16.501909 6.260191 -0.477103 2
16.501909 6.260191 -0.477103 2
16.452314 7.608653 -0.745762 2
16.239273 4.544333 -0.908351 2
16.239273 4.544333 -0.908351 2
16.239273 4.544333 -0.908351 2
16.923264 5.139065 0.140946 2
17.151344 6.346108 0.212908 2
14.045787 2.368588 -2.061282 2
16.193249 5.601074 -0.183805 2
17.169817 5.450223 0.684214 2
17.169817 5.450223 0.684214 2
16.324522 7.079681 -0.543616 2
16.324522 7.079681 -0.543616 2
17.071671 6.022124 0.043337 2
17.071671 6.022124 0.043337 2
17.071671 6.022124 0.043337 2
16.362995 4.956444 -0.557338 2
16.362995 4.956444 -0.557338 2
16.362995 4.956444 -0.557338 2
16.362995 4.956444 -0.557338 2
16.362995 4.956444 -0.557338 2
16.191936 5.669124 0.213940 2
16.191936 5.669124 0.213940 2
16.191936 5.669124 0.213940 2
16.061146 5.070766 -0.606152 2
16.977650 5.736110 -0.286040 2
16.977650 5.736110 -0.286040 2
16.568506 6.671139 -0.667965 2
16.568506 6.671139 -0.667965 2
16.745684 7.296735 -1.269775 2
17.342308 5.682116 0.462242 2
17.342308 5.682116 0.462242 2
17.342308 5.682116 0.462242 2
17.342308 5.682116 0.462242 2
16.409107 4.339989 -0.936992 2
16.409107 4.339989 -0.936992 2
16.409107 4.339989 -0.936992 2
16.409107 4.339989 -0.936992 2
16.409107 4.339989 -0.936992 2
16.332426 7.115996 -0.836627 2
16.332426 7.115996 -0.836627 2
16.332426 7.115996 -0.836627 2
16.332426 7.115996 -0.836627 2
16.755505 5.936701 -0.032370 2
16.254038 7.025402 -0.576278 2
16.254038 7.025402 -0.576278 2
17.390100 6.184173 0.173239 2
17.390100 6.184173 0.173239 2
16.454109 5.809138 -0.946639 2
16.454109 5.809138 -0.946639 2
16.454109 5.809138 -0.946639 2
16.454109 5.809138 -0.946639 2
16.454109 5.809138 -0.946639 2
16.454109 5.809138 -0.946639 2
16.555571 5.772990 -0.718835 2
16.555571 5.772990 -0.718835 2
16.555571 5.772990 -0.718835 2
16.312792 5.388386 -0.176498 2
16.684071 5.624781 -0.169616 2
16.684071 5.624781 -0.169616 2
16.684071 5.624781 -0.169616 2
16.684071 5.624781 -0.169616 2
16.461464 5.897340 -0.893370 2
16.461464 5.897340 -0.893370 2
16.461464 5.897340 -0.893370 2
16.170893 6.484854 -0.342454 2
16.170893 6.484854 -0.342454 2
15.430420 3.938942 -0.539739 2
15.430420 3.938942 -0.539739 2
15.430420 3.938942 -0.539739 2
15.430420 3.938942 -0.539739 2
15.430420 3.938942 -0.539739 2
8.757208 4.625260 -0.763102 2
8.757208 4.625260 -0.763102 2
5.385092 2.782008 -0.075624 2
5.385092 2.782008 -0.075624 2
1.484860 4.933656 -0.453157 2
1.484860 4.933656 -0.453157 2
1.166555 6.179968 -0.789057 2
1.444060 4.156836 -1.707464 2
0.509639 -0.642966 -1.462927 2
0.158896 2.201397 -1.884549 2
0.158896 2.201397 -1.884549 2
0.395451 3.772321 -0.854702 2
0.395451 3.772321 -0.854702 2
1.036047 4.842214 -0.016427 2
-0.130001 3.296576 -1.571258 2
-0.130001 3.296576 -1.571258 2
0.284717 4.324889 -1.026590 2
0.284717 4.324889 -1.026590 2
0.842933 4.008792 -0.735320 2
0.842933 4.008792 -0.735320 2
-1.055452 2.550061 -1.075840 2
-0.300217 3.808745 -0.591000 2
-0.300217 3.808745 -0.591000 2
0.084578 3.486191 -1.334374 2
0.084578 3.486191 -1.334374 2
-0.145360 4.001516 -0.372574 2
-0.145360 4.001516 -0.372574 2
0.416966 4.330228 -0.536255 2
-0.132093 3.237882 -1.501079 2
-0.132093 3.237882 -1.501079 2
-0.822873 4.087259 -0.729261 2
-0.822873 4.087259 -0.729261 2
1.558717 4.770903 -1.247495 2
1.558717 4.770903 -1.247495 2
0.217625 2.946213 -1.088729 2
-0.127183 4.529926 0.031295 2
-0.127183 4.529926 0.031295 2
0.056854 4.257427 -1.127750 2
0.056854 4.257427 -1.127750 2
0.358562 4.208902 -0.554686 2
0.358562 4.208902 -0.554686 2
0.075476 4.625806 -0.396765 2
-0.257028 3.280032 -1.460918 2
-0.257028 3.280032 -1.460918 2
0.254367 3.856996 -1.209479 2
0.254367 3.856996 -1.209479 2
0.898649 3.425343 -0.678795 2
0.898649 3.425343 -0.678795 2
-0.674497 3.720436 -1.280505 2
-0.674497 3.720436 -1.280505 2
0.525477 4.079428 -1.009070 2
1.126180 4.988410 -1.112675 2
1.126180 4.988410 -1.112675 2
-0.241711 4.725204 -0.329972 2
-0.241711 4.725204 -0.329972 2
0.327410 4.243201 -0.712711 2
0.327410 4.243201 -0.712711 2
0.300149 3.339015 -1.299240 2
0.263353 4.495723 -0.377333 2
0.263353 4.495723 -0.377333 2
0.597673 4.629524 -0.823285 2
0.597673 4.629524 -0.823285 2
-0.183727 3.086508 -0.635854 2
-0.125239 4.367525 -0.942512 2
-0.125239 4.367525 -0.942512 2
0.078172 3.859780 -0.709134 2
0.078172 3.859780 -0.709134 2
-0.100067 3.217728 0.101735 2
-0.100067 3.217728 0.101735 2
0.690654 6.161365 -1.581142 2
0.443835 4.815312 -0.587909 2
0.443835 4.815312 -0.587909 2
-0.461271 3.786928 -0.408865 2
0.198240 4.088419 -1.000089 2
0.868860 4.867335 -1.042488 2
0.868860 4.867335 -1.042488 2
-0.398943 2.441317 -0.589033 2
-0.398943 2.441317 -0.589033 2
0.879816 5.066854 -1.285818 2
-0.082314 4.848070 -0.906557 2
-0.082314 4.848070 -0.906557 2
-0.766239 3.726952 -1.307844 2
-0.766239 3.726952 -1.307844 2
0.173258 5.755924 -1.242702 2
0.173258 5.755924 -1.242702 2
-0.299015 3.193475 -0.550878 2
0.086827 3.784424 -0.164554 2
0.086827 3.784424 -0.164554 2
-0.618556 4.820958 -0.767395 2
-0.618556 4.820958 -0.767395 2
-0.530507 3.148102 -0.358842 2
-0.023908 4.243748 -0.473564 2
-0.023908 4.243748 -0.473564 2
-1.421851 3.538082 0.278540 2
-1.421851 3.538082 0.278540 2
-0.062370 3.599194 -0.508371 2
-0.062370 3.599194 -0.508371 2
1.261690 4.193495 -0.729691 2
8.323520 5.785745 -0.999263 2
8.323520 5.785745 -0.999263 2
10.600208 4.347882 -0.144567 2
10.600208 4.347882 -0.144567 2
10.600208 4.347882 -0.144567 2
10.600208 4.347882 -0.144567 2
14.709635 5.871615 -0.716074 2
14.709635 5.871615 -0.716074 2
14.709635 5.871615 -0.716074 2
14.709635 5.871615 -0.716074 2
14.709635 5.871615 -0.716074 2
14.709635 5.871615 -0.716074 2
14.709635 5.871615 -0.716074 2
16.334297 6.951736 -0.108052 2
16.489803 5.873067 -0.748248 2
16.489803 5.873067 -0.748248 2
16.260965 5.888564 -0.203877 2
16.260965 5.888564 -0.203877 2
17.203394 4.958563 -0.365318 2
17.203394 4.958563 -0.365318 2
15.182396 4.126136 -0.312289 2
15.182396 4.126136 -0.312289 2
15.182396 4.126136 -0.312289 2
16.874096 5.993180 0.370712 2
16.874096 5.993180 0.370712 2
16.874096 5.993180 0.370712 2
16.874096 5.993180 0.370712 2
16.884762 5.789458 -1.015082 2
16.884762 5.789458 -1.015082 2
16.884762 5.789458 -1.015082 2
16.884762 5.789458 -1.015082 2
16.884762 5.789458 -1.015082 2
16.624926 6.254779 -0.493348 2
16.624926 6.254779 -0.493348 2
16.835878 5.733433 -0.801576 2
16.835878 5.733433 -0.801576 2
16.835878 5.733433 -0.801576 2
16.835878 5.733433 -0.801576 2
16.835878 5.733433 -0.801576 2
16.515137 5.633757 0.224565 2
16.515137 5.633757 0.224565 2
16.515137 5.633757 0.224565 2
17.567215 6.243217 0.377821 2
17.567215 6.243217 0.377821 2
16.451422 6.958738 -0.598506 2
16.451422 6.958738 -0.598506 2
15.782668 6.453355 0.826610 2
15.782668 6.453355 0.826610 2
17.664057 6.340307 0.344763 2
17.664057 6.340307 0.344763 2
17.458385 5.843857 0.057387 2
17.458385 5.843857 0.057387 2
17.458385 5.843857 0.057387 2
16.740541 5.308467 -1.373403 2
16.740541 5.308467 -1.373403 2
16.740541 5.308467 -1.373403 2
16.740541 5.308467 -1.373403 2
16.740541 5.308467 -1.373403 2
16.916779 5.297765 -1.442700 2
16.916779 5.297765 -1.442700 2
16.706617 4.253881 0.329958 2
16.706617 4.253881 0.329958 2
16.721003 7.031322 -0.631857 2
16.721003 7.031322 -0.631857 2
16.721003 7.031322 -0.631857 2
16.681768 5.843917 0.421424 2
16.681768 5.843917 0.421424 2
16.555355 4.545797 -0.686526 2
16.555355 4.545797 -0.686526 2
16.555355 4.545797 -0.686526 2
16.555355 4.545797 -0.686526 2
16.387905 7.248194 -0.517663 2
16.654530 5.629873 -0.876545 2
15.958801 6.076274 0.069215 2
15.958801 6.076274 0.069215 2
15.958801 6.076274 0.069215 2
16.409107 7.219532 -0.524741 2
16.409107 7.219532 -0.524741 2
16.327799 4.630392 -0.622414 2
16.327799 4.630392 -0.622414 2
16.327799 4.630392 -0.622414 2
17.090160 4.013379 -0.782645 2
17.090160 4.013379 -0.782645 2
17.211412 5.932722 -0.141809 2
17.211412 5.932722 -0.141809 2
16.846365 6.046063 -0.245518 2
15.936361 4.081316 -0.576796 2
15.936361 4.081316 -0.576796 2
15.936361 4.081316 -0.576796 2
15.936361 4.081316 -0.576796 2
16.625130 6.925474 -0.600418 2
16.816566 5.773890 -1.129440 2
16.816566 5.773890 -1.129440 2
16.816566 5.773890 -1.129440 2
16.816566 5.773890 -1.129440 2
16.590536 7.042274 -0.600258 2
16.590536 7.042274 -0.600258 2
17.267326 5.653014 0.450457 2
17.267326 5.653014 0.450457 2
12.481289 3.958979 -0.643819 2
9.158269 5.049872 -0.807223 2
9.158269 5.049872 -0.807223 2
9.158269 5.049872 -0.807223 2
9.158269 5.049872 -0.807223 2
2.615511 2.904025 -0.299785 2
2.615511 2.904025 -0.299785 2
1.416606 5.324679 -1.388830 2
0.573542 3.647377 -0.429735 2
0.593774 3.347092 -0.915933 2
-0.229647 2.965248 -1.240789 2
-0.229647 2.965248 -1.240789 2
0.270162 3.766752 -1.526923 2
0.270162 3.766752 -1.526923 2
1.467235 5.605301 -0.504769 2
0.389911 2.822859 -1.638376 2
0.228495 2.663849 -1.635100 2
0.209954 4.145525 -1.353199 2
0.209954 4.145525 -1.353199 2
0.521445 3.400409 -0.379254 2
0.292107 1.616988 -1.969052 2
-0.257047 2.919243 -1.452684 2
-0.219626 3.427139 -0.565918 2
-0.273303 5.147896 -0.866647 2
0.247523 3.975460 -0.883263 2
0.247523 3.975460 -0.883263 2
0.678224 5.280620 -1.124023 2
-0.086041 4.590010 -0.548975 2
-1.627524 2.882875 0.376330 2
0.128524 3.578393 -1.602942 2
-1.219048 2.832030 -0.600516 2
-0.411844 4.017362 -0.359518 2
0.122765 3.141574 -0.466843 2
-1.419957 3.198076 0.217505 2
1.027580 1.789329 -2.487923 2
-0.298123 3.626170 -0.168922 2
0.024466 4.293424 -0.622707 2
0.726358 5.972054 -1.719519 2
1.119891 5.109316 -1.360476 2
1.119891 5.109316 -1.360476 2
0.250922 4.102307 -0.523879 2
0.122920 4.670836 -0.452782 2
0.650287 3.617879 -0.892685 2
-0.207057 3.320814 -1.512899 2
-0.574688 2.351315 -0.692411 2
0.201827 3.968217 -1.134238 2
0.201827 3.968217 -1.134238 2
0.200834 2.790472 -1.122174 2
0.543274 1.820279 -2.272732 2
0.121411 3.435146 -1.024343 2
0.736459 3.479233 -0.278410 2
0.348443 5.447779 -1.008489 2
0.402125 4.502621 -0.928702 2
0.402125 4.502621 -0.928702 2
-0.135286 3.846049 -0.948395 2
0.330916 3.482831 -0.523847 2
0.086205 4.179210 -1.205952 2
0.061704 3.508545 -1.362457 2
-0.644680 2.798649 -0.578770 2
0.089048 4.253872 -0.622701 2
0.089048 4.253872 -0.622701 2
1.027281 4.928586 -1.692532 2
0.017699 2.804818 -1.361269 2
-0.339759 4.100369 -0.567547 2
-0.131568 4.333980 -0.704903 2
0.395982 4.803948 -1.364420 2
0.090640 3.815872 -1.195316 2
0.090640 3.815872 -1.195316 2
0.261347 4.166945 -0.991163 2
-0.024589 4.584551 -0.480304 2
1.191906 4.991917 -0.970844 2
-0.256753 3.336954 -1.469641 2
-0.406637 2.433852 -0.754568 2
0.196193 3.941206 -1.180102 2
0.196193 3.941206 -1.180102 2
0.791697 4.031875 -1.059961 2
-0.334403 2.681456 -0.987318 2
-0.334403 2.681456 -0.987318 2
0.007678 4.124303 -0.174314 2
0.007678 4.124303 -0.174314 2
0.173980 3.529796 -0.955343 2
0.173980 3.529796 -0.955343 2
0.135853 4.080929 -0.862226 2
0.135853 4.080929 -0.862226 2
-1.401717 3.223134 0.242687 2
0.275257 3.417715 -1.646838 2
-0.768623 2.498809 -0.325111 2
-0.768623 2.498809 -0.325111 2
0.012512 4.673848 -1.026172 2
0.974007 4.440831 -1.343913 2
0.974007 4.440831 -1.343913 2
-0.757879 3.005096 -0.948520 2
-0.240525 4.281370 -0.174866 2
1.220481 6.269359 -1.700426 2
0.017716 4.232648 -1.207658 2
0.168180 2.645346 -0.628044 2
0.356111 4.196358 -0.705712 2
0.356111 4.196358 -0.705712 2
-0.173162 4.188585 -0.523220 2
1.145109 2.755236 -1.629737 2
4.664837 3.382313 -0.581459 2
6.760711 4.680061 -0.155511 2
6.760711 4.680061 -0.155511 2
8.771848 7.995646 -0.114887 2
15.726514 2.062974 -1.166411 2
15.726514 2.062974 -1.166411 2
15.726514 2.062974 -1.166411 2
15.726514 2.062974 -1.166411 2
15.726514 2.062974 -1.166411 2
15.726514 2.062974 -1.166411 2
26.554260 4.382813 -1.041290 2
25.324640 6.457360 1.945754 2
25.324640 6.457360 1.945754 2
23.890501 5.562022 -0.118322 2
23.890501 5.562022 -0.118322 2
23.890501 5.562022 -0.118322 2
23.890501 5.562022 -0.118322 2
24.772156 5.507309 -0.221347 2
24.772156 5.507309 -0.221347 2
24.772156 5.507309 -0.221347 2
24.772156 5.507309 -0.221347 2
24.813484 4.790133 -1.279213 2
24.813484 4.790133 -1.279213 2
24.813484 4.790133 -1.279213 2
25.150154 5.763061 -0.244879 2
25.150154 5.763061 -0.244879 2
26.354845 6.554363 0.569467 2
24.814583 5.353665 -0.318325 2
24.814583 5.353665 -0.318325 2
25.608175 5.504495 0.347798 2
25.608175 5.504495 0.347798 2
25.053011 6.020811 0.287915 2
24.921787 5.808220 -0.274707 2
24.921787 5.808220 -0.274707 2
27.112741 7.161824 1.820599 2
24.311989 5.250774 -0.526242 2
24.311989 5.250774 -0.526242 2
24.311989 5.250774 -0.526242 2
24.874098 5.717528 -0.085435 2
25.007927 5.435182 -0.872828 2
24.286276 5.039592 -0.432591 2
24.977613 5.799988 -0.071389 2
24.939804 5.516986 0.556626 2
24.939804 5.516986 0.556626 2
24.939804 5.516986 0.556626 2
25.701488 5.948924 0.296359 2
24.052504 5.314298 0.278655 2
27.941385 6.173365 2.634261 2
25.488693 6.608205 2.856390 2
25.488693 6.608205 2.856390 2
25.488693 6.608205 2.856390 2
25.488693 6.608205 2.856390 2
25.488693 6.608205 2.856390 2
25.488693 6.608205 2.856390 2
23.921923 4.968235 1.450611 2
24.889935 5.570019 -0.325302 2
25.013264 5.929682 0.000731 2
25.013264 5.929682 0.000731 2
25.413830 5.912806 0.189482 2
26.112490 6.740296 1.157099 2
26.112490 6.740296 1.157099 2
27.471394 7.377231 1.970254 2
25.462679 5.764412 0.251619 2
24.261530 6.078365 0.205568 2
24.261530 6.078365 0.205568 2
24.261530 6.078365 0.205568 2
24.848978 5.733393 -0.208879 2
25.197136 5.567175 -0.476864 2
24.877270 6.818970 2.275413 2
24.877270 6.818970 2.275413 2
24.877270 6.818970 2.275413 2
24.877270 6.818970 2.275413 2
24.877270 6.818970 2.275413 2
25.559505 6.320001 0.998709 2
25.559505 6.320001 0.998709 2
23.223570 5.712808 2.015505 2
23.223570 5.712808 2.015505 2
23.223570 5.712808 2.015505 2
25.362614 6.242579 0.738123 2
25.362614 6.242579 0.738123 2
25.032221 5.844886 -0.210835 2
27.118525 7.303370 1.979869 2
24.937458 5.831947 0.361211 2
24.937458 5.831947 0.361211 2
25.085224 5.796192 -0.354289 2
25.085224 5.796192 -0.354289 2
25.085224 5.796192 -0.354289 2
24.411537 5.589976 0.485757 2
24.411537 5.589976 0.485757 2
25.021303 5.969867 0.065319 2
25.021303 5.969867 0.065319 2
25.315695 5.958679 0.201508 2
26.687624 7.394164 1.054858 2
26.687624 7.394164 1.054858 2
28.310629 6.850658 1.947594 2
28.310629 6.850658 1.947594 2
25.911455 6.953990 2.717942 2
25.911455 6.953990 2.717942 2
25.911455 6.953990 2.717942 2
25.911455 6.953990 2.717942 2
22.444832 3.819451 0.708920 2
22.444832 3.819451 0.708920 2
17.361429 4.486597 -0.576283 2
12.167592 6.269158 0.175312 2
12.167592 6.269158 0.175312 2
12.167592 6.269158 0.175312 2
5.262081 -0.602859 -1.142409 2
5.235580 5.547378 1.035407 2
1.336925 4.827506 -0.956786 2
4.516430 8.994324 -1.308182 2
2.070329 2.652965 -0.704149 2
0.999087 3.330621 0.008827 2
0.687808 4.711831 0.518933 2
-1.186368 3.583298 -0.852494 2
-1.186368 3.583298 -0.852494 2
0.796203 3.934774 -0.844713 2
0.796203 3.934774 -0.844713 2
0.157010 3.111335 -1.168388 2
0.187621 2.781754 -0.557832 2
0.553294 5.247884 -1.588932 2
0.416423 5.048821 -0.524541 2
0.715083 4.535421 -0.855171 2
0.297390 3.374927 -1.520912 2
-0.511523 3.396893 -1.015957 2
0.375983 5.833718 -1.080432 2
0.549426 5.083460 -0.443284 2
1.036594 3.928681 -0.925816 2
-0.338264 2.619601 -1.470853 2
-1.524847 4.715914 -1.007400 2
-0.238952 5.002430 0.238450 2
-0.238952 5.002430 0.238450 2
-0.338558 3.385511 -1.015910 2
0.039493 3.099131 -0.813436 2
0.255302 4.300796 -0.742670 2
-0.350153 4.090098 -0.115239 2
0.955080 4.822017 -0.532609 2
-0.388900 3.409042 -1.508116 2
-0.436418 3.574312 -1.099756 2
0.178853 4.310120 -1.156556 2
-0.019114 4.976079 -0.865061 2
1.407608 4.817822 -0.703136 2
-0.027704 3.071857 -0.759952 2
-0.624223 4.728496 -1.210550 2
0.307622 4.013450 0.505555 2
0.307622 4.013450 0.505555 2
0.171198 3.528393 -1.294582 2
-1.173339 4.078160 -0.680105 2
0.214589 4.254199 -0.694300 2
0.475798 4.334998 -0.802549 2
0.366458 3.642132 -1.132736 2
0.366458 3.642132 -1.132736 2
0.366458 3.642132 -1.132736 2
-0.382357 4.426736 -0.267000 2
0.802430 5.178257 -0.622534 2
0.588986 3.176046 -1.197936 2
0.588986 3.176046 -1.197936 2
-0.311268 3.714924 -0.460365 2
-0.311268 3.714924 -0.460365 2
-0.166255 4.074894 -0.556158 2
0.036322 2.862622 -1.130680 2
-0.296167 3.421221 -0.744986 2
0.465787 4.480478 -1.075989 2
-0.003816 4.507973 -0.488664 2
0.849742 4.760905 -0.598289 2
-0.373346 3.279071 -1.414751 2
-0.312529 2.648856 -1.006189 2
0.002730 3.635226 -1.410834 2
0.002730 3.635226 -1.410834 2
1.303852 4.773873 -0.456737 2
-0.862436 2.429264 -0.637785 2
-0.316161 4.096925 -0.912217 2
0.626096 4.412961 -0.531067 2
0.123890 5.491149 -0.734529 2
0.327901 3.268956 -0.979202 2
0.327901 3.268956 -0.979202 2
0.438031 4.538503 -0.542897 2
0.471833 4.186019 -0.617949 2
0.509263 4.522897 -0.847320 2
0.437436 2.373168 -1.735723 2
-0.991725 4.011722 -0.281031 2
-0.153824 4.090141 -0.298461 2
-0.153824 4.090141 -0.298461 2
1.355898 4.912932 -0.971914 2
0.060427 2.982099 -0.834342 2
0.414756 5.060740 -0.896525 2
-0.074594 4.386988 -0.172018 2
0.362188 5.224816 -0.764778 2
-0.027718 2.932174 -1.344845 2
-0.030758 3.206048 -0.793569 2
0.751679 4.821658 -1.065060 2
0.751679 4.821658 -1.065060 2
0.024225 4.548668 -0.667423 2
-0.344441 2.334785 -1.047214 2
-0.422668 3.602735 -0.712550 2
-0.098952 3.769433 -1.123562 2
-0.098952 3.769433 -1.123562 2
0.848310 3.998130 -1.092991 2
-0.553689 3.002762 -0.372497 2
0.211043 4.148469 -0.693621 2
1.367932 3.673112 0.003002 2
5.752721 8.030534 -0.317524 2
7.304286 2.377258 -1.569118 2
9.085056 3.323207 1.505617 2
13.085938 4.294423 -0.475948 2
13.085938 4.294423 -0.475948 2
13.085938 4.294423 -0.475948 2
13.085938 4.294423 -0.475948 2
13.085938 4.294423 -0.475948 2
13.085938 4.294423 -0.475948 2
13.085938 4.294423 -0.475948 2
24.057610 4.823575 2.090988 2
24.057610 4.823575 2.090988 2
24.057610 4.823575 2.090988 2
24.057610 4.823575 2.090988 2
24.069441 3.150082 -1.561489 2
24.069441 3.150082 -1.561489 2
23.349274 5.601706 0.682480 2
23.349274 5.601706 0.682480 2
23.349274 5.601706 0.682480 2
23.349274 5.601706 0.682480 2
23.349274 5.601706 0.682480 2
23.349274 5.601706 0.682480 2
23.349274 5.601706 0.682480 2
23.349274 5.601706 0.682480 2
23.349274 5.601706 0.682480 2
23.349274 5.601706 0.682480 2
23.349274 5.601706 0.682480 2
25.487728 5.395012 -0.272352 2
25.487728 5.395012 -0.272352 2
24.465715 6.230208 0.496196 2
24.762564 5.761011 0.068079 2
24.762564 5.761011 0.068079 2
24.762564 5.761011 0.068079 2
24.762564 5.761011 0.068079 2
25.057793 5.681433 0.153775 2
23.863461 5.212827 0.205035 2
23.863461 5.212827 0.205035 2
23.863461 5.212827 0.205035 2
23.863461 5.212827 0.205035 2
25.255936 5.681936 -0.034941 2
25.255936 5.681936 -0.034941 2
24.525558 6.175774 0.330811 2
24.525558 6.175774 0.330811 2
23.928570 5.548193 0.570564 2
25.230694 5.641359 -0.040829 2
25.230694 5.641359 -0.040829 2
24.224167 6.286351 0.208682 2
24.224167 6.286351 0.208682 2
25.034227 5.467484 -0.179180 2
24.947947 5.940085 0.261637 2
24.947947 5.940085 0.261637 2
24.947947 5.940085 0.261637 2
26.188627 6.708551 1.374478 2
25.031879 5.586172 -0.259155 2
25.031879 5.586172 -0.259155 2
25.031879 5.586172 -0.259155 2
25.031879 5.586172 -0.259155 2
23.492601 5.583697 0.580708 2
23.492601 5.583697 0.580708 2
23.492601 5.583697 0.580708 2
24.759216 6.054158 0.271617 2
23.641865 5.407791 0.418070 2
24.879095 6.033151 0.280992 2
25.006771 5.912664 0.117284 2
25.006771 5.912664 0.117284 2
25.006771 5.912664 0.117284 2
25.006771 5.912664 0.117284 2
25.006771 5.912664 0.117284 2
25.006771 5.912664 0.117284 2
25.006771 5.912664 0.117284 2
25.006771 5.912664 0.117284 2
25.006771 5.912664 0.117284 2
25.006771 5.912664 0.117284 2
25.006771 5.912664 0.117284 2
25.058762 6.044862 0.297602 2
22.182541 4.163755 0.570107 2
24.375153 5.872305 0.461675 2
24.375153 5.872305 0.461675 2
24.375153 5.872305 0.461675 2
24.375153 5.872305 0.461675 2
24.375153 5.872305 0.461675 2
24.375153 5.872305 0.461675 2
26.402599 6.375098 0.210194 2
25.226431 6.199003 0.097384 2
25.226431 6.199003 0.097384 2
25.226431 6.199003 0.097384 2
24.878510 5.508364 0.032150 2
24.878510 5.508364 0.032150 2
24.811563 6.080712 0.294711 2
23.383722 6.666311 -0.585087 2
23.383722 6.666311 -0.585087 2
23.383722 6.666311 -0.585087 2
23.383722 6.666311 -0.585087 2
23.383722 6.666311 -0.585087 2
24.856472 5.552339 0.198795 2
24.856472 5.552339 0.198795 2
24.563450 6.042317 0.144384 2
24.563450 6.042317 0.144384 2
24.563450 6.042317 0.144384 2
24.563450 6.042317 0.144384 2
20.495264 5.049997 0.418589 2
20.495264 5.049997 0.418589 2
18.213633 6.457177 0.239044 2
18.213633 6.457177 0.239044 2
12.171791 4.524023 0.245268 2
12.171791 4.524023 0.245268 2
12.171791 4.524023 0.245268 2
2.935786 3.646937 -1.298326 2
2.935786 3.646937 -1.298326 2
2.935786 3.646937 -1.298326 2
0.931947 2.668522 -1.727901 2
-0.184809 3.928647 -0.444391 2
-0.184809 3.928647 -0.444391 2
0.347298 3.073146 -0.715834 2
1.011814 3.943677 0.347822 2
-0.850417 2.624613 -1.430979 2
-1.813838 4.430142 -0.867132 2
-1.013236 3.469757 -0.771058 2
-1.262086 3.537153 0.265980 2
-0.185568 3.249395 -0.587575 2
-0.408495 2.440480 -1.515958 2
-0.315680 3.891721 -1.609196 2
-0.315680 3.891721 -1.609196 2
1.297867 2.593320 1.494722 2
-0.493020 2.987069 -1.411495 2
-0.400628 2.683808 -1.468852 2
-0.329150 3.926418 -1.287156 2
-0.725602 4.033778 -0.584282 2
0.560572 3.569920 -1.149501 2
-0.751007 2.980981 -1.075072 2
-1.073477 3.676183 -1.369144 2
-0.550909 3.810728 -0.685396 2
0.144346 5.751278 -0.952964 2
0.336012 3.607922 -1.006003 2
-0.670793 2.951488 -0.879169 2
-0.465481 3.581167 -0.845939 2
1.069812 5.641563 -0.638806 2
1.069812 5.641563 -0.638806 2
-0.054763 3.491438 -1.271091 2
-0.902390 2.600338 -0.565832 2
-0.330640 3.898758 -0.893339 2
0.484753 4.706766 -0.887002 2
-0.299438 2.795874 -1.102471 2
-0.179287 2.816671 -1.140447 2
-0.548507 2.856024 -0.558715 2
-0.872693 3.549895 -0.183397 2
0.541218 4.506828 -1.251046 2
2.346808 6.420983 -1.029281 2
-0.146329 2.964664 -1.043946 2
-0.111193 3.825120 -1.042921 2
-1.157445 2.672470 -0.630619 2
0.584583 4.077497 -0.828326 2
-0.624898 3.178557 -1.302458 2
-0.314403 3.497171 -0.976548 2
-0.314403 3.497171 -0.976548 2
-0.081352 3.992182 -1.199064 2
0.097039 2.974939 -1.125268 2
-0.751920 2.855107 -1.122197 2
-2.332761 5.761563 -0.678233 2
-0.037479 3.423040 -0.693692 2
-0.037479 3.423040 -0.693692 2
0.170083 3.597501 -1.020111 2
-0.843345 2.873072 -0.496044 2
-0.085365 3.786660 -0.925876 2
-0.008385 2.468826 -0.717137 2
0.532705 4.806768 -1.387775 2
0.028028 3.564353 -1.305673 2
-0.544208 3.274774 -0.358404 2
-0.618871 3.604497 -0.947411 2
0.475971 4.841501 -0.932965 2
0.475971 4.841501 -0.932965 2
0.475971 4.841501 -0.932965 2
-1.174067 2.389372 -1.066205 2
-1.174067 2.389372 -1.066205 2
-0.136196 3.864245 -1.091966 2
-0.531691 3.499972 -1.175828 2
-0.633667 2.552652 -0.777978 2
-0.009807 3.819065 -1.098335 2
-0.640945 3.690787 -1.077045 2
0.701579 3.789665 -0.835308 2
-0.360585 3.283597 -1.267329 2
-0.215195 2.619645 -0.810286 2
-0.077644 4.042554 -1.449323 2
5.950324 11.173836 -0.272697 2
0.861909 3.825559 -0.904073 2
-0.553889 2.798296 -0.671661 2
-0.089677 3.852072 -0.018592 2
0.089704 3.776010 -0.792458 2
0.089704 3.776010 -0.792458 2
0.231883 3.599972 -1.110113 2
-0.918425 2.694862 -0.521365 2
-0.109782 3.834646 -0.824024 2
0.053902 2.453681 -0.893424 2
0.053902 2.453681 -0.893424 2
0.434115 4.096679 -0.805318 2
-0.399073 2.828903 -0.499259 2
-0.483247 4.116266 -0.998682 2
0.215934 4.050797 -0.704908 2
0.759906 4.468186 -1.099741 2
1.098545 3.478254 -0.765951 2
3.698678 4.110318 -0.211885 2
5.908809 4.958230 0.388898 2
9.418778 7.555979 0.199169 2
9.418778 7.555979 0.199169 2
16.622765 0.500603 -1.587077 2
19.035542 3.091398 0.966288 2
19.035542 3.091398 0.966288 2
19.035542 3.091398 0.966288 2
19.035542 3.091398 0.966288 2
19.035542 3.091398 0.966288 2
19.035542 3.091398 0.966288 2
19.035542 3.091398 0.966288 2
19.035542 3.091398 0.966288 2
19.035542 3.091398 0.966288 2
19.035542 3.091398 0.966288 2
19.035542 3.091398 0.966288 2
30.116802 5.850627 1.413606 2
30.116802 5.850627 1.413606 2
28.991419 6.430542 2.246729 2
28.991419 6.430542 2.246729 2
28.991419 6.430542 2.246729 2
28.991419 6.430542 2.246729 2
28.991419 6.430542 2.246729 2
29.870239 5.684196 1.651693 2
29.870239 5.684196 1.651693 2
29.870239 5.684196 1.651693 2
29.870239 5.684196 1.651693 2
30.368084 5.267849 1.405542 2
30.368084 5.267849 1.405542 2
30.202694 5.680614 1.847449 2
30.433231 5.965950 1.795387 2
30.433231 5.965950 1.795387 2
30.645546 5.319236 1.309433 2
30.645546 5.319236 1.309433 2
30.014345 5.875801 1.910862 2
30.974264 5.186275 1.346139 2
30.573330 5.092001 1.310279 2
30.146490 5.857627 1.833107 2
30.146490 5.857627 1.833107 2
30.146490 5.857627 1.833107 2
30.146490 5.857627 1.833107 2
30.573429 5.175827 1.129476 2
31.562765 4.505544 0.459010 2
29.843878 5.740550 1.906730 2
29.843878 5.740550 1.906730 2
30.011036 5.367778 1.542580 2
30.480316 5.199966 1.387705 2
30.480316 5.199966 1.387705 2
29.845882 6.065043 1.775940 2
29.845882 6.065043 1.775940 2
30.862560 5.269129 1.124749 2
30.862560 5.269129 1.124749 2
30.751047 5.317754 1.142956 2
30.759079 5.087667 1.236781 2
30.630781 5.187607 1.331500 2
29.727133 5.905518 2.017822 2
29.727133 5.905518 2.017822 2
29.732840 5.834029 2.040416 2
29.732840 5.834029 2.040416 2
30.000439 5.932467 1.875476 2
30.000439 5.932467 1.875476 2
24.472233 4.805173 0.248345 2
24.472233 4.805173 0.248345 2
21.485693 4.603713 1.706494 2
21.485693 4.603713 1.706494 2
21.485693 4.603713 1.706494 2
21.485693 4.603713 1.706494 2
6.283973 3.566982 0.096504 2
3.425174 7.376523 -0.219518 2
3.425174 7.376523 -0.219518 2
1.283789 2.640149 -1.590158 2
1.283789 2.640149 -1.590158 2
4.824777 0.811652 1.010186 2
4.824777 0.811652 1.010186 2
-1.052873 3.673161 -1.247032 2
0.302203 2.602278 0.617361 2
0.302203 2.602278 0.617361 2
0.580861 2.042344 -1.871377 2
0.580861 2.042344 -1.871377 2
0.556269 4.155631 -1.935632 2
0.556269 4.155631 -1.935632 2
0.464104 2.670003 -0.689574 2
-0.105056 3.124915 -1.369470 2
-0.105056 3.124915 -1.369470 2
-0.699973 3.808938 -1.283194 2
-0.699973 3.808938 -1.283194 2
0.539103 3.524503 -0.830294 2
0.539103 3.524503 -0.830294 2
-0.399204 3.990579 -0.952924 2
0.678414 5.139010 -0.080712 2
0.678414 5.139010 -0.080712 2
0.331224 3.821855 -1.019071 2
0.331224 3.821855 -1.019071 2
-0.505364 3.652953 -0.840871 2
-0.505364 3.652953 -0.840871 2
0.653625 4.620210 -0.505571 2
-0.044215 3.112249 -1.466800 2
-0.044215 3.112249 -1.466800 2
-0.504257 4.044072 -0.757916 2
-0.504257 4.044072 -0.757916 2
1.263197 4.451095 -0.935392 2
1.263197 4.451095 -0.935392 2
-0.226211 3.788401 -0.342845 2
-0.261226 3.907071 -0.257214 2
-0.043912 4.069834 -1.283922 2
-0.262224 3.251914 -1.143740 2
-0.262224 3.251914 -1.143740 2
-0.167590 3.541011 -0.962311 2
-0.167590 3.541011 -0.962311 2
-0.781824 2.636041 -0.541361 2
-1.450967 5.314874 -1.646525 2
-0.181060 2.643774 -0.676156 2
-0.181060 2.643774 -0.676156 2
-0.150607 3.686985 -1.333447 2
0.752831 4.360984 -0.984679 2
0.752831 4.360984 -0.984679 2
0.118831 3.898763 -0.072781 2
0.155459 3.783442 -0.789811 2
0.155459 3.783442 -0.789811 2
0.179133 3.680268 -1.101117 2
-0.228143 3.650599 -0.753742 2
-0.228143 3.650599 -0.753742 2
-0.228143 3.650599 -0.753742 2
0.115324 2.819271 -0.763565 2
0.071177 3.478335 -1.474220 2
-0.270639 2.831419 -0.540418 2
-0.486656 3.923797 -0.940914 2
-0.486656 3.923797 -0.940914 2
1.894200 5.169286 -1.177843 2
1.894200 5.169286 -1.177843 2
-0.177573 3.537010 -0.580198 2
-0.111983 3.936047 -0.403425 2
0.819606 5.821182 -1.054614 2
-0.421739 3.177365 -1.045562 2
-0.421739 3.177365 -1.045562 2
-0.099939 3.666015 -0.773200 2
-0.099939 3.666015 -0.773200 2
0.563189 3.359514 -0.685161 2
-0.374070 3.312586 -1.234995 2
-0.136387 2.520931 -0.713780 2
-0.026549 3.881135 -1.233867 2
-0.026549 3.881135 -1.233867 2
0.830180 4.020610 -1.033260 2
0.830180 4.020610 -1.033260 2
-0.226030 4.247495 -0.143336 2
0.387309 3.276000 -0.408778 2
0.387309 3.276000 -0.408778 2
0.010554 3.752174 -1.287899 2
0.010554 3.752174 -1.287899 2
-0.262213 3.831358 -0.865787 2
-0.262213 3.831358 -0.865787 2
0.234449 3.222464 -0.689875 2
0.274051 3.035563 -1.508765 2
-0.415592 2.985709 -0.579911 2
-0.733604 2.929724 -0.690162 2
-0.733604 2.929724 -0.690162 2
2.274327 6.341251 -1.032997 2
2.274327 6.341251 -1.032997 2
-0.212216 4.372610 -0.585234 2
-0.212216 4.372610 -0.585234 2
11.431103 12.695237 2.177129 2
6.770172 2.620133 -1.663609 2
6.770172 2.620133 -1.663609 2
12.669247 4.530962 -0.143151 2
12.669247 4.530962 -0.143151 2
17.891197 4.599321 0.319624 2
17.891197 4.599321 0.319624 2
17.891197 4.599321 0.319624 2
17.891197 4.599321 0.319624 2
17.891197 4.599321 0.319624 2
30.164330 2.202348 0.002606 2
30.164330 2.202348 0.002606 2
30.164330 2.202348 0.002606 2
30.164330 2.202348 0.002606 2
30.164330 2.202348 0.002606 2
30.164330 2.202348 0.002606 2
29.099815 5.402721 0.678303 2
29.099815 5.402721 0.678303 2
29.099815 5.402721 0.678303 2
29.099815 5.402721 0.678303 2
31.232857 4.719606 1.681138 2
29.209778 6.775089 1.912472 2
30.547356 5.464892 1.621057 2
30.547356 5.464892 1.621057 2
30.547356 5.464892 1.621057 2
30.547356 5.464892 1.621057 2
30.405090 5.223469 1.245219 2
30.186806 5.679717 1.754767 2
30.636375 5.622411 1.686113 2
30.636375 5.622411 1.686113 2
30.636375 5.622411 1.686113 2
29.727400 6.053144 2.093257 2
29.727400 6.053144 2.093257 2
30.047693 5.928373 1.920149 2
30.426720 5.063805 1.261211 2
28.752138 7.361389 2.688641 2
28.752138 7.361389 2.688641 2
28.752138 7.361389 2.688641 2
28.752138 7.361389 2.688641 2
28.752138 7.361389 2.688641 2
29.572359 5.992952 1.892364 2
30.024155 5.773902 1.780567 2
30.024155 5.773902 1.780567 2
30.278971 5.012922 1.335686 2
30.278971 5.012922 1.335686 2
29.792215 5.918441 1.861400 2
29.792215 5.918441 1.861400 2
30.319971 5.963668 2.053981 2
30.319971 5.963668 2.053981 2
29.795639 6.007954 1.783889 2
29.795639 6.007954 1.783889 2
29.795639 6.007954 1.783889 2
29.795639 6.007954 1.783889 2
29.795639 6.007954 1.783889 2
30.652416 5.246783 1.322590 2
29.774878 5.890044 2.011048 2
29.774878 5.890044 2.011048 2
29.774878 5.890044 2.011048 2
29.774878 5.890044 2.011048 2
30.021107 5.909027 1.803917 2
30.021107 5.909027 1.803917 2
31.083700 5.272015 1.350226 2
30.303709 5.108488 1.271872 2
30.303709 5.108488 1.271872 2
30.554081 5.622215 1.220134 2
30.554081 5.622215 1.220134 2
30.323963 5.014334 1.384287 2
30.323963 5.014334 1.384287 2
30.352732 5.197858 1.325272 2
29.996954 5.835640 1.836380 2
29.996954 5.835640 1.836380 2
29.958895 5.420292 1.483682 2
29.958895 5.420292 1.483682 2
29.668636 6.004523 1.897738 2
29.668636 6.004523 1.897738 2
29.668636 6.004523 1.897738 2
29.960024 5.985805 1.935732 2
30.801191 4.952373 1.055505 2
30.801191 4.952373 1.055505 2
30.801191 4.952373 1.055505 2
30.272627 6.042774 1.972011 2
30.272627 6.042774 1.972011 2
29.905672 5.952671 1.832208 2
30.339855 5.367972 1.463365 2
31.666729 6.949814 2.117820 2
31.666729 6.949814 2.117820 2
29.946264 5.954827 1.801680 2
29.946264 5.954827 1.801680 2
29.946264 5.954827 1.801680 2
31.005625 5.147186 1.457867 2
30.564545 5.091676 1.215334 2
31.427263 4.850719 0.659920 2
29.832678 5.688231 1.926265 2
29.832678 5.688231 1.926265 2
29.982552 5.235265 1.627501 2
29.982552 5.235265 1.627501 2
29.666313 5.898248 2.004907 2
29.911264 5.791056 2.027141 2
29.847254 5.737418 1.965223 2
29.847254 5.737418 1.965223 2
29.847254 5.737418 1.965223 2
29.592690 6.002963 1.845720 2
29.592690 6.002963 1.845720 2
27.332352 6.009149 0.583283 2
21.887627 4.761652 1.747493 2
21.887627 4.761652 1.747493 2
21.887627 4.761652 1.747493 2
21.887627 4.761652 1.747493 2
11.160459 2.252200 -0.905389 2
11.160459 2.252200 -0.905389 2
3.030378 7.034721 -0.597118 2
8.170483 -0.776003 0.003332 2
2.729835 2.181584 -1.327428 2
2.729835 2.181584 -1.327428 2
2.729835 2.181584 -1.327428 2
1.680199 0.725717 -2.129724 2
1.680199 0.725717 -2.129724 2
0.218978 3.119507 -0.889508 2
1.721675 1.897766 -0.461903 2
0.577322 2.372412 -1.780540 2
-0.234610 2.926478 -0.778060 2
-0.234610 2.926478 -0.778060 2
-0.829378 4.105206 -1.594394 2
-0.829378 4.105206 -1.594394 2
0.160671 2.608532 -1.061364 2
-0.118854 2.791303 -0.804647 2
-1.018976 3.548470 -0.210485 2
-0.117210 4.673936 -0.159371 2
-0.117210 4.673936 -0.159371 2
-0.508300 3.105003 -1.339356 2
-0.508300 3.105003 -1.339356 2
-0.508300 3.105003 -1.339356 2
-0.508300 3.105003 -1.339356 2
-0.508300 3.105003 -1.339356 2
0.294742 2.471031 -1.064212 2
0.294742 2.471031 -1.064212 2
-0.302581 3.185620 -0.521576 2
-0.302581 3.185620 -0.521576 2
-0.838018 2.665783 -0.850747 2
-0.625984 3.924173 -0.284259 2
-0.192335 3.485754 -0.606676 2
-0.513710 4.338352 -0.971915 2
-0.513710 4.338352 -0.971915 2
-1.076038 2.931486 -0.543358 2
-1.076038 2.931486 -0.543358 2
0.466681 4.440974 -0.723827 2
0.466681 4.440974 -0.723827 2
0.250811 4.539134 -1.445207 2
-0.515046 2.896216 -0.657426 2
-0.605874 3.422535 -0.860968 2
0.432057 3.591668 -0.603964 2
0.432057 3.591668 -0.603964 2
-0.349340 3.002212 -0.984337 2
-0.347232 4.108155 -0.277845 2
-0.687991 4.352862 0.112790 2
-0.687991 4.352862 0.112790 2
-0.687991 4.352862 0.112790 2
-0.689090 2.506618 -0.671549 2
-0.689090 2.506618 -0.671549 2
0.026192 4.730237 -0.587958 2
0.026192 4.730237 -0.587958 2
-0.300508 3.391624 -1.423602 2
-0.496642 3.386333 -0.660314 2
-0.496642 3.386333 -0.660314 2
0.212399 3.742634 -0.904269 2
0.696795 3.893632 -0.957969 2
-0.723975 2.875675 -0.669380 2
-0.353789 3.812653 -0.382885 2
0.414095 2.985635 -0.863091 2
0.414095 2.985635 -0.863091 2
0.414095 2.985635 -0.863091 2
-0.929770 2.792948 -0.518156 2
-0.929770 2.792948 -0.518156 2
0.202349 3.235669 -0.681668 2
0.202349 3.235669 -0.681668 2
-0.038768 4.151499 -1.264154 2
-0.140892 4.113493 -0.609564 2
-0.140892 4.113493 -0.609564 2
0.522454 4.692215 -1.234046 2
2.157363 6.179291 -1.002622 2
-0.543309 2.676017 -1.108706 2
-0.296607 3.904052 -0.747127 2
-0.375265 2.202005 0.237068 2
0.867550 4.889382 -1.067348 2
-0.614666 3.313762 -1.160813 2
-0.539025 2.763877 -0.687733 2
-0.062635 3.609550 -1.077931 2
-0.001947 4.678954 -0.747047 2
0.642297 4.123371 -0.882131 2
-0.162324 2.682301 -1.417667 2
-0.523721 3.370853 -0.522145 2
-0.523721 3.370853 -0.522145 2
