0.000000 0.000000 0.000000 2
0.117875 2.262218 -1.535827 2
0.117875 2.262218 -1.535827 2
0.117875 2.262218 -1.535827 2
0.029476 2.358051 -1.454561 2
0.360240 2.943433 -1.606139 2
0.255349 2.587410 -1.649715 2
0.255349 2.587410 -1.649715 2
0.130989 2.150286 -1.517968 2
0.130989 2.150286 -1.517968 2
0.125619 1.984599 -1.458987 2
0.125619 1.984599 -1.458987 2
0.057771 2.904345 -1.357905 2
0.080278 2.812312 -1.374968 2
0.080278 2.812312 -1.374968 2
0.269299 2.656076 -1.550214 2
0.269299 2.656076 -1.550214 2
0.128555 2.369587 -1.368731 2
0.128555 2.369587 -1.368731 2
0.355854 2.619344 -1.560693 2
0.410663 2.772016 -1.720619 2
0.410663 2.772016 -1.720619 2
0.063461 2.814658 -1.340228 2
0.063461 2.814658 -1.340228 2
0.233845 2.288230 -1.487302 2
0.127733 2.293520 -1.642122 2
0.151949 2.208598 -1.521364 2
0.446083 2.725714 -1.609567 2
0.446083 2.725714 -1.609567 2
0.135042 1.935166 -1.483010 2
0.135042 1.935166 -1.483010 2
0.065231 1.649915 -1.392408 2
0.065231 1.649915 -1.392408 2
0.065231 1.649915 -1.392408 2
-0.083722 2.759099 -1.185793 2
-0.083722 2.759099 -1.185793 2
0.273627 2.732181 -1.549782 2
0.273627 2.732181 -1.549782 2
0.273627 2.732181 -1.549782 2
0.129617 2.179818 -1.441043 2
0.139630 2.748221 -1.354512 2
0.125344 2.792928 -1.415254 2
0.125344 2.792928 -1.415254 2
0.109647 2.769037 -1.385482 2
0.109647 2.769037 -1.385482 2
0.361318 2.843657 -1.602945 2
0.128596 2.054262 -1.404785 2
0.160772 2.360264 -1.453667 2
0.345436 2.787388 -1.632992 2
0.345436 2.787388 -1.632992 2
0.143809 2.707738 -1.371339 2
0.143809 2.707738 -1.371339 2
0.204277 2.192668 -1.377535 2
0.204277 2.192668 -1.377535 2
0.068603 2.755634 -1.444276 2
0.192417 2.325146 -1.461387 2
0.192417 2.325146 -1.461387 2
0.403786 2.738654 -1.579877 2
0.403786 2.738654 -1.579877 2
0.307877 2.636304 -1.578373 2
0.387418 2.783249 -1.810070 2
0.387418 2.783249 -1.810070 2
0.210570 1.787575 -1.412074 2
0.131028 2.590953 -1.449747 2
0.338188 2.700415 -1.673692 2
0.338188 2.700415 -1.673692 2
0.155068 2.063073 -1.500997 2
0.387908 2.877942 -1.628500 2
0.387908 2.877942 -1.628500 2
0.312505 2.822362 -1.577732 2
0.312505 2.822362 -1.577732 2
0.436036 2.639629 -1.589194 2
0.436036 2.639629 -1.589194 2
0.436036 2.639629 -1.589194 2
0.435545 2.680313 -1.656849 2
0.339503 2.731544 -1.640280 2
0.421487 2.723296 -1.686418 2
0.421487 2.723296 -1.686418 2
0.361625 2.943658 -1.611779 2
0.361625 2.943658 -1.611779 2
0.213746 2.418569 -1.454571 2
0.448516 2.682326 -1.623395 2
0.351329 2.812525 -1.609887 2
0.124445 2.143981 -1.447974 2
0.124445 2.143981 -1.447974 2
0.226386 2.257806 -1.423633 2
0.226386 2.257806 -1.423633 2
0.370833 2.764294 -1.596597 2
0.370833 2.764294 -1.596597 2
0.266157 2.794599 -1.687632 2
0.289720 2.749613 -1.769915 2
0.289720 2.749613 -1.769915 2
0.152179 2.198811 -1.455066 2
0.152179 2.198811 -1.455066 2
0.352166 2.901315 -1.595503 2
0.352166 2.901315 -1.595503 2
0.392893 2.881504 -1.627294 2
0.150121 2.052619 -1.407622 2
0.150121 2.052619 -1.407622 2
0.184433 2.801934 -1.728937 2
0.184433 2.801934 -1.728937 2
0.288297 2.715276 -1.564992 2
0.288297 2.715276 -1.564992 2
0.288297 2.715276 -1.564992 2
0.119324 2.795568 -1.368337 2
0.119324 2.795568 -1.368337 2
0.420628 2.620089 -1.635708 2
0.420628 2.620089 -1.635708 2
0.420628 2.620089 -1.635708 2
0.270083 2.365834 -1.449192 2
0.270083 2.365834 -1.449192 2
0.163914 2.286510 -1.515282 2
0.163914 2.286510 -1.515282 2
0.339735 2.743059 -1.638880 2
0.339735 2.743059 -1.638880 2
0.339735 2.743059 -1.638880 2
0.147230 2.158067 -1.454506 2
0.197546 2.309424 -1.462944 2
0.205305 2.292871 -1.530889 2
0.205305 2.292871 -1.530889 2
0.414219 2.825909 -1.584206 2
0.414219 2.825909 -1.584206 2
0.089492 2.811407 -1.375704 2
0.089492 2.811407 -1.375704 2
0.366204 2.767420 -1.661738 2
0.373853 2.756022 -1.582124 2
0.373853 2.756022 -1.582124 2
0.436128 2.683348 -1.630153 2
0.436128 2.683348 -1.630153 2
0.418232 2.753199 -1.602936 2
0.418232 2.753199 -1.602936 2
0.178742 2.242954 -1.423989 2
0.115928 2.261142 -1.417540 2
0.115928 2.261142 -1.417540 2
0.368995 2.728459 -1.594935 2
0.368995 2.728459 -1.594935 2
0.384010 2.646160 -1.608428 2
0.384010 2.646160 -1.608428 2
0.170593 2.696593 -1.392305 2
0.376232 2.845855 -1.608350 2
0.376232 2.845855 -1.608350 2
0.383953 2.837440 -1.661220 2
0.383953 2.837440 -1.661220 2
0.402844 2.890580 -1.604621 2
0.313130 2.868560 -1.628852 2
0.313130 2.868560 -1.628852 2
0.324215 2.961529 -1.578073 2
0.324215 2.961529 -1.578073 2
0.081557 2.786762 -1.371845 2
0.081557 2.786762 -1.371845 2
0.081557 2.786762 -1.371845 2
0.102801 2.796204 -1.370061 2
0.080357 2.798861 -1.354810 2
0.267338 2.783302 -1.602448 2
0.267338 2.783302 -1.602448 2
0.348014 2.768694 -1.559399 2
0.348014 2.768694 -1.559399 2
0.345795 2.610002 -1.548159 2
0.345795 2.610002 -1.548159 2
0.131681 2.755067 -1.368635 2
-0.006875 2.288642 -1.498480 2
-0.006875 2.288642 -1.498480 2
0.192479 2.140432 -1.458980 2
0.192479 2.140432 -1.458980 2
0.193144 2.204044 -1.454148 2
0.193144 2.204044 -1.454148 2
0.162891 2.173902 -1.504775 2
0.156174 2.324446 -1.493687 2
0.156174 2.324446 -1.493687 2
0.350419 2.661870 -1.522246 2
0.350419 2.661870 -1.522246 2
0.107545 2.084544 -1.380946 2
0.288337 2.708157 -1.579310 2
0.340161 2.907650 -1.620079 2
0.343137 2.782068 -1.746212 2
0.343137 2.782068 -1.746212 2
0.174053 1.996016 -1.364432 2
0.174053 1.996016 -1.364432 2
0.140544 2.786883 -1.542944 2
0.182495 2.442881 -1.483286 2
0.381659 2.654778 -1.590323 2
0.169920 2.038431 -1.472951 2
0.169920 2.038431 -1.472951 2
0.010387 2.551509 -1.240961 2
0.010387 2.551509 -1.240961 2
0.010387 2.551509 -1.240961 2
0.258422 2.596365 -1.543518 2
0.258422 2.596365 -1.543518 2
0.432765 2.818624 -1.657516 2
0.432765 2.818624 -1.657516 2
0.107390 2.357866 -1.424736 2
0.107390 2.357866 -1.424736 2
0.107390 2.357866 -1.424736 2
0.289563 2.646214 -1.553382 2
0.289563 2.646214 -1.553382 2
0.221324 2.206913 -1.424511 2
0.221324 2.206913 -1.424511 2
0.101147 2.753694 -1.349859 2
0.101147 2.753694 -1.349859 2
0.144312 2.040787 -1.422205 2
0.102740 2.839949 -1.375476 2
0.102740 2.839949 -1.375476 2
0.399762 2.799283 -1.588023 2
0.399762 2.799283 -1.588023 2
0.356076 2.781741 -1.615497 2
0.356076 2.781741 -1.615497 2
0.356076 2.781741 -1.615497 2
0.217967 2.643157 -1.506852 2
0.120645 2.347801 -1.389472 2
0.407995 2.852549 -1.631499 2
0.407995 2.852549 -1.631499 2
0.472453 2.794379 -1.604001 2
0.472453 2.794379 -1.604001 2
0.123548 2.756802 -1.368164 2
0.164865 2.169522 -1.388176 2
0.586436 2.713838 -1.637686 2
0.327126 2.494288 -1.440667 2
0.327126 2.494288 -1.440667 2
0.364459 2.831046 -1.721815 2
0.364459 2.831046 -1.721815 2
0.364459 2.831046 -1.721815 2
0.207742 2.106434 -1.486238 2
0.364089 2.687713 -1.648009 2
0.101023 2.491679 -1.200072 2
0.101023 2.491679 -1.200072 2
0.327665 2.744815 -1.666057 2
0.327665 2.744815 -1.666057 2
0.327665 2.744815 -1.666057 2
0.104533 2.758142 -1.377350 2
0.104533 2.758142 -1.377350 2
0.137152 2.272706 -1.353558 2
0.137152 2.272706 -1.353558 2
0.328915 2.772066 -1.665346 2
0.328915 2.772066 -1.665346 2
0.331106 2.654707 -1.540549 2
0.331106 2.654707 -1.540549 2
0.156353 2.193264 -1.495911 2
0.183528 2.430568 -1.463532 2
0.183528 2.430568 -1.463532 2
0.200888 2.280334 -1.525484 2
0.200888 2.280334 -1.525484 2
0.105224 2.516113 -1.510875 2
0.105224 2.516113 -1.510875 2
0.444960 2.689018 -1.596648 2
0.298645 2.698810 -1.722878 2
0.127293 2.770544 -1.372780 2
0.223456 2.164289 -1.481029 2
0.223456 2.164289 -1.481029 2
-0.118233 2.740792 -1.170342 2
-0.118233 2.740792 -1.170342 2
0.346039 2.777109 -1.639983 2
0.144192 2.129356 -1.392092 2
0.144192 2.129356 -1.392092 2
0.380024 2.590596 -1.568881 2
0.380024 2.590596 -1.568881 2
0.100217 2.540467 -1.509811 2
0.357264 2.636010 -1.537135 2
0.357264 2.636010 -1.537135 2
0.095691 2.795015 -1.384004 2
0.095691 2.795015 -1.384004 2
0.032355 2.375404 -1.551695 2
0.032355 2.375404 -1.551695 2
0.032355 2.375404 -1.551695 2
0.268873 2.723535 -1.504882 2
0.268873 2.723535 -1.504882 2
0.298178 2.876398 -1.559807 2
0.298178 2.876398 -1.559807 2
0.205706 2.208347 -1.448281 2
0.205706 2.208347 -1.448281 2
0.205706 2.208347 -1.448281 2
0.384931 2.692963 -1.576768 2
0.113703 2.745481 -1.349687 2
0.180856 2.145989 -1.395217 2
0.180856 2.145989 -1.395217 2
0.374924 2.857690 -1.608979 2
0.374924 2.857690 -1.608979 2
0.196680 2.782417 -1.519583 2
0.196680 2.782417 -1.519583 2
0.115731 2.496545 -1.362350 2
0.324581 2.750990 -1.630719 2
0.324581 2.750990 -1.630719 2
0.103271 2.014517 -1.431180 2
0.103271 2.014517 -1.431180 2
0.070128 2.259584 -1.447202 2
0.070128 2.259584 -1.447202 2
0.264657 2.747167 -1.533713 2
0.182588 2.263520 -1.451184 2
0.182588 2.263520 -1.451184 2
0.063054 2.758473 -1.347813 2
0.063054 2.758473 -1.347813 2
0.191719 2.654306 -1.379272 2
0.467789 2.542834 -1.539562 2
0.467789 2.542834 -1.539562 2
0.283273 2.878938 -1.546338 2
0.283273 2.878938 -1.546338 2
0.291626 3.009437 -1.713659 2
0.291626 3.009437 -1.713659 2
0.155349 2.054114 -1.438889 2
0.155349 2.054114 -1.438889 2
0.155349 2.054114 -1.438889 2
0.338014 2.916930 -1.598103 2
0.338014 2.916930 -1.598103 2
0.317219 2.771008 -1.572447 2
0.317219 2.771008 -1.572447 2
0.121134 2.235718 -1.447554 2
0.121134 2.235718 -1.447554 2
0.121134 2.235718 -1.447554 2
0.148403 2.241566 -1.385160 2
0.148403 2.241566 -1.385160 2
0.357158 2.809071 -1.527794 2
0.357158 2.809071 -1.527794 2
0.448239 2.801303 -1.645245 2
0.448239 2.801303 -1.645245 2
0.130010 2.045994 -1.408223 2
0.094291 2.847603 -1.460589 2
0.129216 2.418988 -1.350051 2
0.318262 2.664183 -1.583981 2
0.318262 2.664183 -1.583981 2
0.318262 2.664183 -1.583981 2
0.257160 2.612700 -1.495891 2
0.186042 2.171475 -1.419624 2
0.152055 2.234801 -1.334103 2
0.152055 2.234801 -1.334103 2
0.410328 2.789123 -1.646481 2
0.410328 2.789123 -1.646481 2
0.377484 2.825384 -1.730482 2
0.377484 2.825384 -1.730482 2
0.171708 2.702407 -1.487489 2
0.135606 2.366487 -1.502794 2
0.135606 2.366487 -1.502794 2
0.061491 2.387228 -1.425671 2
0.061491 2.387228 -1.425671 2
0.104717 2.680286 -1.334770 2
0.122187 2.175702 -1.433065 2
0.122187 2.175702 -1.433065 2
0.064806 2.321864 -1.338383 2
0.064806 2.321864 -1.338383 2
0.410172 2.709862 -1.581644 2
0.410172 2.709862 -1.581644 2
0.410172 2.709862 -1.581644 2
0.157905 2.062504 -1.302376 2
0.157905 2.062504 -1.302376 2
0.112921 1.977031 -1.424021 2
0.112921 1.977031 -1.424021 2
0.154530 2.052181 -1.412683 2
0.154530 2.052181 -1.412683 2
0.154530 2.052181 -1.412683 2
0.442060 2.619521 -1.573516 2
0.287220 2.785231 -1.604104 2
0.196450 2.237614 -1.359591 2
0.196450 2.237614 -1.359591 2
0.106816 2.042210 -1.450955 2
0.106816 2.042210 -1.450955 2
0.077231 2.440355 -1.523074 2
0.365672 2.759590 -1.565236 2
0.409886 2.809961 -1.600220 2
0.116514 2.685577 -1.347251 2
0.116514 2.685577 -1.347251 2
0.129298 1.924911 -1.339114 2
0.129298 1.924911 -1.339114 2
0.241175 2.335766 -1.423997 2
0.241175 2.335766 -1.423997 2
0.140166 2.101335 -1.395425 2
0.381146 2.963307 -1.627205 2
0.381146 2.963307 -1.627205 2
0.084320 2.432678 -1.522445 2
0.084320 2.432678 -1.522445 2
0.197044 2.216913 -1.435553 2
0.197044 2.216913 -1.435553 2
0.083553 2.336227 -1.527246 2
0.107284 2.255972 -1.475704 2
0.107284 2.255972 -1.475704 2
0.283030 2.654599 -1.511736 2
0.283030 2.654599 -1.511736 2
0.283030 2.654599 -1.511736 2
0.161526 2.111240 -1.472862 2
0.161526 2.111240 -1.472862 2
0.114241 2.075049 -1.459221 2
0.114241 2.075049 -1.459221 2
0.117423 2.364387 -1.544212 2
0.117423 2.364387 -1.544212 2
0.117423 2.364387 -1.544212 2
0.325333 2.779512 -1.554336 2
0.285345 2.644987 -1.623039 2
0.285345 2.644987 -1.623039 2
0.149748 2.061317 -1.412902 2
0.149748 2.061317 -1.412902 2
0.136289 1.893452 -1.436822 2
0.130858 2.208735 -1.387016 2
0.072957 2.712152 -1.704330 2
0.283554 2.609195 -1.489031 2
0.283554 2.609195 -1.489031 2
0.103979 2.737326 -1.367070 2
0.103979 2.737326 -1.367070 2
0.154357 2.366159 -1.469810 2
0.154357 2.366159 -1.469810 2
0.116051 2.730145 -1.319787 2
0.116051 2.730145 -1.319787 2
0.324644 2.854596 -1.583722 2
0.324644 2.854596 -1.583722 2
0.111602 2.773693 -1.323601 2
0.127220 2.346511 -1.467340 2
0.127220 2.346511 -1.467340 2
0.105759 2.355712 -1.451978 2
0.105759 2.355712 -1.451978 2
0.046944 2.599513 -1.215551 2
0.145448 2.618895 -1.461604 2
0.145448 2.618895 -1.461604 2
0.094540 2.797845 -1.355572 2
-0.024215 2.511651 -1.221905 2
0.074391 2.365392 -1.417609 2
0.074391 2.365392 -1.417609 2
0.211377 2.234290 -1.557906 2
0.211377 2.234290 -1.557906 2
0.211377 2.234290 -1.557906 2
0.181796 2.266809 -1.462151 2
0.181796 2.266809 -1.462151 2
0.174728 2.668065 -1.545593 2
0.174728 2.668065 -1.545593 2
0.096863 1.988955 -1.427479 2
0.096863 1.988955 -1.427479 2
0.096863 1.988955 -1.427479 2
0.310991 2.676954 -1.513251 2
0.310991 2.676954 -1.513251 2
0.177133 2.581666 -1.457170 2
0.177133 2.581666 -1.457170 2
0.153997 2.190279 -1.476653 2
0.153997 2.190279 -1.476653 2
0.333481 2.769067 -1.539882 2
0.091538 2.813056 -1.351505 2
0.091538 2.813056 -1.351505 2
0.448601 2.897519 -1.582175 2
0.448601 2.897519 -1.582175 2
0.198492 2.470677 -1.338545 2
0.198492 2.470677 -1.338545 2
0.114926 2.151805 -1.493309 2
0.358851 2.825813 -1.607663 2
0.228091 2.718823 -1.708721 2
0.345905 2.931994 -1.564546 2
0.345905 2.931994 -1.564546 2
0.180078 2.294497 -1.505037 2
0.180078 2.294497 -1.505037 2
0.135591 2.657268 -1.334291 2
0.348335 2.791489 -1.612381 2
0.348335 2.791489 -1.612381 2
0.357871 2.822533 -1.616569 2
0.357871 2.822533 -1.616569 2
0.128212 2.351089 -1.437505 2
0.144757 2.048259 -1.407993 2
0.144757 2.048259 -1.407993 2
0.380401 3.061930 -1.596370 2
0.380401 3.061930 -1.596370 2
0.262864 2.735008 -1.592020 2
0.262864 2.735008 -1.592020 2
0.262864 2.735008 -1.592020 2
0.156340 2.207050 -1.369329 2
0.156340 2.207050 -1.369329 2
0.140327 2.117625 -1.385549 2
0.140327 2.117625 -1.385549 2
0.393486 2.778270 -1.557591 2
0.393486 2.778270 -1.557591 2
0.393486 2.778270 -1.557591 2
0.365217 2.713317 -1.590335 2
0.330480 2.693593 -1.619676 2
0.314901 2.733052 -1.537703 2
0.314901 2.733052 -1.537703 2
0.124291 2.752455 -1.339555 2
0.124291 2.752455 -1.339555 2
0.315145 2.845673 -1.572333 2
0.315145 2.845673 -1.572333 2
0.320685 2.716231 -1.507937 2
0.176501 2.327558 -1.441226 2
0.176501 2.327558 -1.441226 2
0.181253 2.559740 -1.482692 2
0.181253 2.559740 -1.482692 2
0.188886 2.225941 -1.487276 2
0.188886 2.225941 -1.487276 2
0.392119 2.865360 -1.629798 2
0.132420 2.042919 -1.408357 2
0.132420 2.042919 -1.408357 2
0.213351 2.736836 -1.592163 2
0.213351 2.736836 -1.592163 2
0.434369 2.676692 -1.566827 2
0.434369 2.676692 -1.566827 2
0.431285 2.673099 -1.611692 2
0.170998 1.975358 -1.432605 2
0.170998 1.975358 -1.432605 2
0.145274 2.409544 -1.531509 2
0.145274 2.409544 -1.531509 2
0.382613 2.942401 -1.603303 2
0.382613 2.942401 -1.603303 2
0.382613 2.942401 -1.603303 2
0.160564 2.380279 -1.475716 2
0.160564 2.380279 -1.475716 2
0.448449 2.718939 -1.584950 2
0.448449 2.718939 -1.584950 2
0.448449 2.718939 -1.584950 2
0.339384 2.820723 -1.636079 2
0.339384 2.820723 -1.636079 2
0.156005 2.189222 -1.411373 2
0.156005 2.189222 -1.411373 2
0.121191 2.174961 -1.479434 2
0.121191 2.174961 -1.479434 2
0.072815 2.371312 -1.509699 2
0.375935 2.710794 -1.603806 2
0.137708 2.735840 -1.353563 2
0.124394 2.772850 -1.357761 2
0.124394 2.772850 -1.357761 2
0.186479 2.095214 -1.417591 2
0.186479 2.095214 -1.417591 2
0.098548 2.021894 -1.484271 2
0.098548 2.021894 -1.484271 2
0.387072 2.711434 -1.646523 2
0.336519 2.828687 -1.585003 2
0.336519 2.828687 -1.585003 2
0.350439 2.728903 -1.533423 2
0.350439 2.728903 -1.533423 2
0.244255 2.803160 -1.555856 2
0.244255 2.803160 -1.555856 2
0.363577 2.734894 -1.567942 2
0.607334 3.236410 -1.789951 2
0.607334 3.236410 -1.789951 2
0.072884 2.754143 -1.309592 2
0.072884 2.754143 -1.309592 2
0.143107 2.038728 -1.418393 2
0.221259 2.725955 -1.567134 2
0.221259 2.725955 -1.567134 2
0.130949 2.343270 -1.475614 2
0.129701 2.734308 -1.335485 2
0.471708 2.709551 -1.553433 2
0.471708 2.709551 -1.553433 2
0.471708 2.709551 -1.553433 2
0.301191 2.612427 -1.551825 2
0.301191 2.612427 -1.551825 2
0.351997 2.669010 -1.551131 2
0.351997 2.669010 -1.551131 2
0.130915 2.344791 -1.438834 2
0.130915 2.344791 -1.438834 2
0.130915 2.344791 -1.438834 2
0.110363 2.844598 -1.352668 2
0.110363 2.844598 -1.352668 2
0.364839 2.730771 -1.590219 2
0.364839 2.730771 -1.590219 2
0.378866 2.758782 -1.575103 2
0.378866 2.758782 -1.575103 2
0.218205 2.590882 -1.617739 2
0.218205 2.590882 -1.617739 2
0.219480 2.491610 -1.438658 2
0.109514 2.729384 -1.340556 2
0.109514 2.729384 -1.340556 2
0.119456 2.772986 -1.329530 2
0.119456 2.772986 -1.329530 2
0.414878 2.609722 -1.590120 2
0.414878 2.609722 -1.590120 2
0.058276 2.417829 -1.381816 2
0.189112 2.787702 -1.612360 2
0.189112 2.787702 -1.612360 2
0.176834 2.778222 -1.353106 2
0.176834 2.778222 -1.353106 2
0.058580 2.559893 -1.193683 2
0.317336 2.693625 -1.548122 2
0.317336 2.693625 -1.548122 2
0.363402 2.797819 -1.567442 2
0.323357 3.006256 -1.563725 2
0.127301 2.310105 -1.408703 2
0.127301 2.310105 -1.408703 2
0.304265 2.594029 -1.489200 2
0.372651 3.026187 -1.652725 2
0.372651 3.026187 -1.652725 2
0.369756 3.084173 -1.592518 2
0.369756 3.084173 -1.592518 2
0.240516 2.704486 -1.673262 2
0.240516 2.704486 -1.673262 2
0.240516 2.704486 -1.673262 2
0.300303 2.758731 -1.564244 2
0.300303 2.758731 -1.564244 2
0.364451 2.695264 -1.575904 2
0.364451 2.695264 -1.575904 2
0.274687 2.774071 -1.581737 2
0.274687 2.774071 -1.581737 2
0.420662 2.754127 -1.613305 2
0.359181 2.781667 -1.548221 2
0.304984 2.978058 -1.596425 2
0.123991 2.305024 -1.438310 2
0.123991 2.305024 -1.438310 2
0.346958 2.746880 -1.527131 2
0.346958 2.746880 -1.527131 2
0.144021 2.748043 -1.351509 2
0.144021 2.748043 -1.351509 2
0.362421 2.774208 -1.639980 2
0.392686 2.531735 -1.698220 2
0.392686 2.531735 -1.698220 2
0.202253 2.213483 -1.380819 2
0.202253 2.213483 -1.380819 2
0.085369 2.747476 -1.370963 2
0.085369 2.747476 -1.370963 2
0.471684 2.946748 -1.725119 2
0.345702 2.713259 -1.580391 2
0.343673 2.834734 -1.623909 2
0.191154 2.147849 -1.376249 2
0.191154 2.147849 -1.376249 2
0.143420 2.765571 -1.381117 2
0.143420 2.765571 -1.381117 2
0.103770 2.726608 -1.370627 2
0.396880 2.750168 -1.691670 2
0.396880 2.750168 -1.691670 2
0.401113 2.658179 -1.613303 2
0.401113 2.658179 -1.613303 2
0.401113 2.658179 -1.613303 2
0.412329 2.653352 -1.578862 2
0.412329 2.653352 -1.578862 2
0.323901 2.639293 -1.533830 2
0.323901 2.639293 -1.533830 2
0.111468 2.529728 -1.701528 2
0.111468 2.529728 -1.701528 2
0.134925 2.281183 -1.273304 2
0.134925 2.281183 -1.273304 2
0.338844 2.787422 -1.538200 2
0.378142 2.774096 -1.634151 2
0.378142 2.774096 -1.634151 2
0.399889 2.915636 -1.631742 2
0.399889 2.915636 -1.631742 2
0.053842 2.455428 -1.463248 2
0.053842 2.455428 -1.463248 2
0.139300 2.199178 -1.401988 2
0.412305 2.787655 -1.637137 2
0.412305 2.787655 -1.637137 2
0.446997 2.645573 -1.591570 2
0.446997 2.645573 -1.591570 2
0.446997 2.645573 -1.591570 2
0.130174 2.736578 -1.359285 2
0.157223 2.697227 -1.347162 2
0.324648 2.732176 -1.616091 2
0.324648 2.732176 -1.616091 2
0.385696 2.821399 -1.605426 2
0.385696 2.821399 -1.605426 2
0.313923 2.733375 -1.565308 2
0.143904 2.705987 -1.514622 2
0.122636 2.280247 -1.378101 2
0.127598 2.274077 -1.436376 2
0.127598 2.274077 -1.436376 2
0.125439 2.438755 -1.440535 2
0.125439 2.438755 -1.440535 2
0.353649 2.785611 -1.730202 2
0.114846 2.410459 -1.485145 2
0.114846 2.410459 -1.485145 2
0.267295 2.838582 -1.538648 2
0.267295 2.838582 -1.538648 2
0.355139 2.658807 -1.531107 2
0.355139 2.658807 -1.531107 2
0.355139 2.658807 -1.531107 2
0.342763 2.802271 -1.624152 2
0.155011 2.460863 -1.502148 2
0.103478 2.550404 -1.569348 2
0.103478 2.550404 -1.569348 2
0.335503 2.801128 -1.632528 2
0.335503 2.801128 -1.632528 2
0.459686 2.665949 -1.589592 2
0.328841 2.780236 -1.660798 2
0.325288 2.818546 -1.727335 2
0.152305 2.369425 -1.456927 2
0.152305 2.369425 -1.456927 2
0.213102 2.775844 -1.520154 2
0.213102 2.775844 -1.520154 2
0.201756 2.676808 -1.466357 2
0.174611 2.353730 -1.430647 2
0.128517 2.791415 -1.364170 2
0.352218 2.915690 -1.631366 2
0.329920 2.752211 -1.606007 2
0.235117 2.644410 -1.683468 2
0.235117 2.644410 -1.683468 2
0.391732 2.676604 -1.556030 2
0.391732 2.676604 -1.556030 2
0.405855 2.755560 -1.632607 2
0.341388 2.709601 -1.631666 2
0.341388 2.709601 -1.631666 2
0.122312 2.145985 -1.463032 2
0.122312 2.145985 -1.463032 2
0.453884 2.660239 -1.618176 2
0.453884 2.660239 -1.618176 2
0.322513 2.756916 -1.594145 2
0.258326 2.858681 -1.651230 2
0.258326 2.858681 -1.651230 2
0.147081 2.246752 -1.476074 2
0.147081 2.246752 -1.476074 2
0.328729 2.726215 -1.567131 2
0.328729 2.726215 -1.567131 2
0.328729 2.726215 -1.567131 2
0.099525 2.472760 -1.636588 2
0.099525 2.472760 -1.636588 2
0.157245 2.145016 -1.488243 2
0.157245 2.145016 -1.488243 2
0.157245 2.145016 -1.488243 2
0.211841 2.650921 -1.442267 2
0.360705 2.803678 -1.593404 2
0.382239 2.709220 -1.583900 2
0.382239 2.709220 -1.583900 2
0.332995 2.716428 -1.565981 2
0.332995 2.716428 -1.565981 2
0.148350 2.636007 -1.323154 2
0.148350 2.636007 -1.323154 2
0.102270 1.971685 -1.403088 2
0.349349 2.802691 -1.688141 2
0.349349 2.802691 -1.688141 2
0.105620 2.809121 -1.379205 2
0.105620 2.809121 -1.379205 2
0.073105 2.117187 -1.454387 2
0.073105 2.117187 -1.454387 2
0.310709 2.586191 -1.667067 2
0.345169 2.878896 -1.685303 2
0.345169 2.878896 -1.685303 2
-0.119594 2.768106 -1.217338 2
-0.119594 2.768106 -1.217338 2
0.132937 2.127924 -1.461220 2
0.132937 2.127924 -1.461220 2
0.148364 2.265032 -1.440667 2
0.148364 2.265032 -1.440667 2
0.146978 2.478695 -1.396458 2
0.254517 2.186710 -1.378488 2
0.254517 2.186710 -1.378488 2
0.079898 2.604653 -1.430713 2
0.079898 2.604653 -1.430713 2
0.079898 2.604653 -1.430713 2
0.125805 2.372290 -1.402189 2
0.125805 2.372290 -1.402189 2
0.233932 2.663291 -1.733574 2
0.233932 2.663291 -1.733574 2
0.167641 2.337040 -1.535316 2
0.167641 2.337040 -1.535316 2
0.007871 2.627144 -1.163211 2
0.422190 2.727767 -1.604213 2
0.422190 2.727767 -1.604213 2
0.385171 2.815336 -1.700103 2
0.385171 2.815336 -1.700103 2
0.115660 2.770256 -1.392156 2
0.115660 2.770256 -1.392156 2
0.365153 2.686750 -1.542050 2
0.365153 2.686750 -1.542050 2
0.203880 2.211816 -1.481014 2
0.405355 2.711769 -1.619764 2
0.405355 2.711769 -1.619764 2
0.156119 2.163755 -1.474424 2
0.156119 2.163755 -1.474424 2
0.133845 2.131300 -1.474719 2
0.134911 2.299999 -1.416543 2
0.134911 2.299999 -1.416543 2
0.123739 2.704502 -1.353359 2
0.123739 2.704502 -1.353359 2
0.511425 2.744775 -1.627036 2
0.511425 2.744775 -1.627036 2
0.350408 2.780960 -1.632889 2
0.250367 2.625226 -1.646143 2
0.250367 2.625226 -1.646143 2
0.150791 2.070854 -1.429611 2
0.150791 2.070854 -1.429611 2
0.094642 2.784150 -1.357568 2
0.094642 2.784150 -1.357568 2
0.094642 2.784150 -1.357568 2
0.317667 2.677534 -1.614798 2
0.317667 2.677534 -1.614798 2
0.184771 2.189001 -1.481126 2
0.184771 2.189001 -1.481126 2
0.209729 2.154195 -1.448041 2
0.209729 2.154195 -1.448041 2
0.307417 2.627836 -1.542335 2
0.494591 2.951419 -1.554504 2
0.494591 2.951419 -1.554504 2
0.225927 2.110655 -1.443816 2
0.225927 2.110655 -1.443816 2
0.203245 2.300890 -1.477003 2
0.203245 2.300890 -1.477003 2
0.419550 2.642902 -1.666999 2
0.125394 2.737568 -1.387196 2
0.125394 2.737568 -1.387196 2
0.088119 2.112308 -1.433648 2
0.088119 2.112308 -1.433648 2
0.134331 2.117631 -1.446237 2
0.134331 2.117631 -1.446237 2
0.049530 2.743653 -1.319049 2
0.153827 2.761546 -1.379948 2
0.153827 2.761546 -1.379948 2
0.275964 2.704478 -1.569067 2
0.275964 2.704478 -1.569067 2
0.169406 2.245657 -1.447948 2
0.169406 2.245657 -1.447948 2
0.346486 2.906395 -1.607668 2
0.464177 2.823580 -1.620472 2
0.464177 2.823580 -1.620472 2
0.380275 2.789345 -1.664141 2
0.380275 2.789345 -1.664141 2
0.255761 2.310194 -1.438172 2
0.255761 2.310194 -1.438172 2
0.158681 1.916378 -1.417033 2
0.430270 2.562218 -1.599851 2
0.430270 2.562218 -1.599851 2
0.346221 2.815714 -1.646009 2
0.346221 2.815714 -1.646009 2
0.169875 2.321126 -1.497970 2
0.169875 2.321126 -1.497970 2
0.169875 2.321126 -1.497970 2
0.386422 2.725692 -1.676301 2
0.386422 2.725692 -1.676301 2
0.430663 2.718654 -1.608967 2
0.430663 2.718654 -1.608967 2
0.397095 2.733597 -1.722827 2
0.397095 2.733597 -1.722827 2
0.127137 2.288198 -1.393719 2
0.368033 2.673791 -1.603599 2
0.368033 2.673791 -1.603599 2
0.088769 2.820080 -1.354765 2
0.088769 2.820080 -1.354765 2
0.406131 2.750676 -1.694654 2
0.406131 2.750676 -1.694654 2
0.115152 2.259231 -1.428858 2
0.193249 2.625619 -1.378316 2
0.193249 2.625619 -1.378316 2
0.334923 2.726874 -1.729839 2
0.334923 2.726874 -1.729839 2
0.105325 2.763151 -1.394975 2
0.105325 2.763151 -1.394975 2
0.174456 2.254714 -1.396854 2
0.379751 2.749332 -1.650459 2
0.379751 2.749332 -1.650459 2
0.374684 2.707620 -1.619027 2
0.374684 2.707620 -1.619027 2
0.447783 2.786414 -1.680337 2
0.447783 2.786414 -1.680337 2
-0.101080 2.628649 -1.196781 2
-0.101080 2.628649 -1.196781 2
-0.101080 2.628649 -1.196781 2
0.118699 2.233545 -1.407175 2
0.118699 2.233545 -1.407175 2
0.144723 2.787154 -1.416687 2
0.144723 2.787154 -1.416687 2
0.340536 2.728319 -1.683903 2
0.340536 2.728319 -1.683903 2
0.363625 2.744099 -1.614447 2
0.363625 2.744099 -1.614447 2
0.363625 2.744099 -1.614447 2
0.353480 2.633733 -1.627929 2
0.353480 2.633733 -1.627929 2
0.160011 2.695703 -1.391033 2
0.338681 2.836363 -1.633228 2
-0.103923 2.670067 -1.226262 2
0.258643 2.679917 -1.742117 2
0.258643 2.679917 -1.742117 2
0.183278 2.690610 -1.571829 2
0.183278 2.690610 -1.571829 2
0.332791 2.651499 -1.591158 2
0.323787 2.568169 -1.609425 2
0.323787 2.568169 -1.609425 2
0.351121 2.554513 -1.566872 2
0.351121 2.554513 -1.566872 2
0.418958 2.593382 -1.550020 2
0.418958 2.593382 -1.550020 2
0.374454 2.700089 -1.623323 2
0.176063 2.184950 -1.470066 2
0.176063 2.184950 -1.470066 2
0.329872 2.696929 -1.629828 2
0.329872 2.696929 -1.629828 2
0.284534 2.695479 -1.687566 2
0.284534 2.695479 -1.687566 2
0.391574 2.636398 -1.570897 2
0.371330 2.667399 -1.572924 2
0.371330 2.667399 -1.572924 2
0.094632 2.196160 -1.432611 2
0.094632 2.196160 -1.432611 2
0.083322 2.714581 -1.363691 2
0.083322 2.714581 -1.363691 2
0.472260 2.720359 -1.625759 2
0.472260 2.720359 -1.625759 2
0.472260 2.720359 -1.625759 2
0.175904 2.187935 -1.473812 2
0.175904 2.187935 -1.473812 2
0.281386 2.347246 -1.498494 2
0.281386 2.347246 -1.498494 2
0.046742 2.727018 -1.380473 2
0.389168 2.684927 -1.641670 2
0.389168 2.684927 -1.641670 2
0.367408 2.728601 -1.618684 2
0.367408 2.728601 -1.618684 2
0.182872 2.228063 -1.545065 2
0.182872 2.228063 -1.545065 2
0.324617 2.872743 -1.684674 2
0.330974 2.764079 -1.727199 2
0.330974 2.764079 -1.727199 2
0.111117 2.805010 -1.333096 2
0.111117 2.805010 -1.333096 2
0.165235 2.732241 -1.708160 2
0.165235 2.732241 -1.708160 2
0.071458 2.793063 -1.376182 2
0.359748 2.916377 -1.651013 2
0.359748 2.916377 -1.651013 2
0.378439 2.689665 -1.715588 2
0.378439 2.689665 -1.715588 2
0.293458 2.828397 -1.578245 2
0.293458 2.828397 -1.578245 2
0.175622 2.118736 -1.406469 2
0.186764 2.605715 -1.425470 2
0.186764 2.605715 -1.425470 2
0.070582 2.695394 -1.321667 2
0.070582 2.695394 -1.321667 2
0.042935 2.564143 -1.188927 2
0.042935 2.564143 -1.188927 2
0.176403 2.286671 -1.452631 2
0.176403 2.286671 -1.452631 2
0.052064 2.799752 -1.372397 2
0.052064 2.799752 -1.372397 2
0.052064 2.799752 -1.372397 2
0.100011 2.773463 -1.373948 2
0.100011 2.773463 -1.373948 2
0.134054 2.649179 -1.358137 2
0.134054 2.649179 -1.358137 2
0.228353 2.800421 -1.700890 2
0.381446 2.709163 -1.626350 2
0.381446 2.709163 -1.626350 2
0.370702 2.848637 -1.671570 2
0.370702 2.848637 -1.671570 2
0.173618 2.778502 -1.390960 2
0.037303 1.878529 -1.501947 2
0.037303 1.878529 -1.501947 2
-0.142358 1.790149 -1.821041 2
-0.142358 1.790149 -1.821041 2
-0.395946 1.064742 -1.562590 2
-0.395946 1.064742 -1.562590 2
-0.097649 1.127309 -1.607978 2
-0.211411 0.984671 -1.611602 2
-0.211411 0.984671 -1.611602 2
0.836189 2.702202 -1.971618 2
0.836189 2.702202 -1.971618 2
-0.294096 1.150641 -1.670275 2
-0.294096 1.150641 -1.670275 2
0.043092 1.305400 -1.613312 2
1.195247 1.248886 -1.480510 2
1.195247 1.248886 -1.480510 2
0.095443 1.807206 -1.253617 2
0.095443 1.807206 -1.253617 2
-0.142434 0.611750 -1.423434 2
-0.142434 0.611750 -1.423434 2
1.488817 4.012760 -0.594028 2
1.488817 4.012760 -0.594028 2
1.488817 4.012760 -0.594028 2
1.488817 4.012760 -0.594028 2
1.488817 4.012760 -0.594028 2
1.488817 4.012760 -0.594028 2
1.488817 4.012760 -0.594028 2
0.836145 3.607581 -1.111581 2
0.836145 3.607581 -1.111581 2
0.836145 3.607581 -1.111581 2
0.836145 3.607581 -1.111581 2
0.836145 3.607581 -1.111581 2
-0.201723 3.076748 -1.087634 2
-0.201723 3.076748 -1.087634 2
-0.201723 3.076748 -1.087634 2
-0.201723 3.076748 -1.087634 2
-0.201723 3.076748 -1.087634 2
-0.201723 3.076748 -1.087634 2
-0.201723 3.076748 -1.087634 2
0.821916 4.353359 -1.056698 2
0.821916 4.353359 -1.056698 2
0.548140 4.103390 -1.366813 2
0.548140 4.103390 -1.366813 2
0.548140 4.103390 -1.366813 2
0.548140 4.103390 -1.366813 2
0.548140 4.103390 -1.366813 2
0.548140 4.103390 -1.366813 2
0.548140 4.103390 -1.366813 2
0.905341 4.006532 -1.431803 2
1.464787 5.446631 -0.701003 2
1.464787 5.446631 -0.701003 2
0.818669 4.352713 -1.384439 2
0.818669 4.352713 -1.384439 2
2.206893 6.104448 -0.845183 2
2.206893 6.104448 -0.845183 2
0.130719 3.705450 -0.862047 2
0.344698 3.381761 -1.478828 2
0.344698 3.381761 -1.478828 2
0.344698 3.381761 -1.478828 2
0.344698 3.381761 -1.478828 2
0.344698 3.381761 -1.478828 2
0.344698 3.381761 -1.478828 2
0.344698 3.381761 -1.478828 2
1.010027 3.439438 0.104170 2
1.010027 3.439438 0.104170 2
0.281142 3.463918 -1.139976 2
0.281142 3.463918 -1.139976 2
1.712707 5.483586 -0.633115 2
1.712707 5.483586 -0.633115 2
0.719306 3.680455 -2.062032 2
0.719306 3.680455 -2.062032 2
0.719306 3.680455 -2.062032 2
4.266359 4.998616 -1.049901 2
4.266359 4.998616 -1.049901 2
5.205686 3.493828 -1.422623 2
5.205686 3.493828 -1.422623 2
7.431097 6.250801 -0.364671 2
7.822273 2.952471 -1.176889 2
7.822273 2.952471 -1.176889 2
8.562641 2.818203 0.235241 2
8.562641 2.818203 0.235241 2
10.911205 7.712999 -0.072819 2
10.911205 7.712999 -0.072819 2
7.720461 2.874123 -1.441437 2
6.949142 3.354252 0.577803 2
6.949142 3.354252 0.577803 2
8.747704 4.003640 -0.920036 2
8.747704 4.003640 -0.920036 2
7.254249 2.522948 -1.598562 2
7.254249 2.522948 -1.598562 2
8.873648 4.257562 -0.674329 2
7.417529 4.274571 -1.667924 2
7.417529 4.274571 -1.667924 2
7.714402 2.825388 0.163518 2
7.714402 2.825388 0.163518 2
9.226460 4.033750 -0.633397 2
9.226460 4.033750 -0.633397 2
9.233408 3.619702 0.649718 2
9.233408 3.619702 0.649718 2
9.233408 3.619702 0.649718 2
8.435567 4.450941 -1.122618 2
8.435567 4.450941 -1.122618 2
7.592366 2.609484 0.064467 2
7.592366 2.609484 0.064467 2
8.403522 3.945780 -1.157645 2
8.403522 3.945780 -1.157645 2
8.403522 3.945780 -1.157645 2
8.554721 6.763905 0.716856 2
8.554721 6.763905 0.716856 2
7.752729 3.013667 -1.655265 2
7.752729 3.013667 -1.655265 2
8.187667 2.332650 -0.359439 2
8.187667 2.332650 -0.359439 2
8.187667 2.332650 -0.359439 2
7.868948 2.930206 -1.025330 2
7.868948 2.930206 -1.025330 2
10.509292 6.545729 -0.312758 2
8.605067 4.276124 -0.977784 2
8.545325 3.709881 -1.512523 2
7.452795 3.217390 0.316380 2
7.452795 3.217390 0.316380 2
7.452795 3.217390 0.316380 2
7.452795 3.217390 0.316380 2
8.196048 3.783354 -0.898848 2
8.196048 3.783354 -0.898848 2
8.550967 3.553742 -0.197155 2
8.122353 3.562775 -0.974952 2
8.122353 3.562775 -0.974952 2
7.455851 2.972059 0.740815 2
7.455851 2.972059 0.740815 2
9.324560 3.835906 0.528516 2
9.324560 3.835906 0.528516 2
8.579599 3.807135 -0.873079 2
8.579599 3.807135 -0.873079 2
9.048944 4.190290 -0.752418 2
9.048944 4.190290 -0.752418 2
8.425724 4.540068 -0.733344 2
7.989758 3.083134 -1.563104 2
7.989758 3.083134 -1.563104 2
9.918667 3.631368 -0.521081 2
9.918667 3.631368 -0.521081 2
7.343217 4.214179 -0.011779 2
7.343217 4.214179 -0.011779 2
8.467179 4.472286 -0.292318 2
8.367039 4.660079 -0.660538 2
8.367039 4.660079 -0.660538 2
7.140000 3.612613 0.425087 2
7.140000 3.612613 0.425087 2
9.687490 3.528615 -0.035062 2
9.687490 3.528615 -0.035062 2
9.231277 2.853294 -1.358337 2
9.792418 5.752667 -0.363141 2
9.792418 5.752667 -0.363141 2
11.217643 7.508386 -0.108153 2
7.747554 4.135291 -1.061095 2
7.832605 3.095132 -1.523540 2
7.281454 2.593464 0.042632 2
9.251747 5.742084 -0.516142 2
8.328781 3.915581 -1.172918 2
8.328781 3.915581 -1.172918 2
8.178085 3.255777 -0.762561 2
8.372901 4.522329 -0.788119 2
8.372901 4.522329 -0.788119 2
8.372901 4.522329 -0.788119 2
6.587626 5.103349 0.862239 2
6.587626 5.103349 0.862239 2
6.587626 5.103349 0.862239 2
6.587626 5.103349 0.862239 2
6.587626 5.103349 0.862239 2
6.587626 5.103349 0.862239 2
6.587626 5.103349 0.862239 2
6.587626 5.103349 0.862239 2
7.801072 3.576571 -0.613336 2
7.801072 3.576571 -0.613336 2
4.789860 6.171624 -0.361294 2
4.789860 6.171624 -0.361294 2
1.349649 4.239578 -0.831655 2
1.349649 4.239578 -0.831655 2
1.184163 6.503168 -0.058171 2
1.184163 6.503168 -0.058171 2
1.184163 6.503168 -0.058171 2
0.039348 3.985033 -1.098450 2
0.039348 3.985033 -1.098450 2
0.039348 3.985033 -1.098450 2
1.436147 5.819304 0.011906 2
2.224604 8.136062 -1.058726 2
-0.753091 2.954991 -1.351931 2
-0.753091 2.954991 -1.351931 2
0.493576 6.866440 -0.004362 2
0.493576 6.866440 -0.004362 2
0.493576 6.866440 -0.004362 2
0.714919 3.390545 -1.350214 2
0.714919 3.390545 -1.350214 2
1.714064 6.297718 -0.673623 2
1.714064 6.297718 -0.673623 2
0.565516 3.680162 -1.343516 2
2.601980 6.610556 -1.182026 2
2.601980 6.610556 -1.182026 2
2.601980 6.610556 -1.182026 2
2.601980 6.610556 -1.182026 2
0.603663 3.610393 -1.439222 2
0.603663 3.610393 -1.439222 2
0.603663 3.610393 -1.439222 2
0.603663 3.610393 -1.439222 2
0.603663 3.610393 -1.439222 2
0.603663 3.610393 -1.439222 2
0.603663 3.610393 -1.439222 2
0.603663 3.610393 -1.439222 2
0.603663 3.610393 -1.439222 2
1.266189 4.488757 -1.586807 2
1.266189 4.488757 -1.586807 2
1.266189 4.488757 -1.586807 2
1.266189 4.488757 -1.586807 2
0.500717 4.078382 -1.623936 2
0.500717 4.078382 -1.623936 2
2.435681 6.294695 -1.184805 2
0.128030 3.645941 -0.604105 2
0.128030 3.645941 -0.604105 2
0.107244 3.621915 -1.347761 2
0.107244 3.621915 -1.347761 2
0.107244 3.621915 -1.347761 2
0.565959 3.875725 -1.232308 2
0.565959 3.875725 -1.232308 2
2.146685 6.154131 -0.887032 2
2.146685 6.154131 -0.887032 2
1.002980 4.095078 -1.431070 2
1.004230 4.246449 -0.963892 2
1.004230 4.246449 -0.963892 2
1.004230 4.246449 -0.963892 2
1.004230 4.246449 -0.963892 2
1.004230 4.246449 -0.963892 2
0.711643 4.242264 -1.315331 2
0.711643 4.242264 -1.315331 2
2.807116 6.623570 -1.056437 2
2.807116 6.623570 -1.056437 2
0.683437 4.535123 -1.321670 2
0.683437 4.535123 -1.321670 2
0.683437 4.535123 -1.321670 2
0.683437 4.535123 -1.321670 2
0.683437 4.535123 -1.321670 2
0.609597 3.865298 -1.381404 2
2.489897 6.500505 -0.885355 2
2.489897 6.500505 -0.885355 2
2.489897 6.500505 -0.885355 2
1.615843 4.388774 -1.662234 2
1.615843 4.388774 -1.662234 2
0.669391 3.994433 -1.592841 2
0.669391 3.994433 -1.592841 2
0.669391 3.994433 -1.592841 2
-0.454300 2.969602 -1.417379 2
-0.454300 2.969602 -1.417379 2
2.486058 6.438191 -0.844483 2
2.486058 6.438191 -0.844483 2
2.486058 6.438191 -0.844483 2
0.612807 4.335601 -1.128310 2
0.612807 4.335601 -1.128310 2
0.542333 6.834688 0.034917 2
0.542333 6.834688 0.034917 2
0.475338 4.099225 -1.612566 2
0.475338 4.099225 -1.612566 2
0.475338 4.099225 -1.612566 2
1.839011 4.078039 -2.120193 2
1.839011 4.078039 -2.120193 2
0.427193 2.929178 -0.876323 2
0.427193 2.929178 -0.876323 2
1.740027 5.821659 -0.688675 2
1.740027 5.821659 -0.688675 2
0.284393 3.847342 -1.398089 2
0.284393 3.847342 -1.398089 2
2.648517 6.575409 -1.262109 2
0.581323 3.955549 -0.967638 2
0.581323 3.955549 -0.967638 2
2.252621 4.505673 -1.238307 2
6.154151 6.452770 -0.894844 2
6.154151 6.452770 -0.894844 2
7.130314 3.779875 -0.943026 2
7.130314 3.779875 -0.943026 2
6.368611 4.005034 -2.031022 2
8.252437 4.519016 0.548967 2
10.572696 9.204965 -0.230738 2
8.254261 2.342952 -1.662598 2
8.254261 2.342952 -1.662598 2
7.448575 6.596659 0.579701 2
8.724898 3.984650 -1.308540 2
8.724898 3.984650 -1.308540 2
8.215422 3.158659 -1.147561 2
8.215422 3.158659 -1.147561 2
8.669860 4.637320 -0.764582 2
8.669860 4.637320 -0.764582 2
8.896647 4.409199 -1.258091 2
7.428303 2.820356 -1.198124 2
7.428303 2.820356 -1.198124 2
7.428303 2.820356 -1.198124 2
7.120784 6.749502 -1.002391 2
7.120784 6.749502 -1.002391 2
9.866254 5.517745 -0.357235 2
9.866254 5.517745 -0.357235 2
10.679479 6.500313 -0.371977 2
8.452271 3.821217 -1.296301 2
8.452271 3.821217 -1.296301 2
7.015353 3.128741 0.834698 2
7.015353 3.128741 0.834698 2
8.878368 3.738178 -0.832617 2
7.498057 2.451188 -0.678538 2
7.498057 2.451188 -0.678538 2
10.024230 5.980803 -0.813587 2
10.024230 5.980803 -0.813587 2
7.962545 2.401126 -1.064816 2
7.962545 2.401126 -1.064816 2
7.962545 2.401126 -1.064816 2
9.964526 5.789327 -0.727044 2
8.657917 4.047086 -1.004284 2
7.353428 1.860349 -0.475880 2
7.353428 1.860349 -0.475880 2
9.976453 6.163132 -0.322946 2
9.657979 7.112253 1.129721 2
9.657979 7.112253 1.129721 2
8.465931 3.661026 -1.542423 2
8.465931 3.661026 -1.542423 2
8.465931 3.661026 -1.542423 2
8.465931 3.661026 -1.542423 2
8.468215 3.749860 -0.975234 2
9.779387 5.620142 -0.925888 2
8.629683 4.562849 -0.659729 2
8.629683 4.562849 -0.659729 2
8.629683 4.562849 -0.659729 2
7.443162 2.692559 -1.197200 2
7.443162 2.692559 -1.197200 2
6.795828 2.563507 -0.367339 2
6.795828 2.563507 -0.367339 2
6.795828 2.563507 -0.367339 2
6.795828 2.563507 -0.367339 2
9.376107 5.287383 -0.416691 2
9.376107 5.287383 -0.416691 2
9.376107 5.287383 -0.416691 2
6.926318 3.350233 1.175290 2
6.926318 3.350233 1.175290 2
9.734447 6.512793 0.000987 2
8.357926 3.765210 -1.112015 2
8.357926 3.765210 -1.112015 2
10.337910 5.961346 -0.732155 2
10.337910 5.961346 -0.732155 2
8.020589 4.221147 -1.120275 2
8.020589 4.221147 -1.120275 2
8.218786 3.848055 -1.314453 2
7.792720 6.122129 -1.474236 2
7.792720 6.122129 -1.474236 2
7.792720 6.122129 -1.474236 2
7.792720 6.122129 -1.474236 2
7.792720 6.122129 -1.474236 2
10.817268 7.615915 -0.045214 2
10.817268 7.615915 -0.045214 2
8.356236 1.627728 -1.762992 2
8.356236 1.627728 -1.762992 2
8.356236 1.627728 -1.762992 2
8.356236 1.627728 -1.762992 2
8.356236 1.627728 -1.762992 2
8.356236 1.627728 -1.762992 2
10.633373 6.139525 -0.957382 2
10.633373 6.139525 -0.957382 2
8.192691 4.295803 -1.155462 2
8.192691 4.295803 -1.155462 2
7.023639 5.598236 0.631446 2
7.023639 5.598236 0.631446 2
7.023639 5.598236 0.631446 2
7.023639 5.598236 0.631446 2
7.023639 5.598236 0.631446 2
7.023639 5.598236 0.631446 2
7.023639 5.598236 0.631446 2
7.023639 5.598236 0.631446 2
8.884157 4.324828 -1.036800 2
8.884157 4.324828 -1.036800 2
6.700209 4.752139 0.955077 2
6.700209 4.752139 0.955077 2
2.224915 4.373741 -1.269421 2
2.224915 4.373741 -1.269421 2
2.224915 4.373741 -1.269421 2
1.817580 3.053436 -1.145793 2
1.817580 3.053436 -1.145793 2
0.599343 5.637634 -2.011517 2
0.599343 5.637634 -2.011517 2
0.599343 5.637634 -2.011517 2
0.347135 4.575243 -0.866242 2
0.347135 4.575243 -0.866242 2
1.030962 4.445600 -0.699968 2
1.030962 4.445600 -0.699968 2
2.575917 6.365928 -1.296616 2
2.575917 6.365928 -1.296616 2
2.575917 6.365928 -1.296616 2
-0.622475 4.231000 -0.202824 2
2.050132 5.944181 -0.640516 2
2.050132 5.944181 -0.640516 2
0.113598 3.500686 -1.187456 2
0.113598 3.500686 -1.187456 2
0.113598 3.500686 -1.187456 2
2.813283 6.869418 -1.273895 2
2.813283 6.869418 -1.273895 2
0.564047 3.923167 -1.359829 2
0.564047 3.923167 -1.359829 2
0.564047 3.923167 -1.359829 2
0.073064 4.861471 -0.848600 2
0.073064 4.861471 -0.848600 2
0.370028 3.655474 -1.601968 2
0.370028 3.655474 -1.601968 2
0.370028 3.655474 -1.601968 2
0.370028 3.655474 -1.601968 2
0.370028 3.655474 -1.601968 2
1.252390 5.706138 -1.968251 2
1.252390 5.706138 -1.968251 2
1.535033 5.791739 -0.536857 2
0.087611 3.625168 -1.632781 2
0.087611 3.625168 -1.632781 2
1.985626 5.703700 -1.247054 2
1.985626 5.703700 -1.247054 2
1.985626 5.703700 -1.247054 2
-0.608817 5.581106 -2.199686 2
-0.608817 5.581106 -2.199686 2
-0.608817 5.581106 -2.199686 2
-0.608817 5.581106 -2.199686 2
-0.608817 5.581106 -2.199686 2
-0.881716 3.279507 -1.024560 2
-0.881716 3.279507 -1.024560 2
2.205840 6.048412 -0.756922 2
2.205840 6.048412 -0.756922 2
0.408836 3.169990 -1.524636 2
0.408836 3.169990 -1.524636 2
2.446858 6.348203 -0.453428 2
2.446858 6.348203 -0.453428 2
2.446858 6.348203 -0.453428 2
-0.190810 2.985528 -1.399590 2
-0.190810 2.985528 -1.399590 2
2.679102 6.293027 -1.312754 2
2.679102 6.293027 -1.312754 2
2.679102 6.293027 -1.312754 2
-0.219000 2.565553 -0.565955 2
-0.219000 2.565553 -0.565955 2
-0.219000 2.565553 -0.565955 2
0.116434 3.641230 -1.594846 2
0.116434 3.641230 -1.594846 2
-1.313458 3.456626 -1.138919 2
-1.313458 3.456626 -1.138919 2
-1.313458 3.456626 -1.138919 2
1.243252 4.136847 -0.999597 2
1.243252 4.136847 -0.999597 2
-1.044003 4.432505 -0.090039 2
-1.044003 4.432505 -0.090039 2
-1.044003 4.432505 -0.090039 2
-0.024312 3.547271 -1.544596 2
-0.024312 3.547271 -1.544596 2
0.626187 4.238067 -0.931889 2
0.626187 4.238067 -0.931889 2
0.865419 4.556340 -1.546247 2
0.865419 4.556340 -1.546247 2
0.865419 4.556340 -1.546247 2
0.865419 4.556340 -1.546247 2
0.865419 4.556340 -1.546247 2
0.387983 3.701665 -1.330747 2
1.944439 6.133147 -0.834200 2
1.944439 6.133147 -0.834200 2
0.951600 3.690062 -1.154038 2
0.951600 3.690062 -1.154038 2
1.544865 5.237652 -1.362924 2
1.544865 5.237652 -1.362924 2
1.544865 5.237652 -1.362924 2
1.544865 5.237652 -1.362924 2
0.132061 3.721040 -1.570139 2
2.632590 6.654437 -1.003773 2
0.452499 3.918754 -0.784052 2
0.452499 3.918754 -0.784052 2
2.198411 5.684330 -0.809328 2
0.810910 3.976344 -1.358448 2
0.810910 3.976344 -1.358448 2
0.810910 3.976344 -1.358448 2
4.339732 5.434540 -1.422414 2
5.912203 0.878096 -3.318746 2
5.912203 0.878096 -3.318746 2
11.497994 3.706506 -0.535468 2
11.497994 3.706506 -0.535468 2
14.090176 4.286940 -1.842481 2
14.090176 4.286940 -1.842481 2
14.090176 4.286940 -1.842481 2
15.527469 4.417966 -1.279809 2
15.527469 4.417966 -1.279809 2
15.527469 4.417966 -1.279809 2
14.839621 3.304019 -0.708854 2
14.839621 3.304019 -0.708854 2
16.020195 4.177780 -0.172352 2
16.020195 4.177780 -0.172352 2
14.935074 3.482243 -1.024952 2
14.935074 3.482243 -1.024952 2
14.935074 3.482243 -1.024952 2
15.842388 3.387354 -1.429101 2
15.842388 3.387354 -1.429101 2
14.819599 3.705986 -0.852520 2
16.009640 2.889616 -1.091703 2
16.009640 2.889616 -1.091703 2
16.009640 2.889616 -1.091703 2
15.043704 3.460464 -1.011726 2
15.043704 3.460464 -1.011726 2
15.494673 2.620226 -1.445411 2
15.494673 2.620226 -1.445411 2
14.800933 3.456529 -0.902496 2
15.460450 3.212110 -0.775886 2
15.460450 3.212110 -0.775886 2
15.460450 3.212110 -0.775886 2
15.460450 3.212110 -0.775886 2
15.135062 3.299419 -1.001745 2
15.135062 3.299419 -1.001745 2
15.090085 3.176193 -1.618112 2
15.090085 3.176193 -1.618112 2
15.357726 3.372183 -0.944494 2
15.687226 3.869841 -0.623239 2
15.278135 3.234168 -0.792431 2
15.278135 3.234168 -0.792431 2
17.349779 5.794978 -0.289100 2
17.349779 5.794978 -0.289100 2
17.349779 5.794978 -0.289100 2
15.942635 3.514882 -0.666985 2
15.590061 2.939183 -1.518828 2
15.609217 3.300207 -1.081225 2
15.609217 3.300207 -1.081225 2
16.494864 3.851921 -0.524042 2
16.494864 3.851921 -0.524042 2
15.050602 2.774781 -1.588778 2
15.050602 2.774781 -1.588778 2
15.050602 2.774781 -1.588778 2
15.050602 2.774781 -1.588778 2
14.833305 3.087123 -1.598418 2
14.833305 3.087123 -1.598418 2
15.005415 3.266720 -0.753184 2
15.005415 3.266720 -0.753184 2
15.844769 4.002514 -0.686614 2
15.844769 4.002514 -0.686614 2
15.844769 4.002514 -0.686614 2
16.413767 3.317681 -0.587510 2
16.413767 3.317681 -0.587510 2
16.413767 3.317681 -0.587510 2
15.112719 3.216912 -0.887106 2
15.326913 3.349068 -1.077270 2
16.707323 3.614302 -0.547284 2
16.707323 3.614302 -0.547284 2
15.360691 2.444396 -1.619653 2
15.192141 3.272166 -0.992752 2
15.879257 2.850561 -1.100251 2
14.911054 2.907537 -1.739214 2
14.911054 2.907537 -1.739214 2
15.407473 3.220126 -0.898359 2
15.055464 3.437051 -0.913165 2
15.149364 2.824506 -0.730301 2
16.087105 4.163059 -0.663342 2
16.087105 4.163059 -0.663342 2
15.576893 3.183233 -1.081759 2
15.576893 3.183233 -1.081759 2
15.709728 3.477067 -0.611612 2
15.246612 3.205214 -1.021326 2
15.246612 3.205214 -1.021326 2
15.458884 3.351268 -1.018709 2
15.107330 2.841953 -0.577405 2
15.215837 2.956146 -1.277929 2
15.215837 2.956146 -1.277929 2
15.215837 2.956146 -1.277929 2
15.215837 2.956146 -1.277929 2
15.215837 2.956146 -1.277929 2
15.215837 2.956146 -1.277929 2
15.215837 2.956146 -1.277929 2
15.215837 2.956146 -1.277929 2
15.215837 2.956146 -1.277929 2
15.215837 2.956146 -1.277929 2
16.025547 3.824868 -0.543222 2
16.025547 3.824868 -0.543222 2
16.025547 3.824868 -0.543222 2
15.630996 3.268589 -0.839258 2
15.630996 3.268589 -0.839258 2
9.410098 4.120040 -1.241519 2
9.410098 4.120040 -1.241519 2
9.410098 4.120040 -1.241519 2
5.245138 1.608881 -1.281361 2
5.245138 1.608881 -1.281361 2
-0.858607 8.264606 -0.679042 2
-0.858607 8.264606 -0.679042 2
-0.858607 8.264606 -0.679042 2
-0.858607 8.264606 -0.679042 2
-0.858607 8.264606 -0.679042 2
-0.690792 6.574480 -0.824406 2
-0.690792 6.574480 -0.824406 2
-0.690792 6.574480 -0.824406 2
-0.690792 6.574480 -0.824406 2
1.166029 5.331020 -0.366676 2
-0.098354 2.909615 -1.567533 2
-0.098354 2.909615 -1.567533 2
0.994470 3.958009 -1.066859 2
0.772697 3.522737 -1.160572 2
0.772697 3.522737 -1.160572 2
0.772697 3.522737 -1.160572 2
0.772697 3.522737 -1.160572 2
0.772697 3.522737 -1.160572 2
0.389689 3.083451 -1.842654 2
0.389689 3.083451 -1.842654 2
2.117652 6.876572 -0.706410 2
2.117652 6.876572 -0.706410 2
0.570513 5.509508 0.796664 2
0.174399 3.221333 -1.355834 2
0.174399 3.221333 -1.355834 2
0.174399 3.221333 -1.355834 2
0.174399 3.221333 -1.355834 2
1.802138 3.963582 -1.384132 2
0.385164 3.702500 -1.144097 2
0.838283 4.533808 -1.221374 2
2.052933 5.596507 -0.670901 2
2.052933 5.596507 -0.670901 2
0.759576 3.897710 -1.427210 2
0.759576 3.897710 -1.427210 2
0.759576 3.897710 -1.427210 2
0.759576 3.897710 -1.427210 2
0.759576 3.897710 -1.427210 2
1.805416 4.844018 -1.703928 2
2.370974 6.893389 -0.222340 2
2.370974 6.893389 -0.222340 2
0.216651 3.579237 -1.623755 2
0.216651 3.579237 -1.623755 2
0.216651 3.579237 -1.623755 2
0.216651 3.579237 -1.623755 2
0.216651 3.579237 -1.623755 2
1.677844 5.979871 -1.611734 2
1.677844 5.979871 -1.611734 2
2.508276 6.303183 -1.132107 2
2.508276 6.303183 -1.132107 2
2.508276 6.303183 -1.132107 2
0.512380 3.845111 -1.263390 2
0.512380 3.845111 -1.263390 2
0.512380 3.845111 -1.263390 2
0.512380 3.845111 -1.263390 2
-0.185330 2.066611 -1.674048 2
-0.202608 2.658951 -1.136020 2
-0.202608 2.658951 -1.136020 2
-0.202608 2.658951 -1.136020 2
-0.202608 2.658951 -1.136020 2
-0.102529 3.203824 -1.409000 2
1.563436 4.989348 -0.616107 2
1.563436 4.989348 -0.616107 2
0.313540 4.291842 -0.897610 2
0.805411 6.111337 -0.713802 2
0.805411 6.111337 -0.713802 2
0.805411 6.111337 -0.713802 2
0.805411 6.111337 -0.713802 2
0.805411 6.111337 -0.713802 2
-0.622063 3.113127 -1.338626 2
-0.622063 3.113127 -1.338626 2
1.834136 6.060125 -0.802689 2
1.834136 6.060125 -0.802689 2
0.860294 4.355671 -1.023950 2
0.860294 4.355671 -1.023950 2
0.860294 4.355671 -1.023950 2
0.860294 4.355671 -1.023950 2
0.860294 4.355671 -1.023950 2
0.074615 3.806039 -1.153130 2
2.076336 5.923754 -0.980629 2
0.001960 3.544041 -1.022165 2
0.001960 3.544041 -1.022165 2
0.096984 3.464986 -0.615326 2
-0.076539 3.410710 -1.619547 2
-0.076539 3.410710 -1.619547 2
-0.076539 3.410710 -1.619547 2
-0.076539 3.410710 -1.619547 2
0.375033 4.029562 -1.228947 2
0.375033 4.029562 -1.228947 2
0.375033 4.029562 -1.228947 2
0.375033 4.029562 -1.228947 2
0.375033 4.029562 -1.228947 2
0.704684 3.676378 -1.512345 2
0.704684 3.676378 -1.512345 2
0.704684 3.676378 -1.512345 2
0.704684 3.676378 -1.512345 2
0.704684 3.676378 -1.512345 2
1.649518 2.658067 -1.295956 2
6.837018 7.317359 -0.414850 2
6.837018 7.317359 -0.414850 2
6.837018 7.317359 -0.414850 2
6.837018 7.317359 -0.414850 2
6.837018 7.317359 -0.414850 2
13.255499 6.402533 -0.773896 2
13.255499 6.402533 -0.773896 2
16.339218 2.668739 -1.096943 2
16.339218 2.668739 -1.096943 2
15.462832 3.079923 -0.615317 2
16.138552 5.278311 -1.535107 2
16.138552 5.278311 -1.535107 2
16.138552 5.278311 -1.535107 2
15.969284 3.175476 0.174158 2
15.969284 3.175476 0.174158 2
15.969284 3.175476 0.174158 2
15.515710 2.748992 -1.368073 2
15.063204 3.567953 -0.902515 2
17.040331 3.213087 -0.660424 2
17.040331 3.213087 -0.660424 2
15.578064 3.632891 -1.419473 2
15.578064 3.632891 -1.419473 2
15.578064 3.632891 -1.419473 2
16.210602 4.325370 -1.095335 2
16.210602 4.325370 -1.095335 2
15.370186 3.440398 -0.916709 2
17.028757 5.298245 0.118928 2
16.058611 3.298799 -0.418648 2
16.058611 3.298799 -0.418648 2
15.992579 4.033844 -0.856822 2
16.481785 4.149125 -0.244925 2
16.481785 4.149125 -0.244925 2
15.670794 2.887723 -1.002207 2
15.269114 2.901391 -1.027524 2
15.269114 2.901391 -1.027524 2
17.241926 4.198882 -0.527411 2
17.241926 4.198882 -0.527411 2
16.676819 3.371805 -0.733701 2
15.496978 2.448966 -1.653911 2
15.496978 2.448966 -1.653911 2
15.496978 2.448966 -1.653911 2
15.496978 2.448966 -1.653911 2
15.496978 2.448966 -1.653911 2
15.496978 2.448966 -1.653911 2
15.175094 3.147872 -0.982286 2
15.175094 3.147872 -0.982286 2
15.175094 3.147872 -0.982286 2
15.847382 3.761511 -0.691533 2
15.847382 3.761511 -0.691533 2
15.847382 3.761511 -0.691533 2
15.847382 3.761511 -0.691533 2
15.847382 3.761511 -0.691533 2
15.388534 3.682363 -1.264256 2
16.923872 5.091798 -0.826825 2
20.605988 9.894373 2.124937 2
16.824375 3.520271 -0.677725 2
15.375915 2.825647 -1.475205 2
16.150042 3.317102 -1.228417 2
16.150042 3.317102 -1.228417 2
15.765149 3.232705 -1.078372 2
15.182995 3.526260 -0.766682 2
15.705018 3.088223 -0.820331 2
15.271061 3.137347 -0.928960 2
15.271061 3.137347 -0.928960 2
15.271061 3.137347 -0.928960 2
16.178555 4.016831 -0.545423 2
16.178555 4.016831 -0.545423 2
16.435665 3.846323 -0.670585 2
15.620202 3.174493 -0.958923 2
15.984225 2.790034 -1.059356 2
15.984225 2.790034 -1.059356 2
15.389262 3.129168 -1.055496 2
15.389262 3.129168 -1.055496 2
16.468208 3.740876 -0.558071 2
15.571317 2.803003 -1.086605 2
15.750809 3.203007 -1.113842 2
15.750809 3.203007 -1.113842 2
14.953156 3.523628 -0.821483 2
14.953156 3.523628 -0.821483 2
15.175130 3.237436 -0.950559 2
15.175130 3.237436 -0.950559 2
15.175130 3.237436 -0.950559 2
15.175130 3.237436 -0.950559 2
16.059872 3.952270 -0.899131 2
16.059872 3.952270 -0.899131 2
16.059872 3.952270 -0.899131 2
15.941787 3.281629 -0.879671 2
15.941787 3.281629 -0.879671 2
15.941787 3.281629 -0.879671 2
15.584118 3.012444 -1.121001 2
16.469406 3.697239 -0.628770 2
16.469406 3.697239 -0.628770 2
15.396449 2.353695 -1.597543 2
15.122155 3.206017 -0.949343 2
15.796569 3.162451 -1.092537 2
15.095257 3.545225 -0.782844 2
15.095257 3.545225 -0.782844 2
17.317116 5.162326 -0.336550 2
15.209536 3.156676 -0.926248 2
14.072270 3.664522 -0.755180 2
14.072270 3.664522 -0.755180 2
14.072270 3.664522 -0.755180 2
3.243270 7.547024 0.100457 2
3.243270 7.547024 0.100457 2
3.061563 5.145181 -1.856473 2
3.031338 1.742364 -0.457569 2
3.031338 1.742364 -0.457569 2
1.192390 5.492838 0.028001 2
1.192390 5.492838 0.028001 2
1.192390 5.492838 0.028001 2
1.192390 5.492838 0.028001 2
1.192390 5.492838 0.028001 2
1.311392 4.781480 -1.111200 2
1.311392 4.781480 -1.111200 2
0.916055 4.473678 -0.864446 2
0.916055 4.473678 -0.864446 2
-0.292585 2.139849 -1.397099 2
-0.016132 3.609344 -0.724788 2
0.708447 3.379662 -1.422441 2
1.906774 6.067382 -0.528526 2
1.906774 6.067382 -0.528526 2
2.128508 7.960254 -1.401817 2
2.128508 7.960254 -1.401817 2
0.751707 4.261630 -1.404094 2
0.751707 4.261630 -1.404094 2
0.121792 3.332918 -1.390344 2
0.121792 3.332918 -1.390344 2
0.759731 4.004121 -1.451083 2
0.759731 4.004121 -1.451083 2
0.759731 4.004121 -1.451083 2
0.759731 4.004121 -1.451083 2
0.759731 4.004121 -1.451083 2
-0.607842 5.561337 -2.247508 2
0.019349 2.533091 -1.257411 2
2.586123 6.928879 -0.474589 2
2.586123 6.928879 -0.474589 2
0.360859 3.796734 -1.298307 2
1.638909 4.765803 -0.598648 2
1.638909 4.765803 -0.598648 2
1.497632 5.267802 -1.340927 2
1.497632 5.267802 -1.340927 2
1.300720 5.055400 -1.367657 2
1.300720 5.055400 -1.367657 2
1.300720 5.055400 -1.367657 2
1.300720 5.055400 -1.367657 2
-1.436833 5.031075 -0.380763 2
-1.436833 5.031075 -0.380763 2
2.000374 6.087218 -0.902882 2
2.000374 6.087218 -0.902882 2
-0.316735 5.562847 0.544911 2
1.725892 5.517078 -1.847730 2
1.725892 5.517078 -1.847730 2
1.725892 5.517078 -1.847730 2
1.725892 5.517078 -1.847730 2
1.725892 5.517078 -1.847730 2
1.725892 5.517078 -1.847730 2
2.591530 6.414546 -0.894262 2
2.591530 6.414546 -0.894262 2
2.591530 6.414546 -0.894262 2
0.609401 3.987871 -1.379457 2
4.042280 4.041389 -0.477897 2
4.042280 4.041389 -0.477897 2
6.336515 6.037067 -1.373228 2
6.336515 6.037067 -1.373228 2
16.504257 2.125071 -0.665559 2
16.504257 2.125071 -0.665559 2
16.504257 2.125071 -0.665559 2
16.504257 2.125071 -0.665559 2
16.504257 2.125071 -0.665559 2
16.504257 2.125071 -0.665559 2
20.829111 2.538166 -2.588552 2
20.829111 2.538166 -2.588552 2
20.829111 2.538166 -2.588552 2
20.829111 2.538166 -2.588552 2
20.829111 2.538166 -2.588552 2
20.829111 2.538166 -2.588552 2
20.829111 2.538166 -2.588552 2
20.829111 2.538166 -2.588552 2
20.829111 2.538166 -2.588552 2
20.829111 2.538166 -2.588552 2
20.829111 2.538166 -2.588552 2
20.829111 2.538166 -2.588552 2
20.829111 2.538166 -2.588552 2
20.829111 2.538166 -2.588552 2
20.829111 2.538166 -2.588552 2
25.640720 5.224484 0.317339 2
25.640720 5.224484 0.317339 2
25.640720 5.224484 0.317339 2
25.640720 5.224484 0.317339 2
25.640720 5.224484 0.317339 2
25.640720 5.224484 0.317339 2
25.640720 5.224484 0.317339 2
25.640720 5.224484 0.317339 2
25.640720 5.224484 0.317339 2
25.640720 5.224484 0.317339 2
25.640720 5.224484 0.317339 2
24.766083 6.764797 1.417055 2
24.766083 6.764797 1.417055 2
24.766083 6.764797 1.417055 2
24.766083 6.764797 1.417055 2
24.766083 6.764797 1.417055 2
24.766083 6.764797 1.417055 2
26.365654 6.654438 1.384007 2
26.365654 6.654438 1.384007 2
24.723579 6.722657 1.561142 2
24.723579 6.722657 1.561142 2
24.723579 6.722657 1.561142 2
24.723579 6.722657 1.561142 2
24.723579 6.722657 1.561142 2
24.723579 6.722657 1.561142 2
24.723579 6.722657 1.561142 2
24.723579 6.722657 1.561142 2
24.089302 6.285711 1.402893 2
24.089302 6.285711 1.402893 2
24.089302 6.285711 1.402893 2
24.089302 6.285711 1.402893 2
24.089302 6.285711 1.402893 2
24.089302 6.285711 1.402893 2
24.089302 6.285711 1.402893 2
24.089302 6.285711 1.402893 2
24.089302 6.285711 1.402893 2
24.089302 6.285711 1.402893 2
24.089302 6.285711 1.402893 2
24.089302 6.285711 1.402893 2
24.089302 6.285711 1.402893 2
24.089302 6.285711 1.402893 2
24.089302 6.285711 1.402893 2
24.089302 6.285711 1.402893 2
24.089302 6.285711 1.402893 2
24.089302 6.285711 1.402893 2
24.089302 6.285711 1.402893 2
24.089302 6.285711 1.402893 2
24.089302 6.285711 1.402893 2
24.089302 6.285711 1.402893 2
24.089302 6.285711 1.402893 2
24.089302 6.285711 1.402893 2
24.089302 6.285711 1.402893 2
24.089302 6.285711 1.402893 2
24.089302 6.285711 1.402893 2
24.089302 6.285711 1.402893 2
24.089302 6.285711 1.402893 2
24.089302 6.285711 1.402893 2
24.089302 6.285711 1.402893 2
24.089302 6.285711 1.402893 2
24.978653 5.479096 0.604671 2
23.220715 3.174309 -2.578091 2
23.220715 3.174309 -2.578091 2
23.220715 3.174309 -2.578091 2
23.220715 3.174309 -2.578091 2
24.819326 6.552401 1.405040 2
24.819326 6.552401 1.405040 2
24.819326 6.552401 1.405040 2
24.819326 6.552401 1.405040 2
24.819326 6.552401 1.405040 2
24.819326 6.552401 1.405040 2
24.937134 6.626512 1.290636 2
24.937134 6.626512 1.290636 2
24.937134 6.626512 1.290636 2
24.937134 6.626512 1.290636 2
24.937134 6.626512 1.290636 2
24.937134 6.626512 1.290636 2
24.937134 6.626512 1.290636 2
18.786011 2.185529 -0.886610 2
11.747496 4.261543 -0.807466 2
11.747496 4.261543 -0.807466 2
11.601827 5.980748 -0.327120 2
10.409955 3.517785 -0.623132 2
8.005231 2.329199 -0.721950 2
5.285345 5.035944 1.092045 2
0.168215 9.451006 -2.789609 2
0.168215 9.451006 -2.789609 2
0.956155 -0.600641 -1.945942 2
0.979255 5.398161 0.121503 2
0.979255 5.398161 0.121503 2
0.979255 5.398161 0.121503 2
0.979255 5.398161 0.121503 2
0.979255 5.398161 0.121503 2
0.979255 5.398161 0.121503 2
0.979255 5.398161 0.121503 2
1.329586 5.913713 -0.638895 2
1.329586 5.913713 -0.638895 2
0.352989 3.168690 -1.137519 2
-0.416207 4.170032 -0.282758 2
-0.416207 4.170032 -0.282758 2
-0.416207 4.170032 -0.282758 2
-0.416207 4.170032 -0.282758 2
1.849302 3.833723 -0.951839 2
0.925196 4.311954 -1.934784 2
0.548447 4.673653 -1.180033 2
1.988799 6.197244 -0.841700 2
1.988799 6.197244 -0.841700 2
0.626732 3.687619 -1.264005 2
0.626732 3.687619 -1.264005 2
0.626732 3.687619 -1.264005 2
0.626732 3.687619 -1.264005 2
0.626732 3.687619 -1.264005 2
1.277454 3.996633 -2.019718 2
-0.516777 4.970137 -0.079865 2
-0.516777 4.970137 -0.079865 2
-0.516777 4.970137 -0.079865 2
0.010273 3.724566 -1.530716 2
1.479559 4.993824 -0.481214 2
1.479559 4.993824 -0.481214 2
0.498836 4.062676 -0.785124 2
0.840327 4.280602 -1.170768 2
0.840327 4.280602 -1.170768 2
0.840327 4.280602 -1.170768 2
0.840327 4.280602 -1.170768 2
0.840327 4.280602 -1.170768 2
0.392906 3.713072 -1.387179 2
0.392906 3.713072 -1.387179 2
1.491780 5.152401 -0.274911 2
1.491780 5.152401 -0.274911 2
1.491780 5.152401 -0.274911 2
0.482958 3.405652 -1.499426 2
0.482958 3.405652 -1.499426 2
2.062428 5.943785 -0.430124 2
1.009316 3.607211 -1.881314 2
1.009316 3.607211 -1.881314 2
2.527244 6.367496 -0.947181 2
2.527244 6.367496 -0.947181 2
-0.009000 3.516836 -1.256144 2
-0.009000 3.516836 -1.256144 2
-0.235749 3.087587 -0.394989 2
-0.235749 3.087587 -0.394989 2
-0.235749 3.087587 -0.394989 2
-0.235749 3.087587 -0.394989 2
0.923256 4.183736 -1.540430 2
2.277814 5.758929 -0.418615 2
2.003994 6.468400 -0.295189 2
-0.500035 4.192890 -1.483968 2
-0.500035 4.192890 -1.483968 2
-0.500035 4.192890 -1.483968 2
-0.500035 4.192890 -1.483968 2
1.731223 4.324718 -0.936858 2
0.964207 3.932199 -1.422739 2
0.964207 3.932199 -1.422739 2
0.964207 3.932199 -1.422739 2
0.964207 3.932199 -1.422739 2
0.621689 3.998515 -1.339215 2
0.621689 3.998515 -1.339215 2
2.200861 6.169119 -0.973900 2
2.200861 6.169119 -0.973900 2
2.200861 6.169119 -0.973900 2
2.200861 6.169119 -0.973900 2
1.099791 4.320506 -1.235476 2
1.099791 4.320506 -1.235476 2
0.729738 6.434721 0.178110 2
1.367294 2.944753 -1.512969 2
1.367294 2.944753 -1.512969 2
1.367294 2.944753 -1.512969 2
5.181728 1.211217 -0.651212 2
7.851227 8.081491 -0.189573 2
9.834161 5.841671 -0.585964 2
9.834161 5.841671 -0.585964 2
9.834161 5.841671 -0.585964 2
9.834161 5.841671 -0.585964 2
9.834161 5.841671 -0.585964 2
9.834161 5.841671 -0.585964 2
9.834161 5.841671 -0.585964 2
9.834161 5.841671 -0.585964 2
9.834161 5.841671 -0.585964 2
9.834161 5.841671 -0.585964 2
9.834161 5.841671 -0.585964 2
9.834161 5.841671 -0.585964 2
9.834161 5.841671 -0.585964 2
9.834161 5.841671 -0.585964 2
9.834161 5.841671 -0.585964 2
9.834161 5.841671 -0.585964 2
9.834161 5.841671 -0.585964 2
9.834161 5.841671 -0.585964 2
9.834161 5.841671 -0.585964 2
9.834161 5.841671 -0.585964 2
9.834161 5.841671 -0.585964 2
9.834161 5.841671 -0.585964 2
9.834161 5.841671 -0.585964 2
25.924978 5.584726 0.617862 2
25.924978 5.584726 0.617862 2
25.924978 5.584726 0.617862 2
25.924978 5.584726 0.617862 2
25.924978 5.584726 0.617862 2
25.924978 5.584726 0.617862 2
25.924978 5.584726 0.617862 2
25.924978 5.584726 0.617862 2
25.924978 5.584726 0.617862 2
25.924978 5.584726 0.617862 2
26.660198 6.207032 2.011335 2
26.660198 6.207032 2.011335 2
25.807751 5.646715 0.446825 2
25.807751 5.646715 0.446825 2
25.807751 5.646715 0.446825 2
25.807751 5.646715 0.446825 2
25.807751 5.646715 0.446825 2
25.807751 5.646715 0.446825 2
25.807751 5.646715 0.446825 2
24.871155 6.687232 1.476512 2
24.871155 6.687232 1.476512 2
24.871155 6.687232 1.476512 2
24.871155 6.687232 1.476512 2
24.871155 6.687232 1.476512 2
24.871155 6.687232 1.476512 2
24.871155 6.687232 1.476512 2
26.322298 6.440465 1.581859 2
26.322298 6.440465 1.581859 2
26.322298 6.440465 1.581859 2
26.322298 6.440465 1.581859 2
25.799934 5.585804 0.939925 2
25.799934 5.585804 0.939925 2
25.799934 5.585804 0.939925 2
25.799934 5.585804 0.939925 2
25.799934 5.585804 0.939925 2
25.799934 5.585804 0.939925 2
25.799934 5.585804 0.939925 2
24.924292 6.507118 1.365313 2
24.924292 6.507118 1.365313 2
24.924292 6.507118 1.365313 2
26.746126 6.531385 1.444850 2
26.746126 6.531385 1.444850 2
26.746126 6.531385 1.444850 2
26.746126 6.531385 1.444850 2
24.732887 6.790969 1.531392 2
24.732887 6.790969 1.531392 2
24.732887 6.790969 1.531392 2
24.732887 6.790969 1.531392 2
24.732887 6.790969 1.531392 2
25.283834 6.853484 1.489165 2
25.283834 6.853484 1.489165 2
26.918804 6.286583 1.985644 2
26.918804 6.286583 1.985644 2
26.918804 6.286583 1.985644 2
26.472479 5.853394 1.633450 2
26.472479 5.853394 1.633450 2
26.472479 5.853394 1.633450 2
26.472479 5.853394 1.633450 2
26.472479 5.853394 1.633450 2
25.581186 4.650959 0.403973 2
25.581186 4.650959 0.403973 2
25.581186 4.650959 0.403973 2
25.581186 4.650959 0.403973 2
25.581186 4.650959 0.403973 2
25.581186 4.650959 0.403973 2
25.581186 4.650959 0.403973 2
25.581186 4.650959 0.403973 2
25.581186 4.650959 0.403973 2
25.581186 4.650959 0.403973 2
25.581186 4.650959 0.403973 2
25.581186 4.650959 0.403973 2
25.581186 4.650959 0.403973 2
25.581186 4.650959 0.403973 2
25.581186 4.650959 0.403973 2
25.581186 4.650959 0.403973 2
25.581186 4.650959 0.403973 2
25.581186 4.650959 0.403973 2
14.270441 2.550877 -1.145673 2
14.270441 2.550877 -1.145673 2
9.148368 4.194118 -0.191784 2
7.859795 3.558417 0.452616 2
7.859795 3.558417 0.452616 2
7.859795 3.558417 0.452616 2
7.859795 3.558417 0.452616 2
1.329983 6.387889 -2.462150 2
1.329983 6.387889 -2.462150 2
0.829109 1.170455 -1.346976 2
0.829109 1.170455 -1.346976 2
1.261487 6.176003 -0.339857 2
1.261487 6.176003 -0.339857 2
1.261487 6.176003 -0.339857 2
1.261487 6.176003 -0.339857 2
1.261487 6.176003 -0.339857 2
-0.017711 1.020478 -1.641276 2
-0.017711 1.020478 -1.641276 2
-0.017711 1.020478 -1.641276 2
-0.343759 4.904981 -0.744612 2
-0.343759 4.904981 -0.744612 2
1.335794 4.276698 -0.824240 2
1.335794 4.276698 -0.824240 2
1.335794 4.276698 -0.824240 2
0.794613 3.184105 -1.264517 2
0.794613 3.184105 -1.264517 2
-0.704283 3.635885 -0.956396 2
-0.704283 3.635885 -0.956396 2
-0.704283 3.635885 -0.956396 2
-0.704283 3.635885 -0.956396 2
0.959479 3.521752 -2.427794 2
2.013790 6.299362 -0.970987 2
0.218530 4.060898 -0.448849 2
0.101366 3.226498 -1.407183 2
0.101366 3.226498 -1.407183 2
0.101366 3.226498 -1.407183 2
0.101366 3.226498 -1.407183 2
0.101366 3.226498 -1.407183 2
0.976010 4.483503 -1.336743 2
0.976010 4.483503 -1.336743 2
2.723275 6.415078 -1.050959 2
2.723275 6.415078 -1.050959 2
-0.326352 2.830757 -1.113618 2
-0.326352 2.830757 -1.113618 2
-1.249871 3.373856 -1.028063 2
-1.249871 3.373856 -1.028063 2
-1.249871 3.373856 -1.028063 2
0.838730 3.888312 -1.994373 2
0.838730 3.888312 -1.994373 2
0.174082 7.309243 0.264578 2
0.174082 7.309243 0.264578 2
-1.115364 4.869304 -0.424369 2
-1.115364 4.869304 -0.424369 2
-1.115364 4.869304 -0.424369 2
-0.209370 2.674483 -0.839166 2
-0.209370 2.674483 -0.839166 2
-0.671861 5.762063 -2.390535 2
-0.671861 5.762063 -2.390535 2
-0.671861 5.762063 -2.390535 2
-0.671861 5.762063 -2.390535 2
-0.671861 5.762063 -2.390535 2
1.289445 4.558835 -0.514462 2
1.289445 4.558835 -0.514462 2
1.289445 4.558835 -0.514462 2
1.289445 4.558835 -0.514462 2
1.289445 4.558835 -0.514462 2
0.151177 3.291329 -1.512974 2
0.099719 2.786148 -0.527990 2
0.099719 2.786148 -0.527990 2
0.099719 2.786148 -0.527990 2
0.099719 2.786148 -0.527990 2
0.099719 2.786148 -0.527990 2
1.472947 4.754163 -0.537468 2
0.014643 3.570028 -0.868364 2
0.014643 3.570028 -0.868364 2
-0.024369 3.378150 -1.017325 2
-0.024369 3.378150 -1.017325 2
1.896578 7.863336 -1.481147 2
1.896578 7.863336 -1.481147 2
1.896578 7.863336 -1.481147 2
0.345278 3.947788 -1.289222 2
0.345278 3.947788 -1.289222 2
-0.470046 4.982223 -0.269180 2
-0.470046 4.982223 -0.269180 2
-0.079797 3.177758 -1.118528 2
-0.079797 3.177758 -1.118528 2
1.018063 5.062593 -0.482937 2
1.358819 3.698050 -2.389294 2
1.358819 3.698050 -2.389294 2
1.433555 5.808115 -0.951683 2
1.433555 5.808115 -0.951683 2
1.433555 5.808115 -0.951683 2
1.433555 5.808115 -0.951683 2
-0.002281 3.012602 -1.313295 2
-0.002281 3.012602 -1.313295 2
-0.002281 3.012602 -1.313295 2
3.767423 6.226999 -0.785692 2
3.767423 6.226999 -0.785692 2
6.464797 2.655727 -0.961631 2
6.464797 2.655727 -0.961631 2
8.203994 4.467128 0.264756 2
8.203994 4.467128 0.264756 2
8.203994 4.467128 0.264756 2
8.203994 4.467128 0.264756 2
8.203994 4.467128 0.264756 2
8.203994 4.467128 0.264756 2
8.203994 4.467128 0.264756 2
8.203994 4.467128 0.264756 2
8.203994 4.467128 0.264756 2
8.203994 4.467128 0.264756 2
8.203994 4.467128 0.264756 2
8.203994 4.467128 0.264756 2
8.203994 4.467128 0.264756 2
8.203994 4.467128 0.264756 2
8.203994 4.467128 0.264756 2
8.203994 4.467128 0.264756 2
8.203994 4.467128 0.264756 2
8.203994 4.467128 0.264756 2
8.203994 4.467128 0.264756 2
8.203994 4.467128 0.264756 2
8.203994 4.467128 0.264756 2
8.203994 4.467128 0.264756 2
8.203994 4.467128 0.264756 2
8.203994 4.467128 0.264756 2
8.203994 4.467128 0.264756 2
8.203994 4.467128 0.264756 2
8.203994 4.467128 0.264756 2
8.203994 4.467128 0.264756 2
8.203994 4.467128 0.264756 2
8.203994 4.467128 0.264756 2
8.203994 4.467128 0.264756 2
8.203994 4.467128 0.264756 2
8.203994 4.467128 0.264756 2
8.203994 4.467128 0.264756 2
8.203994 4.467128 0.264756 2
8.203994 4.467128 0.264756 2
8.203994 4.467128 0.264756 2
8.203994 4.467128 0.264756 2
8.203994 4.467128 0.264756 2
8.203994 4.467128 0.264756 2
8.203994 4.467128 0.264756 2
8.203994 4.467128 0.264756 2
8.203994 4.467128 0.264756 2
8.203994 4.467128 0.264756 2
8.203994 4.467128 0.264756 2
8.203994 4.467128 0.264756 2
8.203994 4.467128 0.264756 2
8.203994 4.467128 0.264756 2
8.203994 4.467128 0.264756 2
8.203994 4.467128 0.264756 2
8.203994 4.467128 0.264756 2
8.203994 4.467128 0.264756 2
8.203994 4.467128 0.264756 2
8.203994 4.467128 0.264756 2
8.203994 4.467128 0.264756 2
8.203994 4.467128 0.264756 2
8.203994 4.467128 0.264756 2
8.203994 4.467128 0.264756 2
8.203994 4.467128 0.264756 2
8.203994 4.467128 0.264756 2
8.203994 4.467128 0.264756 2
8.203994 4.467128 0.264756 2
8.203994 4.467128 0.264756 2
8.203994 4.467128 0.264756 2
8.203994 4.467128 0.264756 2
8.203994 4.467128 0.264756 2
8.203994 4.467128 0.264756 2
8.203994 4.467128 0.264756 2
8.203994 4.467128 0.264756 2
8.203994 4.467128 0.264756 2
8.203994 4.467128 0.264756 2
8.203994 4.467128 0.264756 2
8.203994 4.467128 0.264756 2
8.203994 4.467128 0.264756 2
8.203994 4.467128 0.264756 2
8.203994 4.467128 0.264756 2
8.203994 4.467128 0.264756 2
8.203994 4.467128 0.264756 2
8.203994 4.467128 0.264756 2
8.203994 4.467128 0.264756 2
8.203994 4.467128 0.264756 2
8.203994 4.467128 0.264756 2
8.203994 4.467128 0.264756 2
8.203994 4.467128 0.264756 2
8.203994 4.467128 0.264756 2
8.203994 4.467128 0.264756 2
8.203994 4.467128 0.264756 2
8.203994 4.467128 0.264756 2
8.203994 4.467128 0.264756 2
8.203994 4.467128 0.264756 2
8.203994 4.467128 0.264756 2
8.203994 4.467128 0.264756 2
8.203994 4.467128 0.264756 2
8.203994 4.467128 0.264756 2
8.203994 4.467128 0.264756 2
8.203994 4.467128 0.264756 2
8.203994 4.467128 0.264756 2
8.203994 4.467128 0.264756 2
24.897892 6.873076 1.187254 2
24.897892 6.873076 1.187254 2
24.897892 6.873076 1.187254 2
15.248487 0.284453 -1.359805 2
15.248487 0.284453 -1.359805 2
11.253524 3.214144 -0.386269 2
11.253524 3.214144 -0.386269 2
5.555263 1.721251 -1.872411 2
5.555263 1.721251 -1.872411 2
3.674566 4.217759 1.427828 2
3.674566 4.217759 1.427828 2
3.674566 4.217759 1.427828 2
1.203223 2.781184 -1.014508 2
1.203223 2.781184 -1.014508 2
2.007226 6.970552 -0.317756 2
2.007226 6.970552 -0.317756 2
2.007226 6.970552 -0.317756 2
2.007226 6.970552 -0.317756 2
2.007226 6.970552 -0.317756 2
0.828353 3.544209 -1.161735 2
0.828353 3.544209 -1.161735 2
1.378107 4.196124 -0.863648 2
0.517467 3.165762 -1.587760 2
0.517467 3.165762 -1.587760 2
-0.635605 4.161798 -0.337339 2
-0.635605 4.161798 -0.337339 2
0.141275 6.165762 -0.641744 2
0.141275 6.165762 -0.641744 2
1.415511 3.868046 -1.571983 2
1.415511 3.868046 -1.571983 2
0.479338 3.654338 -0.841992 2
1.478779 6.225270 -0.463423 2
1.478779 6.225270 -0.463423 2
-0.288984 3.684946 -1.742409 2
-0.288984 3.684946 -1.742409 2
0.004885 4.164129 -0.814775 2
0.004885 4.164129 -0.814775 2
0.004885 4.164129 -0.814775 2
1.665270 -1.025730 -1.129401 2
1.665270 -1.025730 -1.129401 2
1.665270 -1.025730 -1.129401 2
1.665270 -1.025730 -1.129401 2
-0.396457 2.413887 -0.437129 2
-0.396457 2.413887 -0.437129 2
2.430466 6.817741 -0.828319 2
-0.241426 3.243386 -1.037601 2
-0.241426 3.243386 -1.037601 2
0.148531 2.261477 -1.497096 2
0.148531 2.261477 -1.497096 2
-0.151130 3.041097 -1.133972 2
-0.151130 3.041097 -1.133972 2
-0.151130 3.041097 -1.133972 2
2.167333 6.220920 -0.895106 2
2.167333 6.220920 -0.895106 2
2.167333 6.220920 -0.895106 2
2.167333 6.220920 -0.895106 2
-1.072944 4.643364 -0.016955 2
-1.072944 4.643364 -0.016955 2
-1.072944 4.643364 -0.016955 2
0.028473 3.705907 -0.538794 2
0.028473 3.705907 -0.538794 2
1.751183 4.826180 -0.488559 2
1.751183 4.826180 -0.488559 2
1.751183 4.826180 -0.488559 2
0.300046 3.062624 -1.421261 2
0.300046 3.062624 -1.421261 2
0.300046 3.062624 -1.421261 2
0.300046 3.062624 -1.421261 2
0.300046 3.062624 -1.421261 2
0.300046 3.062624 -1.421261 2
1.703864 4.674499 -0.573840 2
1.703864 4.674499 -0.573840 2
0.220219 3.622327 -1.032439 2
0.220219 3.622327 -1.032439 2
0.220219 3.622327 -1.032439 2
2.374702 6.510893 -1.078966 2
2.374702 6.510893 -1.078966 2
0.771688 4.086367 -1.096170 2
0.771688 4.086367 -1.096170 2
0.748341 3.608596 -0.983044 2
2.667481 6.357075 -0.936565 2
2.667481 6.357075 -0.936565 2
-0.459597 3.006962 -0.671502 2
-0.459597 3.006962 -0.671502 2
0.687991 5.996566 0.222816 2
0.687991 5.996566 0.222816 2
0.687991 5.996566 0.222816 2
0.948140 3.826070 -1.452393 2
0.948140 3.826070 -1.452393 2
2.043743 6.609962 -0.364258 2
2.043743 6.609962 -0.364258 2
0.030358 3.468069 -1.228672 2
0.030358 3.468069 -1.228672 2
0.030358 3.468069 -1.228672 2
0.030358 3.468069 -1.228672 2
0.030358 3.468069 -1.228672 2
-0.565896 2.064563 -1.355440 2
-0.565896 2.064563 -1.355440 2
0.758796 1.935770 -0.343283 2
0.758796 1.935770 -0.343283 2
0.758796 1.935770 -0.343283 2
13.008314 3.246989 -0.500073 2
13.008314 3.246989 -0.500073 2
15.280624 5.049231 1.322764 2
15.280624 5.049231 1.322764 2
15.280624 5.049231 1.322764 2
15.280624 5.049231 1.322764 2
15.280624 5.049231 1.322764 2
24.595631 3.729338 -2.405920 2
24.595631 3.729338 -2.405920 2
24.595631 3.729338 -2.405920 2
24.595631 3.729338 -2.405920 2
24.595631 3.729338 -2.405920 2
24.595631 3.729338 -2.405920 2
24.595631 3.729338 -2.405920 2
24.595631 3.729338 -2.405920 2
24.595631 3.729338 -2.405920 2
24.595631 3.729338 -2.405920 2
24.595631 3.729338 -2.405920 2
24.595631 3.729338 -2.405920 2
24.595631 3.729338 -2.405920 2
24.595631 3.729338 -2.405920 2
24.595631 3.729338 -2.405920 2
24.595631 3.729338 -2.405920 2
29.230545 3.024296 -2.319878 2
29.230545 3.024296 -2.319878 2
29.230545 3.024296 -2.319878 2
29.230545 3.024296 -2.319878 2
29.230545 3.024296 -2.319878 2
29.230545 3.024296 -2.319878 2
29.230545 3.024296 -2.319878 2
29.230545 3.024296 -2.319878 2
29.230545 3.024296 -2.319878 2
29.230545 3.024296 -2.319878 2
29.230545 3.024296 -2.319878 2
29.230545 3.024296 -2.319878 2
29.230545 3.024296 -2.319878 2
29.230545 3.024296 -2.319878 2
29.230545 3.024296 -2.319878 2
29.230545 3.024296 -2.319878 2
29.230545 3.024296 -2.319878 2
29.230545 3.024296 -2.319878 2
28.524422 4.129565 -1.978878 2
28.524422 4.129565 -1.978878 2
28.524422 4.129565 -1.978878 2
28.524422 4.129565 -1.978878 2
28.524422 4.129565 -1.978878 2
28.524422 4.129565 -1.978878 2
28.524422 4.129565 -1.978878 2
28.524422 4.129565 -1.978878 2
28.524422 4.129565 -1.978878 2
28.524422 4.129565 -1.978878 2
28.524422 4.129565 -1.978878 2
28.524422 4.129565 -1.978878 2
28.524422 4.129565 -1.978878 2
28.524422 4.129565 -1.978878 2
28.524422 4.129565 -1.978878 2
28.524422 4.129565 -1.978878 2
28.524422 4.129565 -1.978878 2
28.524422 4.129565 -1.978878 2
28.524422 4.129565 -1.978878 2
28.524422 4.129565 -1.978878 2
28.524422 4.129565 -1.978878 2
28.524422 4.129565 -1.978878 2
28.524422 4.129565 -1.978878 2
28.524422 4.129565 -1.978878 2
28.524422 4.129565 -1.978878 2
28.524422 4.129565 -1.978878 2
28.524422 4.129565 -1.978878 2
28.524422 4.129565 -1.978878 2
28.524422 4.129565 -1.978878 2
28.524422 4.129565 -1.978878 2
28.524422 4.129565 -1.978878 2
28.524422 4.129565 -1.978878 2
28.524422 4.129565 -1.978878 2
28.524422 4.129565 -1.978878 2
28.524422 4.129565 -1.978878 2
28.524422 4.129565 -1.978878 2
28.524422 4.129565 -1.978878 2
28.524422 4.129565 -1.978878 2
28.524422 4.129565 -1.978878 2
28.524422 4.129565 -1.978878 2
28.524422 4.129565 -1.978878 2
28.524422 4.129565 -1.978878 2
28.524422 4.129565 -1.978878 2
28.524422 4.129565 -1.978878 2
28.524422 4.129565 -1.978878 2
28.524422 4.129565 -1.978878 2
28.524422 4.129565 -1.978878 2
28.524422 4.129565 -1.978878 2
28.524422 4.129565 -1.978878 2
28.524422 4.129565 -1.978878 2
28.524422 4.129565 -1.978878 2
28.524422 4.129565 -1.978878 2
28.524422 4.129565 -1.978878 2
28.524422 4.129565 -1.978878 2
29.827257 2.452384 -2.711613 2
29.827257 2.452384 -2.711613 2
28.187334 2.439276 -3.802120 2
28.187334 2.439276 -3.802120 2
28.187334 2.439276 -3.802120 2
21.331215 6.646658 0.804899 2
21.331215 6.646658 0.804899 2
12.007237 -0.919263 -1.882510 2
12.007237 -0.919263 -1.882510 2
10.975111 1.638283 -0.652369 2
4.436718 5.275616 0.692463 2
4.436718 5.275616 0.692463 2
6.848998 1.104952 0.200343 2
6.848998 1.104952 0.200343 2
1.411824 -1.658689 -0.919054 2
1.411824 -1.658689 -0.919054 2
4.103229 -0.253665 -0.014652 2
4.103229 -0.253665 -0.014652 2
4.103229 -0.253665 -0.014652 2
4.103229 -0.253665 -0.014652 2
-0.022755 2.626094 -0.615431 2
-0.022755 2.626094 -0.615431 2
-0.022755 2.626094 -0.615431 2
-0.022755 2.626094 -0.615431 2
1.156117 3.723726 -1.725311 2
-0.077324 3.028012 -1.583638 2
1.231417 6.311466 -1.096880 2
1.231417 6.311466 -1.096880 2
-0.109242 3.528410 -1.863692 2
-0.109242 3.528410 -1.863692 2
-0.109242 3.528410 -1.863692 2
-0.109242 3.528410 -1.863692 2
-0.109242 3.528410 -1.863692 2
-0.076635 1.785041 -0.925420 2
-0.076635 1.785041 -0.925420 2
1.887410 5.979892 -0.863560 2
1.887410 5.979892 -0.863560 2
0.730194 3.653975 -1.158167 2
-1.350899 4.552538 -0.184860 2
2.404204 6.619949 -0.751555 2
2.404204 6.619949 -0.751555 2
2.404204 6.619949 -0.751555 2
-1.245960 4.575073 -0.172144 2
-1.245960 4.575073 -0.172144 2
-1.245960 4.575073 -0.172144 2
-1.245960 4.575073 -0.172144 2
0.089273 3.460195 -1.374228 2
0.089273 3.460195 -1.374228 2
0.089273 3.460195 -1.374228 2
1.419298 4.782778 -0.568466 2
0.101394 3.156393 -0.390038 2
-0.667398 2.435229 -1.162605 2
-0.667398 2.435229 -1.162605 2
2.770184 6.688465 -0.930668 2
2.770184 6.688465 -0.930668 2
2.770184 6.688465 -0.930668 2
0.097694 2.931154 -0.878091 2
0.097694 2.931154 -0.878091 2
1.330249 4.494058 -0.630090 2
1.330249 4.494058 -0.630090 2
-1.250237 4.203124 -0.192292 2
-1.250237 4.203124 -0.192292 2
-1.250237 4.203124 -0.192292 2
1.720913 5.842790 -0.508502 2
1.720913 5.842790 -0.508502 2
1.145203 3.329659 -1.532926 2
0.916855 4.333612 -0.582826 2
-0.231101 3.311893 -0.661520 2
-0.231101 3.311893 -0.661520 2
-0.231101 3.311893 -0.661520 2
-0.913282 4.110488 -0.161925 2
-0.913282 4.110488 -0.161925 2
2.526939 6.500560 -1.128302 2
2.526939 6.500560 -1.128302 2
0.794436 3.535047 -1.599145 2
2.280020 6.896472 -0.319622 2
2.280020 6.896472 -0.319622 2
2.588813 6.571558 -0.948589 2
2.588813 6.571558 -0.948589 2
-1.183586 4.618524 -0.111944 2
-0.540205 5.625187 -0.048437 2
-0.540205 5.625187 -0.048437 2
-0.540205 5.625187 -0.048437 2
0.944146 4.047294 -2.199498 2
2.583448 5.831720 -0.426676 2
2.583448 5.831720 -0.426676 2
1.695064 6.102005 -0.422978 2
0.021565 3.224909 -1.554525 2
0.021565 3.224909 -1.554525 2
0.654539 5.691139 0.873089 2
0.654539 5.691139 0.873089 2
-0.623796 1.900266 -0.817742 2
-0.623796 1.900266 -0.817742 2
-0.462343 2.141294 -1.367509 2
