2.279598 3.423180 -1.851149 2
1.040818 0.427684 -1.621636 2
0.967312 2.091890 -0.460488 2
0.967312 2.091890 -0.460488 2
1.679095 1.991263 -1.790725 2
1.679095 1.991263 -1.790725 2
0.238267 -0.777994 -3.311328 2
0.238267 -0.777994 -3.311328 2
-0.006889 1.137411 -2.084379 2
-0.582642 -0.407808 -3.495256 2
-0.582642 -0.407808 -3.495256 2
2.030005 2.623788 -1.819940 2
2.030005 2.623788 -1.819940 2
1.995904 2.361341 0.182986 2
1.995904 2.361341 0.182986 2
0.950143 1.021897 -1.314352 2
1.436224 1.462480 -0.968894 2
1.436224 1.462480 -0.968894 2
0.945433 -0.260341 -1.860590 2
0.945433 -0.260341 -1.860590 2
6.472715 9.859999 0.509339 2
6.472715 9.859999 0.509339 2
6.472715 9.859999 0.509339 2
6.472715 9.859999 0.509339 2
6.472715 9.859999 0.509339 2
1.745569 2.426642 -2.867351 2
1.745569 2.426642 -2.867351 2
0.081392 2.586933 -1.189115 2
0.081392 2.586933 -1.189115 2
0.081392 2.586933 -1.189115 2
0.604409 2.334270 -1.286620 2
0.604409 2.334270 -1.286620 2
-0.104030 -0.212060 -1.314675 2
-0.104030 -0.212060 -1.314675 2
0.008342 0.875371 -1.359135 2
0.008342 0.875371 -1.359135 2
2.022336 2.020424 -1.983773 2
-0.942118 0.750900 -1.009134 2
-0.942118 0.750900 -1.009134 2
1.768810 2.174079 -1.971025 2
1.768810 2.174079 -1.971025 2
-0.163807 3.894936 -1.132754 2
-0.163807 3.894936 -1.132754 2
1.566048 1.643429 -2.557430 2
0.060937 2.033231 -1.613149 2
0.060937 2.033231 -1.613149 2
0.192119 1.496259 -1.047810 2
0.192119 1.496259 -1.047810 2
0.192119 1.496259 -1.047810 2
0.192119 1.496259 -1.047810 2
0.541400 0.224313 -2.312690 2
0.541400 0.224313 -2.312690 2
0.541400 0.224313 -2.312690 2
0.541400 0.224313 -2.312690 2
0.541400 0.224313 -2.312690 2
2.098433 2.125514 -2.260312 2
2.098433 2.125514 -2.260312 2
2.313302 3.906284 -1.928019 2
2.313302 3.906284 -1.928019 2
2.313302 3.906284 -1.928019 2
0.549551 2.711949 -1.041820 2
0.549551 2.711949 -1.041820 2
2.806895 4.434319 -2.353776 2
2.806895 4.434319 -2.353776 2
0.215016 1.657166 -1.607407 2
2.158002 2.561023 -1.402395 2
2.158002 2.561023 -1.402395 2
2.468842 4.219098 -2.034073 2
2.468842 4.219098 -2.034073 2
0.057825 1.824252 -1.602291 2
0.057825 1.824252 -1.602291 2
2.982743 4.126204 -2.152868 2
2.982743 4.126204 -2.152868 2
2.982743 4.126204 -2.152868 2
0.755616 1.747986 -1.458445 2
0.755616 1.747986 -1.458445 2
2.715965 3.901165 -1.984402 2
2.715965 3.901165 -1.984402 2
2.715965 3.901165 -1.984402 2
0.611212 1.673207 -1.380222 2
0.611212 1.673207 -1.380222 2
3.683923 3.965321 -1.449609 2
3.683923 3.965321 -1.449609 2
3.683923 3.965321 -1.449609 2
3.683923 3.965321 -1.449609 2
0.243101 0.751957 -1.859519 2
2.027961 2.408208 -2.226221 2
2.027961 2.408208 -2.226221 2
2.027961 2.408208 -2.226221 2
2.027961 2.408208 -2.226221 2
0.368909 2.926733 -2.006792 2
0.368909 2.926733 -2.006792 2
1.479494 1.775777 -2.199590 2
1.479494 1.775777 -2.199590 2
2.773463 3.759886 -1.934201 2
3.625657 1.010357 -2.240607 2
3.625657 1.010357 -2.240607 2
4.937672 1.268680 -2.329164 2
4.937672 1.268680 -2.329164 2
4.937672 1.268680 -2.329164 2
9.682414 2.352902 -1.629093 2
9.221642 4.350880 -0.838074 2
9.221642 4.350880 -0.838074 2
9.221642 4.350880 -0.838074 2
9.535676 1.287215 -1.842087 2
9.535676 1.287215 -1.842087 2
8.238438 2.251406 -1.196617 2
8.238438 2.251406 -1.196617 2
8.238438 2.251406 -1.196617 2
8.238438 2.251406 -1.196617 2
8.238438 2.251406 -1.196617 2
9.077318 3.034292 -1.631167 2
9.077318 3.034292 -1.631167 2
8.672923 2.062562 -1.663654 2
8.672923 2.062562 -1.663654 2
8.672923 2.062562 -1.663654 2
8.672923 2.062562 -1.663654 2
8.672923 2.062562 -1.663654 2
8.468225 2.249429 -1.422822 2
8.468225 2.249429 -1.422822 2
8.468225 2.249429 -1.422822 2
8.468225 2.249429 -1.422822 2
8.468225 2.249429 -1.422822 2
8.468225 2.249429 -1.422822 2
8.468225 2.249429 -1.422822 2
8.468225 2.249429 -1.422822 2
8.468225 2.249429 -1.422822 2
8.468225 2.249429 -1.422822 2
8.468225 2.249429 -1.422822 2
8.468225 2.249429 -1.422822 2
8.468225 2.249429 -1.422822 2
8.468225 2.249429 -1.422822 2
8.468225 2.249429 -1.422822 2
8.468225 2.249429 -1.422822 2
8.468225 2.249429 -1.422822 2
8.468225 2.249429 -1.422822 2
8.468225 2.249429 -1.422822 2
8.468225 2.249429 -1.422822 2
8.468225 2.249429 -1.422822 2
8.468225 2.249429 -1.422822 2
8.468225 2.249429 -1.422822 2
8.468225 2.249429 -1.422822 2
8.468225 2.249429 -1.422822 2
8.468225 2.249429 -1.422822 2
8.468225 2.249429 -1.422822 2
8.468225 2.249429 -1.422822 2
8.468225 2.249429 -1.422822 2
8.468225 2.249429 -1.422822 2
8.468225 2.249429 -1.422822 2
8.468225 2.249429 -1.422822 2
8.468225 2.249429 -1.422822 2
8.468225 2.249429 -1.422822 2
8.468225 2.249429 -1.422822 2
8.468225 2.249429 -1.422822 2
8.468225 2.249429 -1.422822 2
8.468225 2.249429 -1.422822 2
8.468225 2.249429 -1.422822 2
8.468225 2.249429 -1.422822 2
8.468225 2.249429 -1.422822 2
8.468225 2.249429 -1.422822 2
8.468225 2.249429 -1.422822 2
8.468225 2.249429 -1.422822 2
8.938444 2.311309 -1.484907 2
8.938444 2.311309 -1.484907 2
8.938444 2.311309 -1.484907 2
8.938444 2.311309 -1.484907 2
8.938444 2.311309 -1.484907 2
8.367443 2.676861 -1.337461 2
8.367443 2.676861 -1.337461 2
8.367443 2.676861 -1.337461 2
9.202460 1.947111 -1.882212 2
9.202460 1.947111 -1.882212 2
9.202460 1.947111 -1.882212 2
9.202460 1.947111 -1.882212 2
9.202460 1.947111 -1.882212 2
9.202460 1.947111 -1.882212 2
9.202460 1.947111 -1.882212 2
9.202460 1.947111 -1.882212 2
9.202460 1.947111 -1.882212 2
9.202460 1.947111 -1.882212 2
9.202460 1.947111 -1.882212 2
9.202460 1.947111 -1.882212 2
9.202460 1.947111 -1.882212 2
9.098898 1.906386 -1.683434 2
9.098898 1.906386 -1.683434 2
9.098898 1.906386 -1.683434 2
9.098898 1.906386 -1.683434 2
9.098898 1.906386 -1.683434 2
9.121100 2.517715 -1.799483 2
9.121100 2.517715 -1.799483 2
9.121100 2.517715 -1.799483 2
9.121100 2.517715 -1.799483 2
9.121100 2.517715 -1.799483 2
9.037406 1.922753 -1.717049 2
9.037406 1.922753 -1.717049 2
8.212821 4.311832 1.007110 2
8.212821 4.311832 1.007110 2
3.086653 2.475178 -1.923749 2
2.925429 2.113840 -1.995522 2
2.925429 2.113840 -1.995522 2
2.925429 2.113840 -1.995522 2
1.092404 2.918246 -1.601737 2
1.815699 3.859143 -3.033631 2
1.815699 3.859143 -3.033631 2
2.258860 3.720477 -1.349944 2
0.950155 3.130487 -1.440609 2
2.139226 4.303963 -1.758112 2
1.878456 2.370234 -2.618269 2
3.152309 3.958813 -2.340927 2
1.326101 3.728011 -0.792063 2
1.326101 3.728011 -0.792063 2
1.326101 3.728011 -0.792063 2
0.166425 0.239310 -2.067444 2
0.166425 0.239310 -2.067444 2
1.807913 3.307002 -0.886499 2
1.207820 2.966410 -1.988849 2
1.207820 2.966410 -1.988849 2
1.207820 2.966410 -1.988849 2
1.350818 1.064777 -1.806160 2
1.350818 1.064777 -1.806160 2
1.350818 1.064777 -1.806160 2
1.350818 1.064777 -1.806160 2
1.824977 2.732780 -2.253067 2
1.552701 1.885286 -2.002952 2
1.552701 1.885286 -2.002952 2
1.296208 1.963106 -1.707896 2
1.296208 1.963106 -1.707896 2
1.821351 2.591287 -2.236850 2
1.128620 1.355124 -1.959995 2
1.044833 1.617884 -1.833109 2
1.044833 1.617884 -1.833109 2
1.044833 1.617884 -1.833109 2
1.044833 1.617884 -1.833109 2
0.614200 1.407012 -2.239778 2
2.037366 2.626118 -1.578366 2
2.037366 2.626118 -1.578366 2
2.037366 2.626118 -1.578366 2
1.244626 2.006709 -2.198586 2
1.244626 2.006709 -2.198586 2
2.246816 3.465611 -1.698892 2
2.104881 3.675710 -1.754443 2
2.104881 3.675710 -1.754443 2
1.401905 2.466096 -1.482072 2
2.251292 2.585764 -1.116258 2
0.114016 3.136071 -0.731136 2
0.114016 3.136071 -0.731136 2
2.118282 3.923644 -1.645441 2
1.203184 1.686920 -2.309473 2
0.458283 0.231729 -1.726686 2
0.458283 0.231729 -1.726686 2
0.458283 0.231729 -1.726686 2
0.458283 0.231729 -1.726686 2
0.458283 0.231729 -1.726686 2
0.217749 -0.439483 -2.178734 2
0.817679 0.827680 -1.935701 2
1.342729 2.604302 -2.175020 2
1.342729 2.604302 -2.175020 2
1.342729 2.604302 -2.175020 2
0.977488 1.870179 -1.792581 2
1.041373 1.017816 -1.879265 2
1.041373 1.017816 -1.879265 2
1.041373 1.017816 -1.879265 2
1.041373 1.017816 -1.879265 2
-0.163106 2.997261 -2.685074 2
0.796270 1.019952 -1.903427 2
1.407162 2.139513 -2.265932 2
1.407162 2.139513 -2.265932 2
1.407162 2.139513 -2.265932 2
1.407162 2.139513 -2.265932 2
0.622291 1.283700 -1.813549 2
1.278396 2.236252 -2.286932 2
2.529386 4.618126 -1.847911 2
2.529386 4.618126 -1.847911 2
2.529386 4.618126 -1.847911 2
1.509636 2.069664 -2.459437 2
0.814814 1.379182 -1.380867 2
1.935350 5.158814 -1.183827 2
1.935350 5.158814 -1.183827 2
1.386286 2.077515 -1.953997 2
0.486826 1.985130 -1.295420 2
0.486826 1.985130 -1.295420 2
0.486826 1.985130 -1.295420 2
0.486826 1.985130 -1.295420 2
0.486826 1.985130 -1.295420 2
0.480025 -0.491265 -2.536802 2
0.977474 0.580054 -2.084012 2
0.977474 0.580054 -2.084012 2
0.977474 0.580054 -2.084012 2
1.378220 1.889286 -2.042351 2
0.902085 1.784697 -2.242205 2
0.847052 1.774654 -2.078467 2
1.313263 2.249252 -1.959362 2
1.313263 2.249252 -1.959362 2
1.313263 2.249252 -1.959362 2
1.313263 2.249252 -1.959362 2
2.505832 0.608822 -2.410746 2
6.212787 0.910862 -1.510171 2
6.840764 4.044300 0.195211 2
7.295556 3.132322 -0.021152 2
8.850597 1.791511 -2.090336 2
8.850597 1.791511 -2.090336 2
8.850597 1.791511 -2.090336 2
8.195573 3.537916 -1.090230 2
8.195573 3.537916 -1.090230 2
9.614723 2.112198 -1.561014 2
10.248355 3.648896 -0.737905 2
10.248355 3.648896 -0.737905 2
8.669114 2.575619 -1.830466 2
8.669114 2.575619 -1.830466 2
8.669114 2.575619 -1.830466 2
8.669114 2.575619 -1.830466 2
8.669114 2.575619 -1.830466 2
8.669114 2.575619 -1.830466 2
8.669114 2.575619 -1.830466 2
8.669114 2.575619 -1.830466 2
8.669114 2.575619 -1.830466 2
8.669114 2.575619 -1.830466 2
9.177744 2.146925 -1.879876 2
9.177744 2.146925 -1.879876 2
9.177744 2.146925 -1.879876 2
8.814401 4.541839 -0.995182 2
8.814401 4.541839 -0.995182 2
8.817966 3.439587 -1.337660 2
8.817966 3.439587 -1.337660 2
8.817966 3.439587 -1.337660 2
10.477347 2.101386 -2.168056 2
10.477347 2.101386 -2.168056 2
10.477347 2.101386 -2.168056 2
10.477347 2.101386 -2.168056 2
10.477347 2.101386 -2.168056 2
10.477347 2.101386 -2.168056 2
10.477347 2.101386 -2.168056 2
10.477347 2.101386 -2.168056 2
10.477347 2.101386 -2.168056 2
10.477347 2.101386 -2.168056 2
10.477347 2.101386 -2.168056 2
10.477347 2.101386 -2.168056 2
10.477347 2.101386 -2.168056 2
8.744305 3.638343 -1.182989 2
8.744305 3.638343 -1.182989 2
8.744305 3.638343 -1.182989 2
11.235734 4.358478 -1.927496 2
11.235734 4.358478 -1.927496 2
11.235734 4.358478 -1.927496 2
8.768880 2.984192 -1.091230 2
8.768880 2.984192 -1.091230 2
8.964482 4.581539 -1.051365 2
8.284256 1.881076 -1.579050 2
8.861202 3.465128 -1.210158 2
8.861202 3.465128 -1.210158 2
8.861202 3.465128 -1.210158 2
8.861202 3.465128 -1.210158 2
8.771723 2.809257 -1.537256 2
8.639347 2.843290 -0.816373 2
8.639347 2.843290 -0.816373 2
8.639347 2.843290 -0.816373 2
8.639347 2.843290 -0.816373 2
8.639347 2.843290 -0.816373 2
8.639347 2.843290 -0.816373 2
8.639347 2.843290 -0.816373 2
8.639347 2.843290 -0.816373 2
8.639347 2.843290 -0.816373 2
8.639347 2.843290 -0.816373 2
8.639347 2.843290 -0.816373 2
8.639347 2.843290 -0.816373 2
8.639347 2.843290 -0.816373 2
8.639347 2.843290 -0.816373 2
8.639347 2.843290 -0.816373 2
8.639347 2.843290 -0.816373 2
8.639347 2.843290 -0.816373 2
8.639347 2.843290 -0.816373 2
8.639347 2.843290 -0.816373 2
8.639347 2.843290 -0.816373 2
8.639347 2.843290 -0.816373 2
8.639347 2.843290 -0.816373 2
8.639347 2.843290 -0.816373 2
8.639347 2.843290 -0.816373 2
8.639347 2.843290 -0.816373 2
8.639347 2.843290 -0.816373 2
8.639347 2.843290 -0.816373 2
8.639347 2.843290 -0.816373 2
8.639347 2.843290 -0.816373 2
8.639347 2.843290 -0.816373 2
8.639347 2.843290 -0.816373 2
8.639347 2.843290 -0.816373 2
8.639347 2.843290 -0.816373 2
8.639347 2.843290 -0.816373 2
8.639347 2.843290 -0.816373 2
8.639347 2.843290 -0.816373 2
8.639347 2.843290 -0.816373 2
8.639347 2.843290 -0.816373 2
8.639347 2.843290 -0.816373 2
8.639347 2.843290 -0.816373 2
8.639347 2.843290 -0.816373 2
8.639347 2.843290 -0.816373 2
8.639347 2.843290 -0.816373 2
8.639347 2.843290 -0.816373 2
8.639347 2.843290 -0.816373 2
0.479823 2.933665 -1.685047 2
0.479823 2.933665 -1.685047 2
0.479823 2.933665 -1.685047 2
2.567495 3.242500 -1.667400 2
2.567495 3.242500 -1.667400 2
1.660782 3.123071 -2.651648 2
1.401267 1.948075 -2.717811 2
1.396911 0.695579 -2.179872 2
0.375464 3.349448 -1.079023 2
0.375464 3.349448 -1.079023 2
0.375464 3.349448 -1.079023 2
0.375464 3.349448 -1.079023 2
0.375464 3.349448 -1.079023 2
0.572855 3.239977 -1.120703 2
0.572855 3.239977 -1.120703 2
0.572855 3.239977 -1.120703 2
-0.701779 3.642870 -2.653736 2
0.320524 1.005324 -1.672807 2
-0.030482 1.559170 -1.377590 2
2.633358 4.118577 -1.812959 2
0.913893 3.913702 -1.989834 2
0.563820 2.408604 -1.929822 2
0.287977 1.675552 -1.046346 2
1.547167 2.356006 -1.305149 2
1.794347 3.956127 -1.438063 2
1.794347 3.956127 -1.438063 2
2.416118 3.036094 -2.263132 2
0.024192 3.841724 -3.305267 2
0.024192 3.841724 -3.305267 2
0.024192 3.841724 -3.305267 2
0.024192 3.841724 -3.305267 2
1.327692 1.561580 -2.107420 2
0.627942 0.568202 -1.921477 2
0.325225 0.922250 -1.289845 2
1.258562 2.720901 -1.978913 2
1.533153 2.539316 -1.322637 2
1.175017 1.819498 -1.765086 2
1.156343 2.234291 -2.267578 2
-0.242071 1.414355 -2.490098 2
1.038193 2.050887 -1.741706 2
1.415815 2.038651 -1.417839 2
0.693606 1.567019 -2.505323 2
0.847505 2.401971 -2.365922 2
-0.289472 3.738228 -3.414159 2
1.086166 3.489528 -1.194493 2
2.997034 3.785532 -1.917320 2
0.446613 2.615770 -1.644618 2
0.133263 3.087108 -2.534719 2
1.650173 2.895549 -2.441297 2
0.201598 0.696404 -0.620602 2
2.680753 4.736768 -1.368960 2
2.680753 4.736768 -1.368960 2
1.645504 2.019722 -2.629807 2
0.923669 1.854293 -1.926869 2
0.923669 1.854293 -1.926869 2
1.179045 2.802947 -2.408114 2
0.933498 2.711252 -1.971083 2
0.933498 2.711252 -1.971083 2
0.738665 1.951216 -1.863449 2
0.940994 1.638621 -1.870509 2
1.419020 2.249772 -2.300844 2
1.101679 2.521950 -1.833847 2
1.101679 2.521950 -1.833847 2
0.076560 2.709818 -1.973763 2
0.456253 1.249194 -1.651459 2
1.087333 1.506923 -1.245713 2
2.600636 4.753413 -1.851819 2
0.770062 3.201108 -1.983841 2
0.545766 2.560596 -1.970643 2
0.969237 0.697147 -1.270259 2
0.969237 0.697147 -1.270259 2
0.969237 0.697147 -1.270259 2
0.969237 0.697147 -1.270259 2
2.608144 2.901102 -2.831832 2
2.608144 2.901102 -2.831832 2
0.476280 0.133560 -2.458914 2
0.476280 0.133560 -2.458914 2
0.476280 0.133560 -2.458914 2
1.096575 2.286389 -2.447796 2
1.373440 2.263066 -2.124964 2
-0.216010 2.831286 -1.460355 2
1.585687 2.397351 -1.961937 2
1.444266 2.585145 -1.515759 2
1.444266 2.585145 -1.515759 2
0.174124 3.066919 -2.708311 2
0.175137 1.360945 -1.854929 2
1.707871 2.512007 -1.557535 2
1.249162 2.300784 -1.635914 2
0.177227 3.037152 -1.967816 2
0.297953 1.164498 -2.103178 2
0.353498 5.049138 -3.886262 2
1.682885 3.280569 -1.502366 2
2.535678 3.944530 -1.464438 2
2.535678 3.944530 -1.464438 2
2.535678 3.944530 -1.464438 2
2.535678 3.944530 -1.464438 2
2.535678 3.944530 -1.464438 2
8.060559 3.214012 -1.689840 2
8.060559 3.214012 -1.689840 2
8.060559 3.214012 -1.689840 2
8.060559 3.214012 -1.689840 2
8.060559 3.214012 -1.689840 2
14.274445 2.905965 -1.507436 2
14.274445 2.905965 -1.507436 2
14.274445 2.905965 -1.507436 2
14.274445 2.905965 -1.507436 2
14.274445 2.905965 -1.507436 2
15.593978 2.361383 -1.642381 2
15.593978 2.361383 -1.642381 2
15.593978 2.361383 -1.642381 2
15.593978 2.361383 -1.642381 2
15.593978 2.361383 -1.642381 2
18.676531 0.338752 -2.265948 2
18.676531 0.338752 -2.265948 2
18.676531 0.338752 -2.265948 2
18.676531 0.338752 -2.265948 2
16.827003 1.977299 -2.154825 2
16.827003 1.977299 -2.154825 2
16.827003 1.977299 -2.154825 2
16.827003 1.977299 -2.154825 2
16.766735 1.827486 -0.830876 2
16.915825 1.729818 -2.353964 2
16.915825 1.729818 -2.353964 2
15.985039 2.358166 -1.763492 2
15.985039 2.358166 -1.763492 2
15.985039 2.358166 -1.763492 2
15.985039 2.358166 -1.763492 2
15.985039 2.358166 -1.763492 2
16.869728 2.009539 -0.842069 2
16.869728 2.009539 -0.842069 2
16.869728 2.009539 -0.842069 2
16.305552 2.256689 -1.983538 2
16.170750 2.342142 -1.893836 2
16.170750 2.342142 -1.893836 2
16.170750 2.342142 -1.893836 2
16.170750 2.342142 -1.893836 2
16.642567 2.438207 -0.995947 2
18.056841 5.456406 1.908173 2
18.056841 5.456406 1.908173 2
18.056841 5.456406 1.908173 2
18.056841 5.456406 1.908173 2
18.056841 5.456406 1.908173 2
18.056841 5.456406 1.908173 2
18.056841 5.456406 1.908173 2
18.056841 5.456406 1.908173 2
18.885086 5.304195 -0.745576 2
18.885086 5.304195 -0.745576 2
18.885086 5.304195 -0.745576 2
18.885086 5.304195 -0.745576 2
18.885086 5.304195 -0.745576 2
18.885086 5.304195 -0.745576 2
18.885086 5.304195 -0.745576 2
18.885086 5.304195 -0.745576 2
18.885086 5.304195 -0.745576 2
18.731201 0.799493 -2.025019 2
18.731201 0.799493 -2.025019 2
18.731201 0.799493 -2.025019 2
18.731201 0.799493 -2.025019 2
18.731201 0.799493 -2.025019 2
18.731201 0.799493 -2.025019 2
18.731201 0.799493 -2.025019 2
18.731201 0.799493 -2.025019 2
16.121859 2.538283 -0.967708 2
16.613617 1.897782 -2.194462 2
16.613617 1.897782 -2.194462 2
16.287399 2.222003 -1.917096 2
16.287399 2.222003 -1.917096 2
16.287399 2.222003 -1.917096 2
16.287399 2.222003 -1.917096 2
16.287399 2.222003 -1.917096 2
16.959587 2.362668 -1.285925 2
16.959587 2.362668 -1.285925 2
16.959587 2.362668 -1.285925 2
16.959587 2.362668 -1.285925 2
16.959587 2.362668 -1.285925 2
16.959587 2.362668 -1.285925 2
16.959587 2.362668 -1.285925 2
16.959587 2.362668 -1.285925 2
16.909487 2.442705 -1.073082 2
16.112036 0.724842 -2.756768 2
16.112036 0.724842 -2.756768 2
16.112036 0.724842 -2.756768 2
16.112036 0.724842 -2.756768 2
16.739233 2.304113 -1.023939 2
16.199909 1.979860 -1.963912 2
16.199909 1.979860 -1.963912 2
16.913052 2.183980 -1.207994 2
16.913052 2.183980 -1.207994 2
16.913052 2.183980 -1.207994 2
15.960415 2.149202 -1.866931 2
15.960415 2.149202 -1.866931 2
16.544552 2.752192 -1.170741 2
16.544552 2.752192 -1.170741 2
16.544552 2.752192 -1.170741 2
16.544552 2.752192 -1.170741 2
12.601462 2.265262 -2.421188 2
10.174192 2.900237 -1.421472 2
10.174192 2.900237 -1.421472 2
10.174192 2.900237 -1.421472 2
3.468725 1.971169 -2.187140 2
3.468725 1.971169 -2.187140 2
2.140164 1.091308 -1.978849 2
2.140164 1.091308 -1.978849 2
2.140164 1.091308 -1.978849 2
2.140164 1.091308 -1.978849 2
0.282060 5.533685 -2.853408 2
-0.019103 1.386095 -2.200283 2
1.492178 1.255340 -2.006260 2
0.871414 2.629222 -1.645640 2
0.895595 4.163330 -0.921504 2
0.696644 1.748647 -2.724087 2
1.382136 1.321511 -2.546594 2
-0.884424 3.704027 -0.589238 2
1.913534 3.737722 -0.584432 2
1.913534 3.737722 -0.584432 2
2.201300 2.723430 -2.896523 2
0.827312 0.710221 -1.854107 2
0.734168 4.143910 -2.745961 2
2.058337 3.195092 -0.969876 2
2.058337 3.195092 -0.969876 2
1.621949 2.627866 -2.830640 2
0.133974 1.722011 -2.115461 2
1.104627 0.967286 -2.093869 2
0.830978 1.751319 -2.396007 2
0.606502 2.441136 -2.193964 2
0.606502 2.441136 -2.193964 2
1.189256 2.521945 -1.725586 2
0.055810 2.784992 -1.437705 2
1.210071 1.674419 -2.094698 2
0.807149 2.301475 -1.680733 2
1.732441 2.399928 -2.189937 2
0.702873 2.105174 -2.007029 2
-0.376883 2.369084 -1.552168 2
1.354695 0.824154 -1.553091 2
2.234663 4.944149 -1.599098 2
1.117981 3.646133 -1.952075 2
0.575857 2.669325 -1.893438 2
1.969241 3.077669 -2.715742 2
0.879710 0.334524 -2.220063 2
0.879710 0.334524 -2.220063 2
0.879710 0.334524 -2.220063 2
1.782843 2.900907 -2.470718 2
0.645025 -0.035182 -2.337987 2
0.027082 2.383469 -1.379063 2
0.027082 2.383469 -1.379063 2
0.027082 2.383469 -1.379063 2
0.693375 1.667136 -2.437495 2
0.990318 1.899734 -2.344772 2
0.125351 1.916108 -2.634877 2
1.368714 2.004175 -1.962989 2
1.785120 2.961781 -1.558797 2
0.210979 3.324781 -1.186401 2
1.282114 2.348983 -2.352257 2
-0.537410 2.314018 -1.558531 2
1.148957 1.784265 -1.808100 2
1.190231 2.231238 -1.521752 2
0.400903 3.359638 -1.210722 2
0.921693 2.383418 -2.234995 2
-0.006016 3.567623 -3.361702 2
2.123445 3.818903 -1.509125 2
2.050066 3.196261 -1.662052 2
2.379522 5.991260 -2.702388 2
1.182962 1.745797 -2.317228 2
1.543761 2.632806 -1.774135 2
1.471836 4.481201 -3.339980 2
2.005377 3.224501 -0.858889 2
2.005377 3.224501 -0.858889 2
1.879170 2.140084 -2.375287 2
1.207023 2.196686 -2.047280 2
0.340997 2.106593 -1.588174 2
0.553585 3.279134 -1.405092 2
0.553585 3.279134 -1.405092 2
0.553585 3.279134 -1.405092 2
0.852257 2.164863 -1.846227 2
1.017156 1.254106 -1.660336 2
1.750444 2.217316 -2.047671 2
1.750444 2.217316 -2.047671 2
1.750444 2.217316 -2.047671 2
0.988215 2.212371 -1.900957 2
0.140547 1.413049 -2.458679 2
1.115855 1.419713 -2.059991 2
3.117650 5.157398 -1.847703 2
1.808419 4.153185 -1.037739 2
-0.000272 1.543861 -1.884706 2
1.807539 1.521840 -1.639014 2
2.054785 3.575834 -1.323073 2
1.790086 3.167522 -1.555986 2
1.790086 3.167522 -1.555986 2
1.790086 3.167522 -1.555986 2
1.342830 0.172898 -2.362663 2
-1.757292 4.322384 -1.596849 2
-0.131363 2.858838 -1.286166 2
-0.131363 2.858838 -1.286166 2
1.281093 1.977368 -2.178130 2
0.633997 0.654218 -2.092741 2
0.877143 1.459392 -1.897537 2
1.856291 2.000112 -2.237871 2
1.856291 2.000112 -2.237871 2
5.590804 3.581525 0.098756 2
5.590804 3.581525 0.098756 2
5.590804 3.581525 0.098756 2
13.188927 3.024589 -1.140636 2
13.188927 3.024589 -1.140636 2
13.188927 3.024589 -1.140636 2
17.704584 2.345815 -2.035936 2
18.932014 0.781779 -2.602862 2
18.932014 0.781779 -2.602862 2
18.932014 0.781779 -2.602862 2
18.932014 0.781779 -2.602862 2
16.858904 2.247709 -1.039872 2
16.100616 2.058934 -1.755816 2
16.100616 2.058934 -1.755816 2
16.100616 2.058934 -1.755816 2
16.100616 2.058934 -1.755816 2
16.446074 3.422343 -1.027830 2
16.018576 3.392353 -2.365957 2
16.018576 3.392353 -2.365957 2
17.084126 2.645775 -2.818383 2
18.160408 4.789744 -1.264055 2
18.930502 4.918884 -0.729287 2
17.249397 2.020963 -2.114221 2
17.249397 2.020963 -2.114221 2
16.897417 2.120834 -2.278009 2
16.897417 2.120834 -2.278009 2
16.897417 2.120834 -2.278009 2
16.897417 2.120834 -2.278009 2
16.897417 2.120834 -2.278009 2
16.897417 2.120834 -2.278009 2
16.897417 2.120834 -2.278009 2
16.897417 2.120834 -2.278009 2
16.897417 2.120834 -2.278009 2
16.489611 2.180172 -2.227138 2
17.699677 0.411843 -1.670550 2
17.001150 4.020144 -1.786990 2
17.001150 4.020144 -1.786990 2
16.320372 3.257053 -1.284829 2
16.469378 2.090917 -2.269067 2
16.469378 2.090917 -2.269067 2
16.806955 2.185842 -1.065896 2
17.680138 3.424936 -0.867942 2
17.680138 3.424936 -0.867942 2
16.573736 2.021866 -2.226068 2
16.573736 2.021866 -2.226068 2
17.177259 3.078800 -1.742337 2
18.280910 4.072100 -1.382495 2
18.280910 4.072100 -1.382495 2
16.968769 2.321033 -1.278571 2
19.828114 4.470032 -0.862077 2
17.057878 3.893529 -1.692879 2
19.692972 1.671894 -1.476177 2
19.692972 1.671894 -1.476177 2
19.692972 1.671894 -1.476177 2
19.692972 1.671894 -1.476177 2
19.692972 1.671894 -1.476177 2
17.236181 3.794232 -1.859064 2
17.236181 3.794232 -1.859064 2
17.236181 3.794232 -1.859064 2
16.060957 2.180966 -1.958709 2
18.389072 0.145858 -1.504248 2
17.365398 3.020952 -2.019863 2
18.456911 4.827507 -1.496746 2
18.045256 4.997449 -0.120725 2
15.975214 3.401127 -2.369544 2
16.545910 3.134583 -1.366161 2
16.317225 3.180595 -2.463350 2
16.317225 3.180595 -2.463350 2
18.134964 4.816247 -0.137625 2
16.764185 2.166740 -2.052061 2
18.950493 1.848311 -1.761237 2
18.950493 1.848311 -1.761237 2
18.950493 1.848311 -1.761237 2
18.950493 1.848311 -1.761237 2
18.950493 1.848311 -1.761237 2
16.528172 3.045157 -2.330819 2
16.528172 3.045157 -2.330819 2
16.528172 3.045157 -2.330819 2
17.169762 3.122274 -1.550531 2
16.901272 2.033417 -2.202655 2
16.489624 2.061675 -2.161791 2
16.489624 2.061675 -2.161791 2
16.152723 3.236969 -2.420663 2
17.947601 4.989787 -0.081428 2
17.947601 4.989787 -0.081428 2
16.338772 3.342231 -2.625815 2
16.338772 3.342231 -2.625815 2
16.737123 2.826252 -2.161706 2
18.192142 4.379609 -1.341788 2
18.192142 4.379609 -1.341788 2
18.192142 4.379609 -1.341788 2
18.192142 4.379609 -1.341788 2
21.112602 4.287937 -0.196648 2
18.312025 4.126360 -1.385658 2
18.312025 4.126360 -1.385658 2
16.603100 2.738379 -1.129856 2
16.164558 3.089060 -2.392763 2
18.137197 0.580252 -1.382624 2
18.137197 0.580252 -1.382624 2
18.137197 0.580252 -1.382624 2
18.137197 0.580252 -1.382624 2
6.764295 2.203396 -2.310739 2
6.927006 0.882132 0.249172 2
6.927006 0.882132 0.249172 2
4.339246 1.058766 -2.749975 2
2.638705 2.018119 -0.902171 2
0.818771 4.499451 -2.282949 2
-0.802166 3.692121 -1.789555 2
2.078711 1.641903 -2.289231 2
2.293101 3.261604 -1.292610 2
2.293101 3.261604 -1.292610 2
1.989092 5.231177 -2.203406 2
1.396520 1.227597 -3.258413 2
1.656147 3.907434 -0.310631 2
1.656147 3.907434 -0.310631 2
1.656147 3.907434 -0.310631 2
1.656147 3.907434 -0.310631 2
0.282102 0.642188 -2.357158 2
-0.166791 2.644408 -2.574587 2
-0.166791 2.644408 -2.574587 2
-0.166791 2.644408 -2.574587 2
-0.166791 2.644408 -2.574587 2
1.862833 3.080000 -2.455746 2
0.126550 1.956653 -2.823364 2
1.588101 1.670425 -2.181747 2
1.676640 2.374290 -1.731835 2
1.676640 2.374290 -1.731835 2
0.024383 3.476869 -2.595054 2
0.188155 0.940984 -2.695171 2
1.527907 2.268570 -1.629438 2
1.527907 2.268570 -1.629438 2
1.527907 2.268570 -1.629438 2
1.204309 2.273447 -2.248860 2
-0.022470 3.459177 -3.636445 2
1.817612 3.284768 -2.030893 2
2.672544 4.248465 -1.045876 2
2.672544 4.248465 -1.045876 2
1.323422 2.475445 -2.177660 2
1.340020 2.485132 -1.959273 2
0.418126 3.327739 -0.485388 2
0.418126 3.327739 -0.485388 2
0.418126 3.327739 -0.485388 2
0.418126 3.327739 -0.485388 2
0.740751 -0.347815 -2.199924 2
0.740751 -0.347815 -2.199924 2
0.740751 -0.347815 -2.199924 2
0.740751 -0.347815 -2.199924 2
0.740751 -0.347815 -2.199924 2
0.980098 1.794908 -1.859679 2
0.321147 2.090386 -2.694911 2
2.014720 2.408254 -2.416356 2
2.014720 2.408254 -2.416356 2
0.680656 3.382952 -2.291507 2
0.831749 1.856692 -1.835523 2
0.234376 1.348777 -2.531061 2
1.775781 2.551544 -1.820411 2
1.775781 2.551544 -1.820411 2
1.775781 2.551544 -1.820411 2
0.819627 3.549650 -1.853473 2
0.226016 3.539866 -3.447491 2
0.226016 3.539866 -3.447491 2
0.740034 4.337108 -1.377457 2
0.740034 4.337108 -1.377457 2
0.740034 4.337108 -1.377457 2
1.630862 2.218589 -1.711967 2
2.938138 4.437330 -0.539857 2
2.938138 4.437330 -0.539857 2
2.938138 4.437330 -0.539857 2
2.938138 4.437330 -0.539857 2
0.899777 -0.329789 -2.293526 2
0.559277 1.176175 -2.925580 2
0.559277 1.176175 -2.925580 2
0.559277 1.176175 -2.925580 2
0.559277 1.176175 -2.925580 2
1.221867 2.179411 -2.487589 2
0.083187 2.183627 -2.882047 2
0.083187 2.183627 -2.882047 2
0.083187 2.183627 -2.882047 2
0.083187 2.183627 -2.882047 2
1.455969 2.140025 -2.388783 2
-0.030563 1.346611 -2.692062 2
-0.030563 1.346611 -2.692062 2
-0.030563 1.346611 -2.692062 2
-0.030563 1.346611 -2.692062 2
-0.293780 3.196043 -2.276832 2
-0.143868 3.699155 -3.623843 2
2.089431 3.547174 -2.056421 2
2.477939 3.532715 -1.718702 2
2.477939 3.532715 -1.718702 2
1.383490 1.642917 -2.131695 2
1.519188 2.469015 -1.856562 2
0.833167 4.633873 -3.045156 2
0.833167 4.633873 -3.045156 2
0.833167 4.633873 -3.045156 2
0.833167 4.633873 -3.045156 2
0.590207 0.467189 -1.921141 2
1.855677 1.111653 -2.870849 2
4.186297 2.086390 -1.588333 2
4.186297 2.086390 -1.588333 2
4.186297 2.086390 -1.588333 2
4.186297 2.086390 -1.588333 2
4.186297 2.086390 -1.588333 2
18.990704 2.588427 -0.910022 2
18.990704 2.588427 -0.910022 2
18.990704 2.588427 -0.910022 2
18.990704 2.588427 -0.910022 2
18.990704 2.588427 -0.910022 2
18.990704 2.588427 -0.910022 2
26.792707 -0.262763 -4.388680 2
25.729727 4.319943 -2.437057 2
25.729727 4.319943 -2.437057 2
25.729727 4.319943 -2.437057 2
25.729727 4.319943 -2.437057 2
26.264885 4.336024 -2.054162 2
25.642769 4.453794 -1.959254 2
25.370008 4.585405 -0.819263 2
25.370008 4.585405 -0.819263 2
25.370008 4.585405 -0.819263 2
25.345858 2.968913 -2.174016 2
25.345858 2.968913 -2.174016 2
25.257692 4.046203 -1.255203 2
25.257692 4.046203 -1.255203 2
25.257692 4.046203 -1.255203 2
25.325777 3.202696 -1.446378 2
25.325777 3.202696 -1.446378 2
25.325777 3.202696 -1.446378 2
25.325777 3.202696 -1.446378 2
25.325777 3.202696 -1.446378 2
25.325777 3.202696 -1.446378 2
25.325777 3.202696 -1.446378 2
25.621433 3.391752 -1.463123 2
25.621433 3.391752 -1.463123 2
25.621433 3.391752 -1.463123 2
25.621433 3.391752 -1.463123 2
25.621433 3.391752 -1.463123 2
24.380476 2.514171 -2.188149 2
24.380476 2.514171 -2.188149 2
22.087845 0.968616 -3.919658 2
22.087845 0.968616 -3.919658 2
24.075323 -1.003638 -4.575676 2
27.259449 -0.876140 -4.178736 2
26.107723 3.796071 -1.208640 2
26.107723 3.796071 -1.208640 2
26.107723 3.796071 -1.208640 2
26.107723 3.796071 -1.208640 2
26.107723 3.796071 -1.208640 2
26.107723 3.796071 -1.208640 2
26.107723 3.796071 -1.208640 2
24.361710 -1.779263 -4.872916 2
27.252136 -1.591663 -4.420035 2
27.252136 -1.591663 -4.420035 2
26.348963 3.492053 -0.662672 2
26.348963 3.492053 -0.662672 2
23.027220 0.186454 -3.646725 2
23.027220 0.186454 -3.646725 2
24.615191 -1.061026 -4.259520 2
22.239035 0.784388 -3.727019 2
25.936495 4.242981 -1.755093 2
25.936495 4.242981 -1.755093 2
25.936495 4.242981 -1.755093 2
25.604849 3.086096 -1.401105 2
25.604849 3.086096 -1.401105 2
24.884256 3.030221 -1.828089 2
24.884256 3.030221 -1.828089 2
24.884256 3.030221 -1.828089 2
24.865208 2.050164 -1.648604 2
24.865208 2.050164 -1.648604 2
24.865208 2.050164 -1.648604 2
24.865208 2.050164 -1.648604 2
24.865208 2.050164 -1.648604 2
24.865208 2.050164 -1.648604 2
24.865208 2.050164 -1.648604 2
24.696644 2.624793 -2.036002 2
22.835648 0.260073 -3.120031 2
22.835648 0.260073 -3.120031 2
22.835648 0.260073 -3.120031 2
24.530741 -0.933630 -4.920799 2
25.790144 4.413004 -1.236171 2
25.790144 4.413004 -1.236171 2
24.416389 -1.413393 -5.050869 2
24.416389 -1.413393 -5.050869 2
22.037565 1.030292 -3.907734 2
22.037565 1.030292 -3.907734 2
25.865007 3.649556 -1.021186 2
25.865007 3.649556 -1.021186 2
25.865007 3.649556 -1.021186 2
25.865007 3.649556 -1.021186 2
25.865007 3.649556 -1.021186 2
25.865007 3.649556 -1.021186 2
25.865007 3.649556 -1.021186 2
25.865007 3.649556 -1.021186 2
25.865007 3.649556 -1.021186 2
25.865007 3.649556 -1.021186 2
26.121864 3.312491 -0.305278 2
26.121864 3.312491 -0.305278 2
22.854223 0.579467 -4.616906 2
22.854223 0.579467 -4.616906 2
24.289440 2.868548 -2.534528 2
26.259722 3.839937 -1.338776 2
26.259722 3.839937 -1.338776 2
17.954136 1.506416 -3.893450 2
17.954136 1.506416 -3.893450 2
15.069816 2.070429 -2.240782 2
15.069816 2.070429 -2.240782 2
9.371243 -0.114007 -1.716492 2
7.685461 4.856301 -0.974558 2
2.138082 4.368253 -1.002884 2
2.138082 4.368253 -1.002884 2
5.698565 -0.884335 -1.766544 2
5.698565 -0.884335 -1.766544 2
5.698565 -0.884335 -1.766544 2
1.507589 0.128028 -2.227826 2
-0.566657 2.082479 -3.714365 2
0.962744 3.277277 -0.897993 2
0.962744 3.277277 -0.897993 2
0.962744 3.277277 -0.897993 2
1.318503 2.123407 -3.049931 2
0.029345 2.223097 -2.464017 2
0.029345 2.223097 -2.464017 2
0.258969 0.432282 -1.838367 2
0.258969 0.432282 -1.838367 2
0.828292 2.418326 -2.089872 2
-0.194178 1.187466 -2.683030 2
1.254002 3.345877 -1.434081 2
1.254002 3.345877 -1.434081 2
1.254002 3.345877 -1.434081 2
0.439284 1.282426 -2.889049 2
0.439284 1.282426 -2.889049 2
0.610505 2.230381 -1.752760 2
0.610505 2.230381 -1.752760 2
2.132924 3.389738 -1.870424 2
2.132924 3.389738 -1.870424 2
0.846139 1.754913 -1.642383 2
1.094141 0.534491 -1.993836 2
-0.242446 3.066539 -1.552402 2
-0.242446 3.066539 -1.552402 2
-0.242446 3.066539 -1.552402 2
-0.242446 3.066539 -1.552402 2
1.168546 1.964405 -2.344419 2
-0.170162 2.164650 -2.892581 2
0.802289 2.281011 -2.041238 2
0.802289 2.281011 -2.041238 2
0.802289 2.281011 -2.041238 2
1.127129 2.634421 -2.170729 2
-0.270757 1.336007 -2.646975 2
1.993435 3.251047 -0.813154 2
1.993435 3.251047 -0.813154 2
1.993435 3.251047 -0.813154 2
1.993435 3.251047 -0.813154 2
-0.180949 1.820937 -1.243813 2
2.673368 4.568167 -1.194278 2
2.673368 4.568167 -1.194278 2
2.673368 4.568167 -1.194278 2
2.673368 4.568167 -1.194278 2
0.382557 0.244433 -1.900556 2
0.382557 0.244433 -1.900556 2
0.382557 0.244433 -1.900556 2
0.382557 0.244433 -1.900556 2
9.891343 3.029625 -1.145048 2
9.891343 3.029625 -1.145048 2
9.891343 3.029625 -1.145048 2
17.832760 3.054471 -1.018432 2
17.832760 3.054471 -1.018432 2
17.832760 3.054471 -1.018432 2
17.832760 3.054471 -1.018432 2
17.832760 3.054471 -1.018432 2
17.832760 3.054471 -1.018432 2
17.832760 3.054471 -1.018432 2
17.832760 3.054471 -1.018432 2
17.832760 3.054471 -1.018432 2
17.832760 3.054471 -1.018432 2
17.832760 3.054471 -1.018432 2
17.832760 3.054471 -1.018432 2
17.832760 3.054471 -1.018432 2
17.832760 3.054471 -1.018432 2
22.713024 0.605982 -4.501505 2
22.713024 0.605982 -4.501505 2
22.306894 0.342642 -4.600802 2
22.306894 0.342642 -4.600802 2
22.306894 0.342642 -4.600802 2
22.306894 0.342642 -4.600802 2
22.306894 0.342642 -4.600802 2
25.822655 4.339760 -0.975525 2
25.822655 4.339760 -0.975525 2
25.822655 4.339760 -0.975525 2
25.822655 4.339760 -0.975525 2
22.750032 0.113421 -4.350536 2
22.750032 0.113421 -4.350536 2
22.750032 0.113421 -4.350536 2
25.370178 3.310061 -1.658789 2
24.462975 -1.510815 -4.996927 2
22.315882 0.502112 -3.959046 2
22.315882 0.502112 -3.959046 2
23.184505 -0.225804 -4.202141 2
23.184505 -0.225804 -4.202141 2
23.184505 -0.225804 -4.202141 2
22.042116 1.025802 -4.023286 2
22.042116 1.025802 -4.023286 2
24.212341 -1.022104 -4.900939 2
24.212341 -1.022104 -4.900939 2
25.968050 3.801418 -1.072997 2
25.968050 3.801418 -1.072997 2
25.968050 3.801418 -1.072997 2
25.968050 3.801418 -1.072997 2
25.968050 3.801418 -1.072997 2
25.968050 3.801418 -1.072997 2
25.968050 3.801418 -1.072997 2
25.968050 3.801418 -1.072997 2
25.968050 3.801418 -1.072997 2
25.968050 3.801418 -1.072997 2
26.126068 3.400605 -0.858949 2
26.126068 3.400605 -0.858949 2
26.126068 3.400605 -0.858949 2
26.126068 3.400605 -0.858949 2
25.598980 3.319107 -1.389070 2
26.158520 4.471787 -0.660495 2
26.463013 4.433628 -0.801764 2
26.463013 4.433628 -0.801764 2
26.463013 4.433628 -0.801764 2
25.626276 3.207862 -1.425460 2
25.626276 3.207862 -1.425460 2
25.167696 3.349044 -1.449856 2
25.167696 3.349044 -1.449856 2
25.167696 3.349044 -1.449856 2
25.167696 3.349044 -1.449856 2
25.167696 3.349044 -1.449856 2
25.703165 3.915318 -0.894391 2
25.703165 3.915318 -0.894391 2
25.703165 3.915318 -0.894391 2
25.703165 3.915318 -0.894391 2
25.703165 3.915318 -0.894391 2
25.267115 3.577910 -1.626206 2
25.267115 3.577910 -1.626206 2
25.267115 3.577910 -1.626206 2
25.267115 3.577910 -1.626206 2
25.267115 3.577910 -1.626206 2
22.903124 -0.273926 -4.579035 2
22.903124 -0.273926 -4.579035 2
21.780321 0.982337 -3.813910 2
21.780321 0.982337 -3.813910 2
26.892136 -0.978346 -3.944515 2
26.892136 -0.978346 -3.944515 2
24.394365 5.015986 -1.332785 2
24.394365 5.015986 -1.332785 2
24.394365 5.015986 -1.332785 2
24.394365 5.015986 -1.332785 2
24.394365 5.015986 -1.332785 2
25.930668 3.419851 -0.888058 2
25.930668 3.419851 -0.888058 2
25.930668 3.419851 -0.888058 2
25.930668 3.419851 -0.888058 2
26.113995 3.679045 -1.477256 2
26.209593 4.358133 -0.550401 2
26.209593 4.358133 -0.550401 2
22.464914 0.670324 -4.291883 2
22.464914 0.670324 -4.291883 2
19.813614 2.040231 -1.578510 2
19.813614 2.040231 -1.578510 2
19.813614 2.040231 -1.578510 2
14.512368 3.107333 -1.296464 2
14.512368 3.107333 -1.296464 2
9.196895 1.954392 -2.145874 2
9.196895 1.954392 -2.145874 2
9.196895 1.954392 -2.145874 2
9.196895 1.954392 -2.145874 2
1.950883 2.542175 -1.777378 2
0.016860 3.390146 -3.248690 2
0.016860 3.390146 -3.248690 2
0.016860 3.390146 -3.248690 2
0.016860 3.390146 -3.248690 2
0.854021 3.267691 -2.439660 2
-0.215543 2.044013 -3.847307 2
1.817802 2.626585 -1.949110 2
1.817802 2.626585 -1.949110 2
3.051926 6.381629 -1.685941 2
0.759844 2.025816 -2.800312 2
0.759844 2.025816 -2.800312 2
-0.658970 3.551347 -2.451955 2
-0.658970 3.551347 -2.451955 2
4.384936 6.677579 -2.796587 2
1.785463 3.315089 -2.533412 2
1.785463 3.315089 -2.533412 2
-0.179437 2.874952 -2.093409 2
-0.179437 2.874952 -2.093409 2
-0.179437 2.874952 -2.093409 2
-0.179437 2.874952 -2.093409 2
1.183883 2.358319 -2.144449 2
-0.129706 3.117427 -1.435160 2
1.486582 2.280895 -2.120458 2
1.486582 2.280895 -2.120458 2
1.486582 2.280895 -2.120458 2
1.662191 1.960810 -2.452635 2
0.379168 0.966020 -1.871762 2
2.115148 3.574999 -0.926024 2
2.741862 4.356984 -1.342710 2
1.526848 6.421605 -2.274325 2
1.271798 2.857074 -2.118021 2
1.271798 2.857074 -2.118021 2
-0.206593 2.239334 -0.775900 2
-0.206593 2.239334 -0.775900 2
-0.206593 2.239334 -0.775900 2
0.320346 0.672841 -1.730574 2
0.320346 0.672841 -1.730574 2
0.870204 2.880791 -1.417725 2
0.870204 2.880791 -1.417725 2
0.870204 2.880791 -1.417725 2
0.870204 2.880791 -1.417725 2
1.148001 0.352232 -2.149670 2
0.696506 1.202498 -1.625216 2
1.743373 2.531536 -2.262126 2
1.110672 2.826899 -1.189843 2
1.110672 2.826899 -1.189843 2
1.531433 -0.007492 -2.344177 2
0.110220 1.650376 -2.519892 2
1.741164 2.585354 -2.213337 2
2.099502 4.137877 -1.402536 2
0.616115 3.891187 -1.734443 2
1.016500 1.614709 -2.325219 2
1.016500 1.614709 -2.325219 2
1.965326 3.371755 -1.866600 2
1.965326 3.371755 -1.866600 2
1.965326 3.371755 -1.866600 2
1.965326 3.371755 -1.866600 2
1.226166 0.473924 -1.968081 2
-0.083223 2.896670 -1.564126 2
-0.083223 2.896670 -1.564126 2
-0.083223 2.896670 -1.564126 2
-0.083223 2.896670 -1.564126 2
0.828502 1.608223 -2.089342 2
0.173296 2.062023 -1.555634 2
1.729128 3.029047 -1.010490 2
1.729128 3.029047 -1.010490 2
1.729128 3.029047 -1.010490 2
1.980204 2.366758 -2.382956 2
-0.390816 2.246313 -1.565227 2
2.192341 2.939291 -0.920642 2
2.192341 2.939291 -0.920642 2
2.192341 2.939291 -0.920642 2
0.769865 1.660568 -2.327973 2
0.769865 1.660568 -2.327973 2
-0.086798 2.123343 -0.845915 2
-0.086798 2.123343 -0.845915 2
-0.086798 2.123343 -0.845915 2
1.082550 -0.182286 -2.077759 2
1.082550 -0.182286 -2.077759 2
0.227356 2.027009 -2.743874 2
0.227356 2.027009 -2.743874 2
0.227356 2.027009 -2.743874 2
0.227356 2.027009 -2.743874 2
0.772606 1.883591 -1.683399 2
1.519966 2.654361 -2.090994 2
1.519966 2.654361 -2.090994 2
1.519966 2.654361 -2.090994 2
1.519966 2.654361 -2.090994 2
1.022286 2.399613 -1.954633 2
-0.094134 2.332015 -1.602150 2
1.539586 2.160553 -2.061372 2
3.718760 5.321537 -2.014272 2
3.718760 5.321537 -2.014272 2
6.497762 2.438323 -0.902521 2
11.821916 0.908654 -2.331746 2
12.242713 2.694736 -1.423692 2
12.242713 2.694736 -1.423692 2
15.894329 10.802006 0.884753 2
15.894329 10.802006 0.884753 2
24.135973 -0.209393 -5.529311 2
24.135973 -0.209393 -5.529311 2
24.135973 -0.209393 -5.529311 2
24.135973 -0.209393 -5.529311 2
24.135973 -0.209393 -5.529311 2
24.135973 -0.209393 -5.529311 2
24.135973 -0.209393 -5.529311 2
24.135973 -0.209393 -5.529311 2
24.135973 -0.209393 -5.529311 2
24.135973 -0.209393 -5.529311 2
24.135973 -0.209393 -5.529311 2
24.135973 -0.209393 -5.529311 2
24.135973 -0.209393 -5.529311 2
24.135973 -0.209393 -5.529311 2
24.135973 -0.209393 -5.529311 2
24.135973 -0.209393 -5.529311 2
24.135973 -0.209393 -5.529311 2
24.135973 -0.209393 -5.529311 2
24.135973 -0.209393 -5.529311 2
24.135973 -0.209393 -5.529311 2
24.135973 -0.209393 -5.529311 2
24.135973 -0.209393 -5.529311 2
24.135973 -0.209393 -5.529311 2
24.135973 -0.209393 -5.529311 2
24.135973 -0.209393 -5.529311 2
24.135973 -0.209393 -5.529311 2
24.135973 -0.209393 -5.529311 2
24.135973 -0.209393 -5.529311 2
24.135973 -0.209393 -5.529311 2
24.135973 -0.209393 -5.529311 2
24.135973 -0.209393 -5.529311 2
24.135973 -0.209393 -5.529311 2
24.135973 -0.209393 -5.529311 2
24.135973 -0.209393 -5.529311 2
24.135973 -0.209393 -5.529311 2
24.135973 -0.209393 -5.529311 2
24.135973 -0.209393 -5.529311 2
24.135973 -0.209393 -5.529311 2
24.135973 -0.209393 -5.529311 2
24.135973 -0.209393 -5.529311 2
24.135973 -0.209393 -5.529311 2
24.135973 -0.209393 -5.529311 2
24.135973 -0.209393 -5.529311 2
24.135973 -0.209393 -5.529311 2
24.135973 -0.209393 -5.529311 2
24.135973 -0.209393 -5.529311 2
24.135973 -0.209393 -5.529311 2
24.135973 -0.209393 -5.529311 2
24.135973 -0.209393 -5.529311 2
24.135973 -0.209393 -5.529311 2
24.135973 -0.209393 -5.529311 2
24.135973 -0.209393 -5.529311 2
24.135973 -0.209393 -5.529311 2
24.135973 -0.209393 -5.529311 2
24.135973 -0.209393 -5.529311 2
24.135973 -0.209393 -5.529311 2
24.135973 -0.209393 -5.529311 2
24.135973 -0.209393 -5.529311 2
24.135973 -0.209393 -5.529311 2
24.135973 -0.209393 -5.529311 2
24.135973 -0.209393 -5.529311 2
24.135973 -0.209393 -5.529311 2
24.135973 -0.209393 -5.529311 2
24.135973 -0.209393 -5.529311 2
24.135973 -0.209393 -5.529311 2
24.135973 -0.209393 -5.529311 2
24.135973 -0.209393 -5.529311 2
24.135973 -0.209393 -5.529311 2
24.135973 -0.209393 -5.529311 2
24.135973 -0.209393 -5.529311 2
24.135973 -0.209393 -5.529311 2
24.135973 -0.209393 -5.529311 2
24.135973 -0.209393 -5.529311 2
24.135973 -0.209393 -5.529311 2
24.135973 -0.209393 -5.529311 2
24.135973 -0.209393 -5.529311 2
24.135973 -0.209393 -5.529311 2
24.135973 -0.209393 -5.529311 2
24.135973 -0.209393 -5.529311 2
24.135973 -0.209393 -5.529311 2
24.135973 -0.209393 -5.529311 2
24.135973 -0.209393 -5.529311 2
24.135973 -0.209393 -5.529311 2
24.135973 -0.209393 -5.529311 2
24.135973 -0.209393 -5.529311 2
24.135973 -0.209393 -5.529311 2
24.135973 -0.209393 -5.529311 2
24.135973 -0.209393 -5.529311 2
24.135973 -0.209393 -5.529311 2
24.135973 -0.209393 -5.529311 2
24.135973 -0.209393 -5.529311 2
24.135973 -0.209393 -5.529311 2
26.180376 0.687922 -4.387045 2
26.180376 0.687922 -4.387045 2
26.180376 0.687922 -4.387045 2
26.180376 0.687922 -4.387045 2
26.180376 0.687922 -4.387045 2
15.007322 2.880653 -2.336619 2
15.007322 2.880653 -2.336619 2
7.800197 2.833804 0.707348 2
7.800197 2.833804 0.707348 2
7.800197 2.833804 0.707348 2
7.800197 2.833804 0.707348 2
4.092476 0.170869 -2.383168 2
4.092476 0.170869 -2.383168 2
4.092476 0.170869 -2.383168 2
0.363385 3.994866 -3.200214 2
0.363385 3.994866 -3.200214 2
3.477687 4.952784 -0.092927 2
3.477687 4.952784 -0.092927 2
3.003957 6.833552 -1.727809 2
1.744451 3.170253 -3.727180 2
0.754369 2.000980 -3.141420 2
2.811394 2.358855 -0.761642 2
2.811394 2.358855 -0.761642 2
3.003641 3.157156 -2.880615 2
3.003641 3.157156 -2.880615 2
1.018818 0.931740 -1.732521 2
0.192278 2.356709 -1.158893 2
1.413332 2.643160 -1.313975 2
1.413332 2.643160 -1.313975 2
1.413332 2.643160 -1.313975 2
1.303402 0.314606 -2.445684 2
1.303402 0.314606 -2.445684 2
1.317101 1.591390 -1.611647 2
0.391891 2.419537 -1.947598 2
0.391891 2.419537 -1.947598 2
0.383807 1.094071 -1.465547 2
0.383807 1.094071 -1.465547 2
2.758636 4.859931 -1.934569 2
2.758636 4.859931 -1.934569 2
0.748197 3.425258 -1.569709 2
0.749640 1.537248 -2.370629 2
0.749640 1.537248 -2.370629 2
2.166267 3.416486 -1.609572 2
2.166267 3.416486 -1.609572 2
4.446640 7.660038 -2.556880 2
4.446640 7.660038 -2.556880 2
1.086871 0.621151 -2.251763 2
1.086871 0.621151 -2.251763 2
0.602724 1.740788 -1.606496 2
0.602724 1.740788 -1.606496 2
0.602724 1.740788 -1.606496 2
0.319654 1.581517 -1.710776 2
0.319654 1.581517 -1.710776 2
0.544012 2.497947 -2.048801 2
0.544012 2.497947 -2.048801 2
0.544012 2.497947 -2.048801 2
-0.042765 1.082425 -1.857925 2
-0.042765 1.082425 -1.857925 2
1.875878 3.858365 -2.212971 2
1.875878 3.858365 -2.212971 2
1.875878 3.858365 -2.212971 2
1.875878 3.858365 -2.212971 2
1.875878 3.858365 -2.212971 2
1.875878 3.858365 -2.212971 2
1.875878 3.858365 -2.212971 2
1.875878 3.858365 -2.212971 2
1.875878 3.858365 -2.212971 2
0.434988 1.348611 -2.107255 2
0.434988 1.348611 -2.107255 2
2.691179 1.886226 -1.385778 2
2.691179 1.886226 -1.385778 2
2.691179 1.886226 -1.385778 2
0.719784 0.791145 -2.045061 2
0.719784 0.791145 -2.045061 2
1.180345 1.740366 -1.644176 2
1.180345 1.740366 -1.644176 2
1.180345 1.740366 -1.644176 2
0.534556 1.266923 -1.608684 2
0.534556 1.266923 -1.608684 2
0.928810 2.106497 -2.173957 2
0.928810 2.106497 -2.173957 2
0.928810 2.106497 -2.173957 2
0.197652 1.247428 -1.584895 2
0.197652 1.247428 -1.584895 2
1.954327 3.956409 -1.721296 2
1.954327 3.956409 -1.721296 2
-0.746569 3.290241 -2.549011 2
-0.746569 3.290241 -2.549011 2
0.734198 1.850940 -2.440049 2
1.036515 1.568630 -2.094891 2
0.888050 1.842263 -1.547187 2
0.888050 1.842263 -1.547187 2
0.888050 1.842263 -1.547187 2
0.201214 1.530438 -1.642351 2
0.201214 1.530438 -1.642351 2
0.201214 1.530438 -1.642351 2
1.330828 2.824608 -1.551215 2
1.330828 2.824608 -1.551215 2
0.379866 1.258909 -1.955188 2
0.379866 1.258909 -1.955188 2
2.271543 3.013318 -1.604012 2
2.271543 3.013318 -1.604012 2
2.271543 3.013318 -1.604012 2
10.174747 3.035507 -1.899061 2
10.174747 3.035507 -1.899061 2
22.897697 14.775520 5.468427 2
22.897697 14.775520 5.468427 2
22.897697 14.775520 5.468427 2
22.897697 14.775520 5.468427 2
22.897697 14.775520 5.468427 2
22.897697 14.775520 5.468427 2
22.897697 14.775520 5.468427 2
22.897697 14.775520 5.468427 2
22.897697 14.775520 5.468427 2
22.897697 14.775520 5.468427 2
33.805481 5.622736 -0.663756 2
33.805481 5.622736 -0.663756 2
33.805481 5.622736 -0.663756 2
33.805481 5.622736 -0.663756 2
33.805481 5.622736 -0.663756 2
33.805481 5.622736 -0.663756 2
33.805481 5.622736 -0.663756 2
33.805481 5.622736 -0.663756 2
33.805481 5.622736 -0.663756 2
33.805481 5.622736 -0.663756 2
33.805481 5.622736 -0.663756 2
33.805481 5.622736 -0.663756 2
33.805481 5.622736 -0.663756 2
33.805481 5.622736 -0.663756 2
33.805481 5.622736 -0.663756 2
33.805481 5.622736 -0.663756 2
33.805481 5.622736 -0.663756 2
33.805481 5.622736 -0.663756 2
33.805481 5.622736 -0.663756 2
33.805481 5.622736 -0.663756 2
33.805481 5.622736 -0.663756 2
33.805481 5.622736 -0.663756 2
33.805481 5.622736 -0.663756 2
33.805481 5.622736 -0.663756 2
33.805481 5.622736 -0.663756 2
33.805481 5.622736 -0.663756 2
33.805481 5.622736 -0.663756 2
32.327511 5.866530 -1.342767 2
32.327511 5.866530 -1.342767 2
32.327511 5.866530 -1.342767 2
32.327511 5.866530 -1.342767 2
32.327511 5.866530 -1.342767 2
32.327511 5.866530 -1.342767 2
32.327511 5.866530 -1.342767 2
32.327511 5.866530 -1.342767 2
32.327511 5.866530 -1.342767 2
32.327511 5.866530 -1.342767 2
32.327511 5.866530 -1.342767 2
32.327511 5.866530 -1.342767 2
32.327511 5.866530 -1.342767 2
32.327511 5.866530 -1.342767 2
32.327511 5.866530 -1.342767 2
32.327511 5.866530 -1.342767 2
32.327511 5.866530 -1.342767 2
32.327511 5.866530 -1.342767 2
32.327511 5.866530 -1.342767 2
32.327511 5.866530 -1.342767 2
32.327511 5.866530 -1.342767 2
32.327511 5.866530 -1.342767 2
32.327511 5.866530 -1.342767 2
32.327511 5.866530 -1.342767 2
32.327511 5.866530 -1.342767 2
32.327511 5.866530 -1.342767 2
32.327511 5.866530 -1.342767 2
32.327511 5.866530 -1.342767 2
32.327511 5.866530 -1.342767 2
32.327511 5.866530 -1.342767 2
32.327511 5.866530 -1.342767 2
32.327511 5.866530 -1.342767 2
32.327511 5.866530 -1.342767 2
32.327511 5.866530 -1.342767 2
32.327511 5.866530 -1.342767 2
32.327511 5.866530 -1.342767 2
32.327511 5.866530 -1.342767 2
32.327511 5.866530 -1.342767 2
32.327511 5.866530 -1.342767 2
32.327511 5.866530 -1.342767 2
32.327511 5.866530 -1.342767 2
32.327511 5.866530 -1.342767 2
32.327511 5.866530 -1.342767 2
32.327511 5.866530 -1.342767 2
32.327511 5.866530 -1.342767 2
32.327511 5.866530 -1.342767 2
32.327511 5.866530 -1.342767 2
33.503128 6.225965 -0.513442 2
33.503128 6.225965 -0.513442 2
33.503128 6.225965 -0.513442 2
33.503128 6.225965 -0.513442 2
33.503128 6.225965 -0.513442 2
33.503128 6.225965 -0.513442 2
33.503128 6.225965 -0.513442 2
33.503128 6.225965 -0.513442 2
33.503128 6.225965 -0.513442 2
33.503128 6.225965 -0.513442 2
33.503128 6.225965 -0.513442 2
33.503128 6.225965 -0.513442 2
33.503128 6.225965 -0.513442 2
19.423235 5.164693 -0.733092 2
22.064701 11.147092 -0.214080 2
22.064701 11.147092 -0.214080 2
22.064701 11.147092 -0.214080 2
9.509563 4.213596 0.091345 2
7.722360 0.126746 -1.744858 2
7.722360 0.126746 -1.744858 2
2.841424 1.316020 -1.991843 2
4.614966 2.796938 -1.148149 2
4.614966 2.796938 -1.148149 2
4.614966 2.796938 -1.148149 2
0.748424 3.416982 -4.342339 2
3.068763 3.690621 -2.404171 2
2.019016 3.118788 -0.526183 2
4.160307 7.822583 -0.973579 2
4.160307 7.822583 -0.973579 2
1.356913 -0.599380 -2.648983 2
-0.296343 2.632935 -1.669490 2
-0.296343 2.632935 -1.669490 2
-0.296343 2.632935 -1.669490 2
-0.296343 2.632935 -1.669490 2
1.028022 0.911699 -2.472332 2
0.010604 2.489418 -1.241683 2
1.525019 2.022185 -2.421630 2
1.525019 2.022185 -2.421630 2
1.525019 2.022185 -2.421630 2
1.525019 2.022185 -2.421630 2
-0.005011 1.669454 -2.527161 2
1.609647 1.809831 -2.397845 2
1.609647 1.809831 -2.397845 2
2.420669 4.724403 -1.084933 2
0.132563 1.961597 -2.257240 2
0.983776 1.680625 -1.705926 2
0.695576 4.454724 -1.520464 2
1.633221 2.976245 -1.894039 2
1.633221 2.976245 -1.894039 2
0.180435 1.543800 -2.218606 2
0.987486 1.731467 -2.450563 2
2.351615 2.793363 -1.679206 2
0.719226 5.514682 -1.730329 2
0.719226 5.514682 -1.730329 2
0.719226 5.514682 -1.730329 2
1.260025 0.058447 -2.294461 2
0.472765 3.233503 -2.276700 2
0.828998 2.291115 -1.570895 2
0.828998 2.291115 -1.570895 2
0.828998 2.291115 -1.570895 2
1.653175 0.419338 -2.659863 2
0.425658 1.278864 -1.607111 2
0.905788 2.333798 -1.936853 2
1.475707 2.707927 -1.670230 2
1.475707 2.707927 -1.670230 2
1.495380 0.892923 -2.566710 2
0.156210 0.977213 -1.767790 2
1.035920 2.156487 -1.972498 2
1.633029 2.832760 -1.388635 2
3.118881 5.869746 -1.484910 2
0.374753 1.772442 -2.492531 2
0.645679 1.538267 -2.291516 2
-0.576762 2.473231 -0.714783 2
0.586809 6.426411 -1.666262 2
0.586809 6.426411 -1.666262 2
0.505226 1.856030 -1.915663 2
0.334213 0.819345 -2.160823 2
0.212172 1.922998 -0.876225 2
2.567044 2.331213 -1.236106 2
2.567044 2.331213 -1.236106 2
2.567044 2.331213 -1.236106 2
0.907610 0.646360 -1.991695 2
0.585237 1.562206 -1.530951 2
1.119896 2.144525 -1.575478 2
1.119896 2.144525 -1.575478 2
1.119896 2.144525 -1.575478 2
1.568878 -0.158137 -2.337863 2
0.634994 1.247967 -1.570709 2
0.634994 1.247967 -1.570709 2
0.634994 1.247967 -1.570709 2
0.634994 1.247967 -1.570709 2
1.790764 -0.610617 -2.479405 2
0.196731 1.124485 -1.517002 2
1.438363 2.466481 -2.222232 2
2.111704 4.425154 -1.550918 2
2.111704 4.425154 -1.550918 2
0.551453 1.098717 -2.309475 2
0.804532 1.560432 -2.307549 2
2.667372 4.140687 -2.079854 2
0.377631 5.071069 -1.951173 2
0.377631 5.071069 -1.951173 2
