0.000000 0.000000 0.000000 2
0.000000 0.000000 0.000000 2
2.563789 2.708596 -1.713238 2
2.787069 2.637378 -2.111559 2
2.637705 2.401510 -1.798054 2
1.101639 0.793203 -0.550127 2
2.465599 2.569729 -1.871887 2
2.689495 1.837869 -2.090555 2
2.689495 1.837869 -2.090555 2
2.689495 1.837869 -2.090555 2
2.689495 1.837869 -2.090555 2
2.689495 1.837869 -2.090555 2
2.711632 1.540709 -2.109983 2
2.649083 2.484487 -1.836171 2
2.638380 2.416425 -1.858642 2
2.634762 2.405092 -1.812213 2
2.690187 2.528594 -1.851474 2
2.614821 2.510631 -1.809719 2
2.614821 2.510631 -1.809719 2
2.551652 2.552767 -1.759306 2
2.597576 2.493334 -1.809209 2
2.597576 2.493334 -1.809209 2
2.506977 2.414253 -1.819562 2
2.506977 2.414253 -1.819562 2
2.610476 2.543656 -1.816197 2
2.610476 2.543656 -1.816197 2
2.896579 2.120406 -2.355500 2
2.521968 2.472479 -1.898554 2
2.531394 2.655569 -1.761278 2
2.575537 2.550610 -1.853736 2
2.711709 2.501744 -2.044233 2
1.044436 0.755764 -0.585967 2
1.044436 0.755764 -0.585967 2
2.642016 2.336143 -1.825118 2
2.728812 1.523329 -1.735406 2
2.678659 2.318255 -1.857503 2
2.602544 2.716108 -1.884410 2
2.723015 2.640955 -1.872167 2
2.723015 2.640955 -1.872167 2
2.723015 2.640955 -1.872167 2
2.919945 1.918924 -1.981724 2
2.915091 1.823068 -2.052356 2
2.493670 2.569399 -1.785570 2
2.122919 1.871618 -1.774396 2
2.561880 2.326827 -1.865829 2
2.559903 2.544930 -1.849438 2
2.559903 2.544930 -1.849438 2
2.551543 2.588580 -1.895576 2
2.574717 2.651650 -1.821519 2
2.422127 2.547977 -1.821456 2
2.581562 2.594341 -1.809969 2
2.581562 2.594341 -1.809969 2
2.487360 2.705416 -1.873224 2
2.487360 2.705416 -1.873224 2
2.456652 2.627916 -1.798516 2
2.456652 2.627916 -1.798516 2
2.540739 2.676190 -1.856466 2
2.448141 2.680624 -1.853123 2
2.673536 2.333161 -1.877169 2
2.527315 2.640589 -1.797634 2
2.527315 2.640589 -1.797634 2
2.558362 2.635238 -1.787378 2
2.558362 2.635238 -1.787378 2
2.558362 2.635238 -1.787378 2
2.558362 2.635238 -1.787378 2
2.558362 2.635238 -1.787378 2
2.558362 2.635238 -1.787378 2
2.540393 2.541259 -1.751189 2
2.563113 2.685728 -1.811987 2
2.563113 2.685728 -1.811987 2
1.033955 0.808872 -0.548689 2
2.578881 2.669390 -1.804260 2
2.578881 2.669390 -1.804260 2
2.435742 2.539156 -1.848780 2
2.541604 2.692449 -1.796617 2
2.553023 2.585024 -1.821086 2
2.580965 2.671360 -1.842113 2
2.626311 2.531264 -1.828086 2
2.626311 2.531264 -1.828086 2
1.131728 0.753121 -0.583134 2
1.131728 0.753121 -0.583134 2
1.131728 0.753121 -0.583134 2
1.131728 0.753121 -0.583134 2
2.521643 2.668887 -1.854011 2
2.521643 2.668887 -1.854011 2
2.468801 2.724956 -1.807287 2
2.489257 2.638385 -1.803503 2
2.543569 2.576810 -1.831017 2
2.543569 2.576810 -1.831017 2
2.557104 2.835356 -1.813726 2
2.637784 2.512625 -1.887083 2
2.542182 2.693954 -1.790257 2
2.541716 2.569097 -1.810242 2
2.541716 2.569097 -1.810242 2
2.621053 2.286824 -1.793236 2
2.621053 2.286824 -1.793236 2
2.544207 2.620919 -1.803641 2
2.544207 2.620919 -1.803641 2
2.578398 2.707661 -1.824745 2
2.621454 2.494195 -1.838946 2
2.621454 2.494195 -1.838946 2
2.792758 1.839791 -1.954674 2
2.792758 1.839791 -1.954674 2
2.620497 2.588985 -1.770469 2
2.589665 2.644893 -1.798579 2
2.718220 2.692094 -1.811814 2
0.993311 0.752339 -0.506174 2
2.719192 2.352525 -1.838717 2
2.719192 2.352525 -1.838717 2
2.719192 2.352525 -1.838717 2
2.661385 2.229397 -1.840235 2
2.446960 2.669186 -1.805745 2
2.519158 2.615476 -1.782605 2
2.658959 2.254817 -1.867916 2
2.515287 2.610631 -1.797866 2
2.570417 2.388036 -1.844858 2
2.570417 2.388036 -1.844858 2
2.647991 2.405253 -1.852327 2
2.647991 2.405253 -1.852327 2
2.647991 2.405253 -1.852327 2
2.647991 2.405253 -1.852327 2
2.557271 2.427132 -1.802637 2
2.526292 2.456973 -1.834283 2
2.526292 2.456973 -1.834283 2
2.450829 2.664549 -1.776689 2
2.450829 2.664549 -1.776689 2
2.505252 2.614869 -1.833706 2
2.780926 2.694558 -1.820999 2
2.591604 2.674071 -1.883188 2
2.688117 2.291380 -1.863968 2
2.688117 2.291380 -1.863968 2
2.666964 2.566712 -1.873781 2
2.655447 2.561153 -1.804795 2
2.611654 2.633189 -1.793226 2
2.479939 2.583567 -1.822090 2
2.531047 2.485137 -1.841586 2
2.490371 2.510338 -1.836622 2
2.609157 2.218167 -1.869378 2
2.609157 2.218167 -1.869378 2
2.588652 2.601189 -1.844149 2
2.588818 2.317481 -1.893932 2
2.647773 2.381031 -1.910492 2
2.647773 2.381031 -1.910492 2
2.605916 2.291010 -1.834424 2
2.566981 2.584451 -1.829282 2
2.566981 2.584451 -1.829282 2
2.355921 2.480789 -1.760674 2
2.549295 2.582536 -1.838852 2
2.549295 2.582536 -1.838852 2
2.686006 2.229923 -1.922995 2
2.523044 2.567459 -1.872563 2
2.523044 2.567459 -1.872563 2
0.875641 0.887802 -0.513276 2
2.634563 2.562886 -1.814065 2
2.651377 2.666298 -1.817438 2
2.651377 2.666298 -1.817438 2
2.466394 2.633318 -1.776883 2
2.466394 2.633318 -1.776883 2
2.564942 2.557446 -1.886616 2
1.064207 0.867413 -0.563235 2
1.064207 0.867413 -0.563235 2
2.648303 2.295261 -1.859463 2
2.571846 2.355552 -1.855079 2
2.558197 2.513138 -1.804595 2
2.180501 1.628537 -1.762740 2
2.533617 2.605476 -1.803756 2
2.651221 2.270648 -1.830487 2
2.639545 2.234482 -1.860378 2
2.580303 2.353716 -1.910545 2
2.470762 2.552061 -1.837406 2
2.690061 2.429428 -1.887592 2
2.565293 2.513001 -1.827567 2
2.567099 2.504997 -1.856129 2
2.650186 2.661337 -1.862666 2
2.524702 2.477350 -1.864170 2
2.524702 2.477350 -1.864170 2
2.520101 2.617631 -1.791763 2
2.193390 1.519487 -1.797768 2
2.647147 2.194710 -1.827921 2
2.647147 2.194710 -1.827921 2
2.549268 2.576831 -1.846181 2
2.628021 2.724107 -1.909873 2
1.068134 0.876879 -0.575001 2
2.593064 2.397615 -1.883845 2
2.609315 2.246697 -1.833151 2
2.566359 2.369017 -1.815353 2
2.566359 2.369017 -1.815353 2
2.661347 2.440729 -1.811016 2
2.529843 2.519977 -1.862661 2
2.710269 2.253642 -1.864586 2
2.596718 2.544661 -1.810859 2
2.596718 2.544661 -1.810859 2
2.641703 2.584008 -1.851526 2
2.623106 2.551495 -1.793862 2
2.531909 2.613341 -1.803117 2
2.651910 2.304274 -1.808089 2
2.499577 2.515305 -1.773453 2
2.608337 2.435895 -1.767024 2
2.575100 2.571431 -1.841942 2
2.760038 2.493935 -1.833845 2
2.635970 2.263479 -1.760664 2
2.559458 2.578789 -1.837052 2
2.648970 2.628795 -1.862580 2
2.606548 2.570496 -1.802204 2
2.633411 2.396181 -1.760400 2
2.424241 2.538355 -1.718648 2
2.566839 2.301631 -1.793615 2
2.488099 2.652788 -1.781742 2
2.688822 2.430398 -1.808151 2
2.769734 2.463387 -1.847494 2
2.809559 2.270324 -1.873552 2
2.740656 2.561406 -1.809076 2
2.583482 2.513237 -1.815085 2
2.570547 2.638137 -1.886464 2
2.589031 2.425621 -1.814164 2
2.669858 2.283361 -1.763550 2
2.702976 2.287775 -1.795337 2
2.595453 2.525129 -1.777936 2
2.685426 2.515979 -1.832411 2
2.635452 2.463722 -1.803528 2
2.533877 2.560119 -1.834539 2
2.554769 2.517290 -1.802425 2
2.618128 2.628522 -1.847870 2
1.289088 0.795794 -0.617890 2
2.635949 2.723473 -1.826629 2
1.059977 0.737714 -0.536503 2
2.586546 2.489837 -1.757266 2
2.656406 2.186520 -1.829471 2
2.591329 2.510162 -1.841037 2
2.807305 2.353727 -1.851496 2
2.786003 2.165199 -1.844954 2
2.786003 2.165199 -1.844954 2
2.651436 2.505884 -1.846863 2
2.651691 2.473851 -1.849128 2
2.583393 2.533360 -1.786161 2
2.691069 2.363538 -1.849312 2
2.612906 2.513934 -1.813786 2
2.612906 2.513934 -1.813786 2
2.562409 2.596349 -1.824283 2
2.678494 2.479390 -1.847021 2
2.664326 2.464312 -1.846500 2
2.636186 2.181324 -1.880231 2
2.643234 2.622465 -1.857969 2
2.668672 2.494402 -1.862205 2
2.630512 2.458136 -1.809299 2
2.757763 2.321806 -1.847643 2
2.641665 2.333690 -1.781945 2
2.536584 2.533214 -1.823150 2
2.489854 2.440767 -1.846460 2
2.737964 2.463914 -1.826552 2
2.627937 2.495378 -1.843547 2
2.746501 2.571178 -1.868772 2
2.791335 2.685804 -1.919091 2
2.803535 2.162834 -1.880203 2
2.460926 2.072886 -1.873016 2
2.583590 2.477101 -1.827924 2
2.658536 2.236942 -1.842628 2
2.525892 2.476481 -1.781848 2
2.536296 2.502708 -1.843557 2
2.684124 2.350935 -1.851620 2
2.684124 2.350935 -1.851620 2
2.648711 2.577872 -1.848514 2
2.649526 2.145223 -1.838121 2
2.641027 2.392192 -1.890352 2
2.769750 2.606812 -1.943795 2
0.974174 0.797866 -0.519711 2
2.634161 2.429362 -1.805665 2
2.554128 2.417140 -1.835290 2
2.603193 2.493832 -1.893448 2
2.733934 2.153825 -1.862294 2
2.676274 2.564764 -1.857542 2
1.310070 0.328300 -2.011963 2
2.742732 2.213150 -1.861871 2
2.703481 2.305168 -1.899624 2
2.703481 2.305168 -1.899624 2
1.236174 0.166534 -2.061288 2
1.317159 0.027321 -2.083375 2
1.259739 0.241699 -1.916661 2
1.034630 0.252232 -2.123612 2
1.339546 0.268705 -1.908901 2
2.720282 2.420880 -1.825169 2
2.778873 2.176566 -1.932032 2
-0.257866 0.406546 -0.678243 2
1.117910 0.365442 -2.072798 2
2.767478 2.480230 -1.837790 2
1.365155 0.260949 -1.951069 2
1.351419 0.083472 -1.945995 2
1.192908 0.130481 -1.991590 2
2.670444 2.183208 -1.856095 2
1.325601 0.281022 -1.948861 2
-0.404222 0.234185 -0.657372 2
1.344047 0.216449 -1.990719 2
1.327597 0.171136 -1.963351 2
1.187700 0.411018 -2.128579 2
1.187700 0.411018 -2.128579 2
1.209022 0.453565 -2.021926 2
1.218181 0.247275 -1.968908 2
1.282163 -0.210696 -2.184347 2
1.281972 0.099079 -1.999771 2
1.180085 0.252563 -2.037893 2
1.312494 0.217411 -2.090235 2
1.225807 0.359501 -2.019881 2
1.148726 0.376183 -1.986805 2
1.376763 0.221188 -1.987133 2
1.248008 0.283750 -2.016492 2
-0.239142 0.369721 -0.682304 2
1.259663 0.277421 -2.014522 2
1.259663 0.277421 -2.014522 2
1.404271 0.473456 -1.735769 2
1.112666 0.270504 -2.038772 2
-0.368413 0.215141 -0.723880 2
1.353512 0.256985 -1.791565 2
-0.348770 0.310432 -0.779352 2
1.832107 3.688761 -0.309117 2
1.472402 0.291010 -2.094295 2
1.461321 0.469958 -1.783328 2
1.376246 0.032507 -1.942756 2
1.070675 0.349786 -2.085047 2
1.042839 0.360886 -1.928444 2
1.083969 0.662541 -1.799969 2
1.120433 0.299805 -2.036764 2
1.224206 0.283633 -1.983217 2
1.325199 0.338749 -2.080993 2
1.366193 0.259544 -1.888527 2
1.314696 0.352826 -1.926617 2
2.438193 1.495778 -2.284813 2
2.438193 1.495778 -2.284813 2
1.287503 0.157766 -1.888943 2
1.014604 0.243147 -1.894425 2
1.014604 0.243147 -1.894425 2
1.365049 -0.029883 -2.043833 2
1.408633 0.008629 -2.123141 2
1.395320 0.113904 -1.961397 2
1.244673 0.403840 -2.044754 2
1.324781 0.229509 -1.946379 2
1.303361 0.191480 -1.945475 2
1.111409 0.299148 -2.062813 2
1.185598 0.270256 -1.973750 2
1.194089 0.362654 -1.963567 2
1.136955 0.126228 -2.015620 2
1.353953 0.056389 -2.138619 2
1.153056 0.390392 -1.945954 2
2.822688 2.530554 -1.737204 2
2.635790 2.353158 -1.791333 2
2.643358 2.499549 -1.806214 2
2.816699 2.040205 -1.882983 2
1.204042 0.745221 -0.564230 2
2.679333 2.461650 -1.837245 2
2.742319 2.237824 -1.822104 2
-0.282461 0.470197 -0.595616 2
0.962820 0.183662 -2.174853 2
2.640413 2.281174 -1.834423 2
-0.389313 0.271556 -0.573123 2
2.714571 2.400521 -1.863333 2
1.307502 0.892209 -0.551585 2
2.766563 2.538657 -1.809027 2
2.766563 2.538657 -1.809027 2
1.178221 0.431677 -1.998812 2
1.075615 0.216073 -1.974642 2
2.578630 2.167605 -1.778683 2
1.295275 -0.016030 -1.911690 2
1.243579 0.181221 -1.978022 2
1.243579 0.181221 -1.978022 2
2.698030 2.366039 -1.854927 2
2.784246 2.260488 -1.850492 2
2.752612 2.417003 -1.824410 2
1.287431 0.218011 -2.003308 2
1.232775 0.006059 -1.934591 2
1.335810 0.021535 -1.969054 2
1.274135 0.014889 -2.092798 2
1.242384 0.048237 -1.898543 2
2.644939 2.384954 -1.770488 2
2.772588 2.339839 -1.761617 2
2.808623 2.116351 -1.818972 2
2.715862 2.108735 -1.841179 2
1.239790 -0.009568 -1.988697 2
1.239790 -0.009568 -1.988697 2
2.850833 2.466187 -1.796382 2
2.763887 2.225394 -1.790718 2
2.684573 2.483834 -1.785632 2
2.642668 2.484148 -1.745376 2
2.642668 2.484148 -1.745376 2
2.607382 2.370925 -1.751300 2
2.629726 2.302948 -1.744687 2
2.651100 2.384430 -1.807274 2
2.669031 2.473095 -1.763604 2
2.669031 2.473095 -1.763604 2
2.778720 2.255102 -1.796833 2
2.778720 2.255102 -1.796833 2
2.619738 2.415109 -1.742435 2
2.632272 2.340494 -1.713488 2
2.576469 2.506859 -1.709855 2
1.305158 0.810049 -0.520270 2
2.747890 2.460353 -1.733330 2
3.033334 2.252564 -1.775435 2
2.877302 2.382496 -2.155068 2
2.620558 2.282893 -1.808489 2
2.775177 2.394686 -1.720963 2
2.529223 2.369781 -1.828463 2
2.629118 2.537626 -1.688398 2
1.160275 0.030885 -1.899610 2
2.832498 2.240153 -1.744693 2
2.646220 2.476878 -1.766402 2
2.770030 2.425707 -1.786425 2
2.741227 2.297611 -1.725060 2
2.956056 2.436518 -1.844710 2
1.316864 0.679233 -0.502327 2
2.702429 2.294628 -1.713243 2
2.709564 2.503676 -1.723104 2
2.809100 2.093260 -1.730417 2
1.236019 0.092867 -1.919592 2
1.236019 0.092867 -1.919592 2
1.152494 0.067506 -1.925949 2
1.190667 0.020420 -1.905985 2
2.760707 2.340874 -1.739491 2
2.845824 2.043844 -1.770971 2
1.195886 0.215638 -1.984639 2
2.892921 2.409511 -1.812479 2
1.307265 -0.002475 -1.935904 2
2.673511 2.377680 -1.721970 2
1.124879 0.090345 -1.861676 2
2.632454 2.269503 -1.762680 2
2.751277 2.340704 -1.728242 2
2.684052 2.302259 -1.721644 2
2.872533 2.040639 -1.730812 2
1.386281 0.042068 -1.864174 2
2.761164 2.343925 -1.781377 2
2.654292 2.354481 -1.785812 2
1.202023 0.038698 -1.919945 2
1.240966 0.028531 -1.951920 2
2.685600 2.413648 -1.793052 2
1.210872 0.306476 -1.857992 2
1.132845 0.335085 -1.891211 2
1.255606 0.056005 -1.902710 2
1.395721 0.225155 -1.726071 2
1.395721 0.225155 -1.726071 2
1.243149 0.182150 -1.949976 2
1.647200 0.415661 -2.105688 2
1.359775 0.067476 -1.997769 2
-0.214838 0.307044 -0.624425 2
1.335782 -0.045725 -1.844364 2
1.270290 -0.077541 -1.970756 2
-0.438816 0.191222 -0.623335 2
1.213009 0.174637 -1.888047 2
1.213009 0.174637 -1.888047 2
1.329153 0.296232 -2.062864 2
1.502378 0.023986 -2.020809 2
1.555097 0.273801 -1.746844 2
1.414264 0.275380 -1.748317 2
1.761484 0.723601 -2.014057 2
1.397365 0.264096 -1.798534 2
1.184923 0.370354 -1.822856 2
1.255725 0.228835 -1.817151 2
1.812279 0.708389 -2.079941 2
1.410077 0.443809 -2.077078 2
1.395247 0.430848 -2.059487 2
0.633476 -0.294173 -0.543035 2
1.481927 0.489959 -2.044490 2
1.522035 0.241617 -1.704968 2
1.320018 0.279581 -2.013606 2
1.517286 -0.025864 -1.875320 2
1.371535 0.199495 -1.665967 2
1.466694 0.287984 -1.653219 2
1.461530 0.329531 -1.686966 2
1.593720 0.445169 -1.988336 2
1.760027 0.375815 -2.071031 2
1.537168 -0.008098 -2.041440 2
1.787146 0.852784 -2.080014 2
1.916540 0.681402 -2.042654 2
1.480872 0.288243 -1.735142 2
0.077723 0.098072 0.719421 2
-1.110939 -0.240259 0.137238 2
-0.852285 0.588362 0.100300 2
-0.852285 0.588362 0.100300 2
1.341282 0.191289 -1.899292 2
0.519234 0.347006 0.038440 2
1.984596 0.825591 -2.101560 2
1.955846 0.723629 -2.071593 2
-0.879164 0.414439 -0.485730 2
-0.376699 1.045275 -0.003854 2
-0.934360 0.447447 -0.656791 2
-0.070634 1.248708 -0.279161 2
-0.573122 0.345224 0.035788 2
1.935510 3.652900 -0.064955 2
-0.279297 1.129100 -0.062446 2
-0.441899 0.882346 -0.060094 2
-0.243157 1.075898 0.084386 2
0.917541 1.262921 0.356741 2
-0.229152 0.918062 0.122368 2
-0.808881 0.712827 0.552834 2
-0.501645 -0.407491 0.482364 2
-0.501645 -0.407491 0.482364 2
-1.595603 -0.506912 -0.352170 2
-0.671009 0.549004 0.150428 2
-0.671009 0.549004 0.150428 2
-0.228951 1.078008 0.153892 2
-1.217987 -0.140484 -0.341154 2
-1.523166 -0.043175 0.357600 2
-0.640284 0.635806 -0.212516 2
-1.866998 -0.154276 0.485464 2
1.321096 1.563159 0.640296 2
-0.235207 1.109228 0.044412 2
-0.816486 0.484413 -0.209651 2
-0.534277 0.316924 0.416039 2
-0.660863 -0.316067 -0.576776 2
-0.660863 -0.316067 -0.576776 2
-0.588685 0.460871 0.224953 2
-0.327058 1.252998 0.139323 2
-1.044861 -0.054893 0.302945 2
-1.863457 -0.591983 0.399830 2
1.230737 0.575449 0.000022 2
0.083125 1.420744 -0.287906 2
0.083125 1.420744 -0.287906 2
-0.691009 0.509035 0.116935 2
-0.691009 0.509035 0.116935 2
-1.175134 0.234004 -0.122302 2
-0.926769 0.373146 0.025517 2
0.346314 1.494591 0.074953 2
-1.554472 -0.168436 0.135196 2
0.579279 2.025716 -0.194868 2
-0.887301 0.541227 -0.462823 2
-0.690076 0.390881 0.133566 2
0.480765 0.682270 0.081507 2
-0.245765 0.864362 0.320848 2
-1.058787 0.098907 -0.200601 2
-1.058787 0.098907 -0.200601 2
-1.462371 -0.146408 -0.688484 2
0.872356 2.336394 0.040224 2
0.433780 1.740963 0.116800 2
0.551586 2.582860 0.130742 2
-0.744570 0.407559 0.089492 2
-0.744570 0.407559 0.089492 2
-0.155029 0.952902 0.084682 2
0.038334 1.293543 0.004971 2
-1.327508 -0.243176 0.021361 2
0.590259 1.865856 0.020872 2
0.152749 1.406903 -0.142907 2
0.152749 1.406903 -0.142907 2
-0.799527 0.484137 -0.698223 2
-1.874179 -0.384281 0.066833 2
-1.874179 -0.384281 0.066833 2
0.020323 0.744934 -0.159063 2
-2.147555 -0.776719 -0.048402 2
1.175165 2.205689 0.079352 2
-0.262193 0.948088 -0.014675 2
3.766632 6.028556 -0.165867 2
3.515721 1.141941 -1.219957 2
-0.287474 0.078305 -0.112302 2
-1.335352 -0.231464 0.154799 2
-1.264752 -0.203917 0.165144 2
0.352404 1.404645 -0.029059 2
2.300720 0.913994 0.098153 2
5.057226 6.883626 0.809032 2
5.259530 4.098132 2.040323 2
2.773752 4.115790 0.355387 2
6.184459 9.925827 0.921699 2
-1.324884 -0.387979 -0.196481 2
4.606841 6.710097 -0.142655 2
0.080265 1.214315 -0.178115 2
0.243061 1.621504 0.062554 2
-1.129360 1.360761 -0.084417 2
0.441944 1.599546 0.076053 2
-1.715001 -0.122612 0.268665 2
-1.715001 -0.122612 0.268665 2
-0.929000 0.701140 0.791487 2
-0.929000 0.701140 0.791487 2
-2.572005 -0.908891 0.380193 2
-3.033284 -1.497161 0.586707 2
-2.701323 -1.240820 0.492980 2
-0.846083 1.023351 -1.309582 2
-2.789388 -1.336138 0.483515 2
-2.789388 -1.336138 0.483515 2
-1.954125 -0.345642 0.476654 2
-1.954125 -0.345642 0.476654 2
-2.157545 -0.556446 0.232487 2
-2.604715 -1.190044 0.693362 2
-2.216498 -0.767980 0.550867 2
-2.627411 -1.052597 0.410940 2
-2.655212 -1.114910 0.589141 2
-2.094085 -1.009864 0.548141 2
-2.094085 -1.009864 0.548141 2
-0.638794 1.018879 0.129873 2
-2.908906 -1.338183 0.568085 2
-2.843261 -1.384058 0.538513 2
-2.843261 -1.384058 0.538513 2
-2.722559 -1.168822 0.444018 2
-2.511927 -0.847426 0.362523 2
-2.045445 -0.462582 0.553539 2
-0.245528 0.272982 -0.212416 2
-2.514461 -1.024806 0.478434 2
-2.690143 -1.205198 0.468278 2
-2.690143 -1.205198 0.468278 2
-2.851446 -1.380824 0.424723 2
-2.851446 -1.380824 0.424723 2
-1.305737 -0.085521 0.421451 2
-1.305737 -0.085521 0.421451 2
-2.559891 -0.959545 0.504571 2
-2.317964 -0.835993 0.443952 2
-2.317964 -0.835993 0.443952 2
-2.566786 -1.258464 0.703957 2
-2.294904 -0.758281 0.409962 2
-2.294904 -0.758281 0.409962 2
-2.323035 -0.745337 0.429344 2
-2.323035 -0.745337 0.429344 2
-2.323035 -0.745337 0.429344 2
-1.842199 -0.722371 0.484840 2
-2.840232 -1.392824 0.533679 2
-2.840232 -1.392824 0.533679 2
-2.262658 -0.653263 0.383606 2
-2.700117 -1.244158 0.454986 2
-2.700117 -1.244158 0.454986 2
-0.659953 1.077418 0.098739 2
-0.659953 1.077418 0.098739 2
-2.859199 -1.385867 0.420469 2
-2.745235 -0.847472 0.470578 2
-1.679463 -0.526416 0.411293 2
-2.427483 -0.824358 0.505327 2
-2.227694 -0.704277 0.454248 2
-1.254948 0.526220 0.545063 2
-2.106570 -0.719218 0.488992 2
-2.910139 -1.469908 0.509676 2
-2.680781 -1.224390 0.602152 2
-2.171236 -0.627755 0.480342 2
-2.523476 -1.020641 0.482612 2
-2.523476 -1.020641 0.482612 2
-0.808267 1.161926 0.143609 2
-2.080669 -0.188356 0.323226 2
-2.080669 -0.188356 0.323226 2
-2.717570 -1.290658 0.487305 2
-2.717570 -1.290658 0.487305 2
-2.107614 -0.943730 0.502930 2
-2.107614 -0.943730 0.502930 2
-2.107614 -0.943730 0.502930 2
-2.107614 -0.943730 0.502930 2
-2.107614 -0.943730 0.502930 2
-2.107614 -0.943730 0.502930 2
1.211534 0.034421 -2.894672 2
1.211534 0.034421 -2.894672 2
1.211534 0.034421 -2.894672 2
2.570297 -0.040916 -2.977288 2
2.570297 -0.040916 -2.977288 2
2.570297 -0.040916 -2.977288 2
2.570297 -0.040916 -2.977288 2
2.570297 -0.040916 -2.977288 2
2.570297 -0.040916 -2.977288 2
2.486295 -0.145376 -2.748077 2
2.486295 -0.145376 -2.748077 2
2.486295 -0.145376 -2.748077 2
2.486295 -0.145376 -2.748077 2
2.486295 -0.145376 -2.748077 2
-1.553504 -0.201571 -0.577735 2
3.855527 2.082601 0.604534 2
-5.311967 -6.107502 -0.043130 2
-2.569887 -1.295611 -0.105643 2
-1.268160 -0.093242 -0.082946 2
1.422311 0.242135 -1.712520 2
-1.362262 -0.162448 0.229567 2
1.000913 2.017579 1.089374 2
-0.579052 0.933766 -0.379740 2
1.204743 0.357577 -1.930909 2
1.307168 -0.064196 -1.926070 2
1.425963 -0.083258 -2.005767 2
1.360628 -0.112709 -2.060758 2
1.160830 0.280751 -1.955991 2
2.801864 2.506610 -1.826056 2
2.716030 2.381472 -1.782541 2
2.757626 2.358284 -1.754693 2
2.660908 2.609736 -1.585267 2
2.930620 2.139165 -1.879501 2
1.344327 0.826443 -0.464751 2
2.720662 2.349837 -1.772653 2
1.408508 0.645326 -0.494596 2
2.756150 2.315974 -1.818736 2
2.756150 2.315974 -1.818736 2
2.721672 2.541984 -1.657965 2
2.721672 2.541984 -1.657965 2
2.664745 2.364176 -1.799934 2
2.636780 2.292904 -1.775871 2
2.636780 2.292904 -1.775871 2
1.245631 0.742118 -0.574569 2
2.818631 2.095752 -1.810591 2
2.846634 2.151587 -1.826651 2
2.688107 2.517721 -1.775992 2
2.815099 2.240255 -1.860519 2
2.815099 2.240255 -1.860519 2
2.763631 1.373835 -2.474787 2
3.004369 2.444232 -2.195736 2
2.668734 2.569930 -1.777762 2
2.813750 1.730078 -2.005402 2
1.372171 -0.220765 -0.692499 2
1.372171 -0.220765 -0.692499 2
3.025293 1.969662 -2.053039 2
2.825423 2.584298 -1.809359 2
1.445535 -0.275727 -0.781904 2
2.938463 1.828309 -2.288147 2
2.778156 1.755830 -2.290965 2
2.851266 1.722418 -1.773824 2
2.851266 1.722418 -1.773824 2
2.813694 2.457541 -2.191732 2
2.813694 2.457541 -2.191732 2
0.401777 1.125170 -0.806493 2
2.882280 2.662359 -2.214668 2
3.195403 3.116764 -1.867881 2
2.753374 2.414747 -1.772491 2
2.686235 2.270884 -1.892140 2
2.755582 2.381176 -1.730292 2
1.303071 0.102075 -1.875553 2
1.373549 -0.223651 -1.884094 2
-0.224601 1.133130 0.310279 2
-0.379624 0.746346 -0.684480 2
0.845781 2.574508 0.093635 2
-1.770516 -0.991829 0.034195 2
-1.159198 -0.130303 -0.011661 2
5.714266 6.426522 0.537347 2
-2.799996 -2.736622 0.265591 2
-2.282331 -1.374527 0.225605 2
2.517945 -0.031422 -2.742777 2
2.515264 -0.164176 -2.717686 2
2.505253 -0.132087 -2.695171 2
2.505253 -0.132087 -2.695171 2
1.681501 -0.126723 -3.026298 2
1.681501 -0.126723 -3.026298 2
1.681501 -0.126723 -3.026298 2
1.681501 -0.126723 -3.026298 2
2.037343 -0.056446 -2.878283 2
2.037343 -0.056446 -2.878283 2
2.037343 -0.056446 -2.878283 2
3.054110 2.540322 -1.387220 2
3.010251 3.475615 -1.777384 2
2.912442 3.885508 -2.051068 2
2.964664 3.721189 -2.530239 2
-0.214158 -0.840845 -3.254431 2
0.251692 -2.192675 -2.229492 2
-0.242048 -1.690333 -2.419888 2
-0.242048 -1.690333 -2.419888 2
-0.707453 -2.385587 -2.444772 2
-0.672737 -2.043939 -3.006091 2
0.489202 -1.014359 -2.703872 2
3.160060 2.363830 -2.353831 2
3.160060 2.363830 -2.353831 2
2.827208 3.909998 -2.464929 2
-0.471630 -1.729168 -2.457518 2
0.052889 0.507973 -1.923107 2
5.694958 5.929450 -2.561196 2
-1.136674 -2.356344 -2.393785 2
-0.628973 -2.132850 -2.891819 2
3.016747 4.056108 -2.403373 2
-0.159472 -1.523747 -2.022015 2
4.341512 3.978074 -2.547771 2
2.882384 3.928813 -2.469591 2
2.882384 3.928813 -2.469591 2
-0.618190 -2.276688 -2.526813 2
3.248777 3.418707 -1.413439 2
3.053694 3.878279 -2.210574 2
-0.422256 -1.969042 -2.422296 2
1.817693 0.825289 -1.645227 2
2.001522 2.984475 -2.379466 2
3.235256 3.434369 -1.870507 2
-1.308409 6.457104 -2.118483 2
3.042901 3.861273 -2.097701 2
-0.065343 -0.861531 -2.165295 2
2.852426 2.063401 -3.869037 2
3.089967 1.525562 -3.411225 2
3.655895 1.538218 -2.625282 2
-0.395817 -1.782966 -2.624230 2
-1.824049 -3.625838 -1.952293 2
2.353930 1.425304 -3.162757 2
-0.722023 -2.165169 -2.507522 2
3.594813 2.481832 -2.793610 2
0.197848 -1.208225 -2.736712 2
0.900393 1.498740 -2.565346 2
0.900393 1.498740 -2.565346 2
-0.998307 -1.550642 -3.453136 2
-1.188668 6.053295 -2.065546 2
-0.571971 -1.584167 -2.692087 2
-2.794472 -4.851421 -3.114697 2
-0.877315 -2.172691 -2.728466 2
3.441173 3.596805 -1.709099 2
-0.853569 -2.272109 -2.694394 2
1.681882 0.996506 -2.692727 2
2.926078 1.979374 -2.120193 2
2.412551 1.183217 -2.304772 2
-0.561437 -1.157788 -3.322953 2
-0.169809 -1.589780 -2.688927 2
0.157133 -0.558329 -2.773490 2
-0.241323 -1.751318 -2.265584 2
2.804853 1.920942 -2.748276 2
2.804853 1.920942 -2.748276 2
3.296132 2.455603 -2.299905 2
3.122792 3.539085 -1.696179 2
3.122792 3.539085 -1.696179 2
-0.247529 -1.370264 -2.861248 2
3.693724 2.757083 -2.660911 2
3.284860 3.362578 -1.519937 2
0.602530 -1.328727 -2.660454 2
0.715428 -0.426787 -2.423193 2
0.126576 -0.924814 -3.022530 2
0.126576 -0.924814 -3.022530 2
0.126576 -0.924814 -3.022530 2
2.200263 0.534425 -2.938275 2
2.200263 0.534425 -2.938275 2
2.200263 0.534425 -2.938275 2
3.222536 3.806803 -1.959338 2
2.234647 1.372583 -4.295171 2
2.234647 1.372583 -4.295171 2
-1.156055 0.964193 -2.383820 2
2.741632 1.658473 -1.638417 2
-0.169187 -1.823072 -2.403879 2
6.073167 3.297776 -3.872777 2
3.188828 3.620285 -1.610206 2
3.200340 3.550514 -1.578395 2
3.200340 3.550514 -1.578395 2
3.036458 4.194200 -2.680367 2
-0.466564 -2.011881 -2.360071 2
2.999197 3.951850 -2.444417 2
-0.811105 5.729811 -2.073357 2
2.650234 1.956746 -2.154701 2
-1.133524 -2.569166 -2.374890 2
-1.133524 -2.569166 -2.374890 2
-1.133524 -2.569166 -2.374890 2
2.883755 3.904861 -2.264635 2
-0.448261 -1.497396 -2.375792 2
-0.448261 -1.497396 -2.375792 2
-0.280791 -1.047002 -3.113003 2
5.580685 4.622058 -2.662965 2
5.580685 4.622058 -2.662965 2
-0.692716 -1.374565 -3.378092 2
3.675863 2.167214 -2.410253 2
1.547969 0.866657 -2.091125 2
0.032243 -1.704400 -2.746764 2
-0.491141 -1.937587 -2.874795 2
3.184394 3.488371 -1.524929 2
3.184394 3.488371 -1.524929 2
-0.153143 -1.340282 -2.737581 2
-0.153143 -1.340282 -2.737581 2
0.008878 -0.589671 -2.844279 2
-0.241971 -2.258157 -3.000949 2
-1.002960 -3.973822 -3.536394 2
-0.368934 -1.803646 -2.542762 2
-0.368934 -1.803646 -2.542762 2
-0.238454 -0.819965 -2.982208 2
0.718614 -0.295543 -2.016807 2
3.168101 4.618805 -2.186671 2
2.947743 3.797595 -2.093429 2
2.991523 3.871938 -2.260425 2
-0.007039 -1.600113 -2.781492 2
-0.007039 -1.600113 -2.781492 2
2.770541 1.810511 -2.790753 2
0.996452 -0.008632 -2.792032 2
-0.748906 -1.678782 -2.564330 2
1.870160 1.115474 -2.521812 2
2.945222 4.001631 -2.205541 2
3.012667 3.904207 -2.178463 2
3.012667 3.904207 -2.178463 2
3.172216 4.029503 -2.125070 2
3.172216 4.029503 -2.125070 2
-0.536226 -1.863475 -1.922999 2
4.976744 4.122225 -3.309649 2
4.976744 4.122225 -3.309649 2
4.976744 4.122225 -3.309649 2
4.976744 4.122225 -3.309649 2
4.976744 4.122225 -3.309649 2
4.976744 4.122225 -3.309649 2
4.976744 4.122225 -3.309649 2
4.976744 4.122225 -3.309649 2
4.976744 4.122225 -3.309649 2
4.976744 4.122225 -3.309649 2
4.976744 4.122225 -3.309649 2
4.976744 4.122225 -3.309649 2
4.976744 4.122225 -3.309649 2
4.976744 4.122225 -3.309649 2
4.976744 4.122225 -3.309649 2
4.976744 4.122225 -3.309649 2
1.958773 0.056970 -2.754223 2
1.958773 0.056970 -2.754223 2
1.958773 0.056970 -2.754223 2
2.719398 0.547958 -2.868267 2
2.719398 0.547958 -2.868267 2
-0.166268 -1.861752 -2.823027 2
0.359302 -0.515278 -3.434334 2
0.211170 -0.729961 -2.372776 2
0.211170 -0.729961 -2.372776 2
3.203328 1.540335 -2.220678 2
3.203328 1.540335 -2.220678 2
2.501870 0.470639 -3.014695 2
2.501870 0.470639 -3.014695 2
2.501870 0.470639 -3.014695 2
-0.331950 -1.326081 -3.105077 2
-0.331950 -1.326081 -3.105077 2
2.705305 1.325127 -2.632059 2
2.182835 1.160826 -2.584975 2
3.116519 3.882698 -2.049132 2
2.842302 3.906536 -2.353816 2
2.028373 -0.579199 -2.998966 2
1.279876 -0.516473 -2.489699 2
1.279876 -0.516473 -2.489699 2
2.040556 -0.164869 -2.903339 2
2.040556 -0.164869 -2.903339 2
2.040556 -0.164869 -2.903339 2
2.040556 -0.164869 -2.903339 2
2.040556 -0.164869 -2.903339 2
2.040556 -0.164869 -2.903339 2
2.040556 -0.164869 -2.903339 2
2.113740 -0.305347 -2.859470 2
2.113740 -0.305347 -2.859470 2
2.113740 -0.305347 -2.859470 2
1.803552 -0.043209 -3.086778 2
1.803552 -0.043209 -3.086778 2
1.733455 0.199917 -2.649185 2
1.733455 0.199917 -2.649185 2
1.733455 0.199917 -2.649185 2
1.733455 0.199917 -2.649185 2
1.733455 0.199917 -2.649185 2
2.038248 -0.464587 -3.023035 2
2.038248 -0.464587 -3.023035 2
2.107281 -0.186126 -2.810801 2
2.107281 -0.186126 -2.810801 2
2.107281 -0.186126 -2.810801 2
2.107281 -0.186126 -2.810801 2
2.107281 -0.186126 -2.810801 2
1.502385 -0.963207 -2.382442 2
1.502385 -0.963207 -2.382442 2
1.502385 -0.963207 -2.382442 2
1.502385 -0.963207 -2.382442 2
1.502385 -0.963207 -2.382442 2
1.502385 -0.963207 -2.382442 2
1.502385 -0.963207 -2.382442 2
2.048306 -0.132449 -2.965049 2
1.843473 -0.560227 -3.010532 2
4.573148 3.140330 -2.519483 2
4.573148 3.140330 -2.519483 2
4.573148 3.140330 -2.519483 2
4.573148 3.140330 -2.519483 2
4.573148 3.140330 -2.519483 2
4.573148 3.140330 -2.519483 2
4.573148 3.140330 -2.519483 2
4.573148 3.140330 -2.519483 2
4.573148 3.140330 -2.519483 2
2.126634 -0.252248 -3.099804 2
2.126634 -0.252248 -3.099804 2
2.126634 -0.252248 -3.099804 2
2.126634 -0.252248 -3.099804 2
2.126634 -0.252248 -3.099804 2
2.126634 -0.252248 -3.099804 2
2.126634 -0.252248 -3.099804 2
2.126634 -0.252248 -3.099804 2
2.126634 -0.252248 -3.099804 2
2.126634 -0.252248 -3.099804 2
2.126634 -0.252248 -3.099804 2
2.126634 -0.252248 -3.099804 2
2.126634 -0.252248 -3.099804 2
2.126634 -0.252248 -3.099804 2
2.126634 -0.252248 -3.099804 2
2.126634 -0.252248 -3.099804 2
2.126634 -0.252248 -3.099804 2
2.126634 -0.252248 -3.099804 2
2.126634 -0.252248 -3.099804 2
2.484605 3.395365 -1.626258 2
2.484605 3.395365 -1.626258 2
4.660690 3.429853 -2.578163 2
4.660690 3.429853 -2.578163 2
2.055901 0.025864 -2.789538 2
2.055901 0.025864 -2.789538 2
2.055901 0.025864 -2.789538 2
2.141907 0.000864 -3.068786 2
2.141907 0.000864 -3.068786 2
2.141907 0.000864 -3.068786 2
2.141907 0.000864 -3.068786 2
2.141907 0.000864 -3.068786 2
4.393693 3.262657 -2.470752 2
2.576322 3.631861 -1.532645 2
4.138450 3.516512 -2.514666 2
4.138450 3.516512 -2.514666 2
4.273751 3.345948 -2.570370 2
4.273751 3.345948 -2.570370 2
2.085355 0.185037 -3.003243 2
4.367379 3.433301 -2.518837 2
2.220094 0.337075 -3.014992 2
2.512933 3.591723 -1.552308 2
2.512933 3.591723 -1.552308 2
2.512933 3.591723 -1.552308 2
2.512933 3.591723 -1.552308 2
2.512933 3.591723 -1.552308 2
2.512933 3.591723 -1.552308 2
2.512933 3.591723 -1.552308 2
2.016889 -0.156975 -2.978234 2
2.016889 -0.156975 -2.978234 2
2.016889 -0.156975 -2.978234 2
4.238818 3.373646 -2.456462 2
4.005211 3.233231 -2.430608 2
4.160087 2.958688 -2.354844 2
4.160087 2.958688 -2.354844 2
1.815056 -0.231384 -2.971819 2
1.815056 -0.231384 -2.971819 2
2.208962 -0.007546 -3.029681 2
2.208962 -0.007546 -3.029681 2
2.208962 -0.007546 -3.029681 2
2.208962 -0.007546 -3.029681 2
1.870538 -0.027506 -3.054966 2
1.919185 0.196322 -3.121667 2
1.919185 0.196322 -3.121667 2
1.919185 0.196322 -3.121667 2
1.919185 0.196322 -3.121667 2
1.919185 0.196322 -3.121667 2
1.919185 0.196322 -3.121667 2
1.919185 0.196322 -3.121667 2
2.079956 0.053758 -2.821789 2
2.079956 0.053758 -2.821789 2
2.530801 3.598254 -1.571936 2
2.530801 3.598254 -1.571936 2
4.197911 3.336097 -2.507652 2
4.197911 3.336097 -2.507652 2
1.918637 0.374857 -3.196634 2
-0.293254 -2.083611 -2.302122 2
-0.293254 -2.083611 -2.302122 2
1.211305 0.164377 -2.708754 2
1.211305 0.164377 -2.708754 2
1.637902 0.711524 -2.357626 2
1.637902 0.711524 -2.357626 2
1.788399 0.526065 -2.734427 2
1.788399 0.526065 -2.734427 2
1.788399 0.526065 -2.734427 2
1.063825 0.246974 -2.750522 2
1.063825 0.246974 -2.750522 2
1.288852 0.414465 -2.825104 2
1.288852 0.414465 -2.825104 2
-0.027145 -1.319483 -2.040099 2
-0.027145 -1.319483 -2.040099 2
0.653834 0.020127 -2.319182 2
6.195302 7.710466 -1.696718 2
6.195302 7.710466 -1.696718 2
1.550378 0.097378 -1.779495 2
1.550378 0.097378 -1.779495 2
2.281636 2.842922 -1.378170 2
2.281636 2.842922 -1.378170 2
2.281636 2.842922 -1.378170 2
0.481567 2.127760 -0.658905 2
0.481567 2.127760 -0.658905 2
1.850100 -0.391772 -1.595317 2
1.850100 -0.391772 -1.595317 2
1.035469 1.290866 -0.414623 2
1.035469 1.290866 -0.414623 2
1.035469 1.290866 -0.414623 2
-0.188460 -0.150048 -1.712541 2
-0.188460 -0.150048 -1.712541 2
1.640519 1.752996 -0.705101 2
1.640519 1.752996 -0.705101 2
2.273062 1.295603 -0.490321 2
0.030409 -0.623482 -2.839415 2
0.454886 0.607915 -0.385944 2
0.454886 0.607915 -0.385944 2
0.454886 0.607915 -0.385944 2
0.968235 1.416010 -0.666803 2
0.968235 1.416010 -0.666803 2
0.448627 0.229788 -0.868159 2
0.263440 1.122690 -1.559535 2
0.263440 1.122690 -1.559535 2
0.695941 0.657929 -1.520168 2
0.695941 0.657929 -1.520168 2
1.001041 -0.142306 -0.755812 2
1.001041 -0.142306 -0.755812 2
1.001041 -0.142306 -0.755812 2
2.225652 1.786196 -0.479115 2
2.225652 1.786196 -0.479115 2
-0.246221 0.022649 -1.637449 2
-0.246221 0.022649 -1.637449 2
2.308930 1.587075 -0.873127 2
2.308930 1.587075 -0.873127 2
0.551597 -0.036331 -1.641324 2
0.439788 1.580504 -0.763167 2
0.439788 1.580504 -0.763167 2
3.104343 1.996475 -0.067143 2
3.104343 1.996475 -0.067143 2
0.308829 -0.456494 -2.153512 2
0.308829 -0.456494 -2.153512 2
1.089604 0.965682 -1.135221 2
2.789769 2.955924 -1.553713 2
2.789769 2.955924 -1.553713 2
2.789769 2.955924 -1.553713 2
2.789769 2.955924 -1.553713 2
4.364149 1.403393 -1.410801 2
4.364149 1.403393 -1.410801 2
7.047756 0.842301 -2.603862 2
7.047756 0.842301 -2.603862 2
7.047756 0.842301 -2.603862 2
7.076645 1.869274 -1.712270 2
7.076645 1.869274 -1.712270 2
9.082411 0.512634 -2.687760 2
9.082411 0.512634 -2.687760 2
8.348558 1.745515 -1.570384 2
8.348558 1.745515 -1.570384 2
8.348558 1.745515 -1.570384 2
9.397485 1.172594 -2.584113 2
9.397485 1.172594 -2.584113 2
8.697277 1.213249 -1.887353 2
8.697277 1.213249 -1.887353 2
10.088236 2.071366 -2.825340 2
10.293496 0.618793 -2.359858 2
10.293496 0.618793 -2.359858 2
8.639806 1.717345 -2.017525 2
8.639806 1.717345 -2.017525 2
6.330365 0.744324 -0.549026 2
6.330365 0.744324 -0.549026 2
8.031828 0.875818 -2.975410 2
8.030973 1.329704 -2.053728 2
8.030973 1.329704 -2.053728 2
8.030973 1.329704 -2.053728 2
8.030973 1.329704 -2.053728 2
9.538746 1.342697 -2.819901 2
9.538746 1.342697 -2.819901 2
7.671491 0.623445 -2.871413 2
5.719873 0.196438 -0.745572 2
9.019402 1.838814 -2.220016 2
8.645718 1.555230 -2.031126 2
8.645718 1.555230 -2.031126 2
8.829143 1.177483 -1.407044 2
8.829143 1.177483 -1.407044 2
8.807921 1.756050 -2.655169 2
8.761886 1.541932 -2.104479 2
7.471428 1.468148 -3.066462 2
8.822919 1.272919 -1.453419 2
8.822919 1.272919 -1.453419 2
8.370121 0.938949 -2.354014 2
8.370121 0.938949 -2.354014 2
8.905663 1.510696 -2.030182 2
8.905663 1.510696 -2.030182 2
8.905663 1.510696 -2.030182 2
8.493162 0.947922 -1.998897 2
8.493162 0.947922 -1.998897 2
8.905411 1.433547 -2.040445 2
8.905411 1.433547 -2.040445 2
8.389950 1.143630 -2.378995 2
7.837298 0.241123 -1.909223 2
7.837298 0.241123 -1.909223 2
9.077134 1.418003 -2.092154 2
9.077134 1.418003 -2.092154 2
8.960486 1.077281 -2.628443 2
8.960486 1.077281 -2.628443 2
7.844410 1.217274 -1.994247 2
7.844410 1.217274 -1.994247 2
7.844410 1.217274 -1.994247 2
8.318663 1.140605 -2.297219 2
8.318663 1.140605 -2.297219 2
8.028239 1.367143 -1.975736 2
8.028239 1.367143 -1.975736 2
9.329988 1.662532 -2.621917 2
9.728096 3.143783 -2.147265 2
9.728096 3.143783 -2.147265 2
8.309089 1.607660 -1.570216 2
8.309089 1.607660 -1.570216 2
9.250814 1.561942 -2.237653 2
9.250814 1.561942 -2.237653 2
8.672013 1.329877 -1.532859 2
8.672013 1.329877 -1.532859 2
8.672013 1.329877 -1.532859 2
8.672013 1.329877 -1.532859 2
8.672013 1.329877 -1.532859 2
8.401074 1.164094 -1.810411 2
8.401074 1.164094 -1.810411 2
8.710706 1.677090 -1.861718 2
9.303314 1.073589 -2.535711 2
9.303314 1.073589 -2.535711 2
8.645578 1.369888 -1.553669 2
8.645578 1.369888 -1.553669 2
9.885959 2.911879 -1.837507 2
9.885959 2.911879 -1.837507 2
8.165690 0.845929 -3.143522 2
8.165690 0.845929 -3.143522 2
8.165690 0.845929 -3.143522 2
9.022361 2.494770 -1.654387 2
9.022361 2.494770 -1.654387 2
8.686633 0.991831 -1.944384 2
8.686633 0.991831 -1.944384 2
8.763433 1.528223 -1.775171 2
8.971070 2.265888 -1.642207 2
8.971070 2.265888 -1.642207 2
9.115547 1.368299 -2.929602 2
9.115547 1.368299 -2.929602 2
8.803970 2.112360 -1.922887 2
8.803970 2.112360 -1.922887 2
7.751787 -0.542068 -2.885353 2
7.751787 -0.542068 -2.885353 2
7.751787 -0.542068 -2.885353 2
7.751787 -0.542068 -2.885353 2
7.751787 -0.542068 -2.885353 2
4.989026 3.400135 -1.284699 2
4.989026 3.400135 -1.284699 2
4.989026 3.400135 -1.284699 2
4.989026 3.400135 -1.284699 2
4.989026 3.400135 -1.284699 2
0.999285 -0.068969 -1.947725 2
0.999285 -0.068969 -1.947725 2
3.218281 3.149111 -1.059103 2
3.218281 3.149111 -1.059103 2
9.557252 11.746434 -0.965159 2
9.557252 11.746434 -0.965159 2
0.572272 -0.057771 -2.019497 2
3.237159 4.825169 -1.291082 2
3.237159 4.825169 -1.291082 2
5.820513 8.513067 -1.095444 2
5.820513 8.513067 -1.095444 2
2.402905 1.225599 -1.772283 2
2.402905 1.225599 -1.772283 2
2.402905 1.225599 -1.772283 2
1.092160 -0.626695 -2.600239 2
1.092160 -0.626695 -2.600239 2
2.803702 1.836331 -1.922439 2
2.803702 1.836331 -1.922439 2
3.145968 3.601115 -1.349087 2
0.690768 5.746377 -1.745555 2
0.690768 5.746377 -1.745555 2
2.420570 2.939708 -2.083778 2
2.420570 2.939708 -2.083778 2
3.065078 3.680880 -1.290300 2
3.065078 3.680880 -1.290300 2
3.078590 -0.510590 -0.242319 2
2.581807 3.081678 -1.775979 2
2.581807 3.081678 -1.775979 2
2.581807 3.081678 -1.775979 2
2.581807 3.081678 -1.775979 2
1.421160 0.324777 -1.379813 2
1.421160 0.324777 -1.379813 2
2.561530 2.830661 -1.819805 2
3.671876 3.541459 -1.460114 2
0.356979 -0.041002 -1.991429 2
0.617239 1.684704 0.224550 2
0.617239 1.684704 0.224550 2
1.395665 2.678128 -0.456805 2
1.395665 2.678128 -0.456805 2
0.885205 0.144410 -1.461675 2
2.487486 1.273987 -1.719899 2
1.321793 3.135136 -0.522988 2
1.321793 3.135136 -0.522988 2
1.321793 3.135136 -0.522988 2
0.418702 0.462455 -1.577378 2
0.418702 0.462455 -1.577378 2
2.528908 2.115671 -1.505288 2
2.528908 2.115671 -1.505288 2
1.172094 0.817267 -2.204438 2
0.340085 -0.459022 -2.275691 2
0.724190 0.564715 -1.786635 2
0.612259 -2.044695 -3.701207 2
0.612259 -2.044695 -3.701207 2
1.589910 2.522950 -0.590198 2
1.589910 2.522950 -0.590198 2
1.144266 2.722818 -0.537415 2
1.144266 2.722818 -0.537415 2
0.908681 -0.177024 -1.948600 2
1.625994 2.320106 -0.287737 2
7.302421 4.788935 -4.526509 2
9.745359 3.722465 -1.478534 2
9.745359 3.722465 -1.478534 2
8.642924 1.440459 -2.179011 2
9.676468 0.933434 -1.129317 2
9.676468 0.933434 -1.129317 2
9.129952 1.142213 -2.256948 2
8.764737 1.788622 -1.431149 2
7.894960 0.499189 -1.675020 2
7.894960 0.499189 -1.675020 2
9.430051 1.282172 -1.810932 2
9.430051 1.282172 -1.810932 2
9.546690 2.439434 -0.894315 2
9.039021 0.466022 -2.088435 2
9.937736 1.429432 -1.881560 2
9.006447 1.595665 -2.330400 2
9.006447 1.595665 -2.330400 2
9.006447 1.595665 -2.330400 2
9.006447 1.595665 -2.330400 2
9.006447 1.595665 -2.330400 2
9.006447 1.595665 -2.330400 2
9.006447 1.595665 -2.330400 2
9.006447 1.595665 -2.330400 2
8.838500 0.060272 -2.358306 2
8.838500 0.060272 -2.358306 2
9.332859 1.409671 -1.307850 2
9.332859 1.409671 -1.307850 2
10.499388 1.064986 -2.568455 2
9.126029 0.754106 -2.473168 2
9.508014 1.224390 -3.282930 2
9.508014 1.224390 -3.282930 2
9.508014 1.224390 -3.282930 2
9.609378 1.029407 -2.317173 2
9.778048 2.054888 -2.864550 2
8.352157 1.643776 -2.124922 2
8.352157 1.643776 -2.124922 2
8.352157 1.643776 -2.124922 2
8.352157 1.643776 -2.124922 2
9.468498 1.157061 -2.299109 2
9.468498 1.157061 -2.299109 2
8.886398 1.573480 -1.996359 2
9.535235 1.319606 -2.034427 2
9.535235 1.319606 -2.034427 2
9.970433 0.924893 -2.553761 2
9.970433 0.924893 -2.553761 2
10.167916 2.133523 -1.716572 2
9.721403 0.988660 -2.846380 2
9.911738 1.366147 -2.574124 2
9.911738 1.366147 -2.574124 2
8.908960 1.452724 -2.113585 2
8.908960 1.452724 -2.113585 2
8.908960 1.452724 -2.113585 2
9.213321 0.856915 -2.690915 2
9.213321 0.856915 -2.690915 2
8.804382 1.469793 -1.939668 2
8.804382 1.469793 -1.939668 2
8.898494 1.276659 -2.014539 2
9.263913 1.044228 -2.733237 2
9.263913 1.044228 -2.733237 2
8.784467 1.538223 -1.895709 2
8.784467 1.538223 -1.895709 2
8.463707 1.502149 -1.529225 2
8.548803 1.367190 -2.220583 2
8.548803 1.367190 -2.220583 2
8.589060 1.445956 -2.023152 2
8.589060 1.445956 -2.023152 2
8.534043 1.532665 -1.815140 2
8.534043 1.532665 -1.815140 2
8.534043 1.532665 -1.815140 2
8.735020 1.502379 -1.695038 2
8.735020 1.502379 -1.695038 2
8.735020 1.502379 -1.695038 2
8.735020 1.502379 -1.695038 2
9.673897 0.959569 -2.760140 2
7.220335 2.041528 -2.476591 2
7.220335 2.041528 -2.476591 2
7.220335 2.041528 -2.476591 2
10.431659 2.132122 -2.342852 2
8.509581 1.390955 -1.726759 2
8.509581 1.390955 -1.726759 2
7.965940 0.912206 -1.591772 2
9.154744 1.134151 -2.249767 2
9.627104 1.190400 -2.721909 2
8.914179 1.410957 -1.952936 2
7.869551 0.847955 -3.173762 2
7.869551 0.847955 -3.173762 2
7.869551 0.847955 -3.173762 2
9.170069 1.079164 -2.220912 2
8.983523 1.216570 -2.028106 2
8.983523 1.216570 -2.028106 2
10.662212 5.220873 -0.493872 2
6.860471 4.750519 -1.750233 2
1.624720 2.967043 -1.123055 2
4.483437 2.154453 -1.987643 2
4.483437 2.154453 -1.987643 2
3.616306 0.789099 -0.833231 2
2.519753 0.671114 -1.179586 2
0.747750 0.495675 -1.676943 2
1.944444 1.704496 -1.223152 2
2.716128 3.992961 -0.511765 2
2.716128 3.992961 -0.511765 2
0.553085 -0.563754 -3.104010 2
1.935805 0.209018 -2.644009 2
2.533841 0.760980 -2.240692 2
1.863433 2.946325 -0.301587 2
3.896492 3.108568 -1.385836 2
0.351615 -0.741468 -3.335911 2
0.351615 -0.741468 -3.335911 2
2.893794 1.179357 -2.132414 2
2.024938 4.008697 -0.660793 2
4.092982 2.221948 -0.788220 2
4.092982 2.221948 -0.788220 2
1.717396 0.094889 -1.494111 2
2.913907 0.529752 -1.878193 2
2.913907 0.529752 -1.878193 2
2.962639 2.539162 -2.802418 2
-0.009181 -0.621110 -2.468438 2
-0.009181 -0.621110 -2.468438 2
0.091923 1.409152 -1.328244 2
2.390865 4.991720 -2.709173 2
4.228338 -0.902778 -1.339499 2
4.228338 -0.902778 -1.339499 2
1.867235 0.232699 -1.384802 2
1.867235 0.232699 -1.384802 2
4.060679 6.004411 -3.069729 2
4.279751 4.416949 -1.632427 2
0.131167 0.086742 -1.655328 2
0.131167 0.086742 -1.655328 2
0.131167 0.086742 -1.655328 2
3.791674 5.504405 -2.509017 2
3.036311 1.429368 -1.651049 2
0.127357 0.005609 -1.601980 2
2.119519 1.309948 -1.809357 2
2.384862 0.759122 -1.396531 2
8.886756 10.375850 -1.431490 2
8.886756 10.375850 -1.431490 2
1.999723 0.906096 -1.385619 2
2.532341 1.640013 -1.489751 2
4.330117 5.868760 -1.326769 2
6.893541 9.273909 -1.933153 2
2.051288 0.399844 -1.818700 2
0.046443 -0.238715 -1.868595 2
0.046443 -0.238715 -1.868595 2
2.382061 2.496218 -2.193090 2
6.485473 5.807106 -1.618751 2
2.694250 -0.831962 -2.367810 2
-0.008383 -0.719912 -1.625895 2
2.233754 0.101361 -1.687296 2
2.233754 0.101361 -1.687296 2
2.233754 0.101361 -1.687296 2
0.781341 -0.940567 -3.676002 2
-0.095217 -1.300509 -1.572078 2
1.667271 1.592782 -1.477352 2
1.656385 2.862110 -3.429895 2
3.224906 2.852938 -1.478371 2
1.571285 -1.761329 -3.973605 2
0.913775 -0.357025 -1.262591 2
1.786827 1.839849 -1.476032 2
2.194775 2.803442 -0.361713 2
3.047639 2.874497 -1.387229 2
3.047639 2.874497 -1.387229 2
0.474692 -0.751829 -1.622496 2
1.587381 0.938633 -1.785330 2
2.940872 3.400558 -2.565395 2
3.270084 3.258615 -1.591492 2
1.625299 -1.150938 -2.415753 2
1.130234 0.040392 -1.318350 2
1.546671 0.853468 -1.528548 2
2.099052 2.778455 -4.832866 2
2.099052 2.778455 -4.832866 2
2.099052 2.778455 -4.832866 2
1.529346 0.416112 -1.261194 2
2.145865 1.644969 -1.419340 2
5.394393 0.334769 -0.685568 2
3.497158 3.403552 -1.447116 2
3.497158 3.403552 -1.447116 2
-1.071822 1.921484 -0.997594 2
-1.071822 1.921484 -0.997594 2
-1.071822 1.921484 -0.997594 2
-1.071822 1.921484 -0.997594 2
1.129777 -1.112557 -1.761347 2
1.129777 -1.112557 -1.761347 2
1.352790 0.280162 -1.537992 2
2.210265 2.776388 -1.242970 2
2.210265 2.776388 -1.242970 2
2.007976 -0.135186 -1.917456 2
2.570884 1.388309 -1.522272 2
8.051146 5.948080 -0.373099 2
8.051146 5.948080 -0.373099 2
1.043082 1.278388 -1.652186 2
1.043082 1.278388 -1.652186 2
3.420442 1.505168 -1.787440 2
4.617429 5.173737 -0.609217 2
4.617429 5.173737 -0.609217 2
4.617429 5.173737 -0.609217 2
12.202991 0.552126 -1.384618 2
12.202991 0.552126 -1.384618 2
12.202991 0.552126 -1.384618 2
12.202991 0.552126 -1.384618 2
12.202991 0.552126 -1.384618 2
12.202991 0.552126 -1.384618 2
12.202991 0.552126 -1.384618 2
12.202991 0.552126 -1.384618 2
12.202991 0.552126 -1.384618 2
12.202991 0.552126 -1.384618 2
12.202991 0.552126 -1.384618 2
12.202991 0.552126 -1.384618 2
12.202991 0.552126 -1.384618 2
12.202991 0.552126 -1.384618 2
12.202991 0.552126 -1.384618 2
12.202991 0.552126 -1.384618 2
12.202991 0.552126 -1.384618 2
12.202991 0.552126 -1.384618 2
12.202991 0.552126 -1.384618 2
12.202991 0.552126 -1.384618 2
12.202991 0.552126 -1.384618 2
12.202991 0.552126 -1.384618 2
12.202991 0.552126 -1.384618 2
12.202991 0.552126 -1.384618 2
12.202991 0.552126 -1.384618 2
12.202991 0.552126 -1.384618 2
12.202991 0.552126 -1.384618 2
12.202991 0.552126 -1.384618 2
12.202991 0.552126 -1.384618 2
12.202991 0.552126 -1.384618 2
12.202991 0.552126 -1.384618 2
12.202991 0.552126 -1.384618 2
12.202991 0.552126 -1.384618 2
12.202991 0.552126 -1.384618 2
12.202991 0.552126 -1.384618 2
12.202991 0.552126 -1.384618 2
12.202991 0.552126 -1.384618 2
12.202991 0.552126 -1.384618 2
12.202991 0.552126 -1.384618 2
12.202991 0.552126 -1.384618 2
12.202991 0.552126 -1.384618 2
12.202991 0.552126 -1.384618 2
12.202991 0.552126 -1.384618 2
12.202991 0.552126 -1.384618 2
12.202991 0.552126 -1.384618 2
12.202991 0.552126 -1.384618 2
12.202991 0.552126 -1.384618 2
12.202991 0.552126 -1.384618 2
12.202991 0.552126 -1.384618 2
12.202991 0.552126 -1.384618 2
12.202991 0.552126 -1.384618 2
12.202991 0.552126 -1.384618 2
12.202991 0.552126 -1.384618 2
12.202991 0.552126 -1.384618 2
12.202991 0.552126 -1.384618 2
12.202991 0.552126 -1.384618 2
12.202991 0.552126 -1.384618 2
12.202991 0.552126 -1.384618 2
12.202991 0.552126 -1.384618 2
12.202991 0.552126 -1.384618 2
16.078033 0.047774 -2.268436 2
16.078033 0.047774 -2.268436 2
16.078033 0.047774 -2.268436 2
16.078033 0.047774 -2.268436 2
16.078033 0.047774 -2.268436 2
16.078033 0.047774 -2.268436 2
16.078033 0.047774 -2.268436 2
16.078033 0.047774 -2.268436 2
16.078033 0.047774 -2.268436 2
16.078033 0.047774 -2.268436 2
16.078033 0.047774 -2.268436 2
16.078033 0.047774 -2.268436 2
16.078033 0.047774 -2.268436 2
16.078033 0.047774 -2.268436 2
16.078033 0.047774 -2.268436 2
16.078033 0.047774 -2.268436 2
16.078033 0.047774 -2.268436 2
16.078033 0.047774 -2.268436 2
16.078033 0.047774 -2.268436 2
16.078033 0.047774 -2.268436 2
16.078033 0.047774 -2.268436 2
16.078033 0.047774 -2.268436 2
16.078033 0.047774 -2.268436 2
18.558790 2.390997 -1.462025 2
18.558790 2.390997 -1.462025 2
18.558790 2.390997 -1.462025 2
18.558790 2.390997 -1.462025 2
18.207310 1.977443 -2.037991 2
18.207310 1.977443 -2.037991 2
14.285395 1.452298 -0.573028 2
7.696580 0.952042 -2.173660 2
7.696580 0.952042 -2.173660 2
5.028699 3.807696 -0.878105 2
5.028699 3.807696 -0.878105 2
5.482430 -2.603988 -0.123809 2
5.482430 -2.603988 -0.123809 2
3.426599 4.211133 -1.219072 2
3.426599 4.211133 -1.219072 2
-0.699866 0.258470 -1.962648 2
1.782620 0.697140 -0.742606 2
1.782620 0.697140 -0.742606 2
3.696736 2.721682 -0.483762 2
3.437698 2.566664 -1.413430 2
1.157268 -1.274776 -1.954703 2
1.690613 0.239535 -1.378446 2
10.271003 12.748876 -1.337703 2
10.271003 12.748876 -1.337703 2
10.271003 12.748876 -1.337703 2
2.050288 1.488146 -1.289502 2
2.050288 1.488146 -1.289502 2
2.449955 2.046731 -1.286828 2
4.568091 6.649233 -1.476126 2
2.058635 1.680653 -1.912809 2
2.172588 1.641894 -1.458722 2
2.172588 1.641894 -1.458722 2
8.672956 10.574660 -1.155255 2
8.672956 10.574660 -1.155255 2
1.563609 1.348660 -1.763150 2
0.799649 0.018443 -1.475683 2
2.580302 1.259050 -1.535857 2
2.717814 2.613877 -1.092669 2
2.717814 2.613877 -1.092669 2
0.388426 -0.829593 -1.607956 2
0.388426 -0.829593 -1.607956 2
2.078189 0.422150 -1.921342 2
1.567585 1.484653 -3.457179 2
1.891456 0.906692 -1.814566 2
0.631698 -0.183307 -1.424077 2
0.631698 -0.183307 -1.424077 2
1.754595 3.947979 -0.461146 2
1.754595 3.947979 -0.461146 2
3.337391 1.974445 -1.397749 2
0.764647 -0.572860 -2.411535 2
0.764647 -0.572860 -2.411535 2
1.871267 4.062696 -0.484734 2
1.871267 4.062696 -0.484734 2
0.240196 -0.757944 -1.768483 2
0.240196 -0.757944 -1.768483 2
1.254989 -0.261389 -1.296781 2
2.361345 3.129725 -1.749933 2
1.678677 3.813667 -0.470780 2
-0.166428 -1.198554 -2.685820 2
-0.166428 -1.198554 -2.685820 2
0.928126 -0.524800 -1.276810 2
0.928126 -0.524800 -1.276810 2
1.749350 3.892791 -0.495858 2
3.616470 3.096473 -1.512506 2
1.000124 -0.146030 -1.873352 2
2.675095 1.975097 -1.806392 2
2.675095 1.975097 -1.806392 2
1.524118 4.301309 -0.567990 2
1.524118 4.301309 -0.567990 2
-0.750339 -1.160350 -2.484042 2
1.848873 0.257415 -1.210487 2
2.693215 1.150855 -1.983388 2
3.782217 2.344223 -2.147362 2
3.782217 2.344223 -2.147362 2
0.938840 0.391095 -1.195244 2
0.938840 0.391095 -1.195244 2
3.892686 1.886644 -0.741886 2
3.892686 1.886644 -0.741886 2
3.804089 4.255072 -1.945367 2
-0.220656 -0.045923 -1.531344 2
-0.220656 -0.045923 -1.531344 2
-1.096608 2.130406 -1.012145 2
2.454034 -0.266431 -0.175375 2
1.731460 -0.397258 -1.670548 2
0.433327 0.312864 -1.353366 2
1.661828 1.538149 -1.422699 2
7.203777 9.790106 -1.372787 2
7.203777 9.790106 -1.372787 2
0.444429 -0.709409 -1.693326 2
0.444429 -0.709409 -1.693326 2
2.214231 1.670413 -1.469121 2
4.270524 2.499474 -0.601445 2
7.106947 -3.506484 -0.623122 2
0.016651 -0.170535 -1.738680 2
0.016651 -0.170535 -1.738680 2
2.499459 1.419420 -1.627029 2
2.499459 1.419420 -1.627029 2
7.531989 9.432734 -0.983148 2
2.532732 -0.885509 -2.781077 2
2.532732 -0.885509 -2.781077 2
2.420165 3.815345 -0.445269 2
2.420165 3.815345 -0.445269 2
1.758033 -1.122349 -3.434649 2
1.758033 -1.122349 -3.434649 2
2.664648 1.078948 -0.760953 2
7.134678 1.847211 -2.350842 2
7.134678 1.847211 -2.350842 2
7.134678 1.847211 -2.350842 2
7.134678 1.847211 -2.350842 2
14.121759 -0.085973 -0.879294 2
14.121759 -0.085973 -0.879294 2
14.121759 -0.085973 -0.879294 2
14.121759 -0.085973 -0.879294 2
14.121759 -0.085973 -0.879294 2
17.438515 2.751534 -0.777014 2
17.438515 2.751534 -0.777014 2
17.438515 2.751534 -0.777014 2
17.438515 2.751534 -0.777014 2
17.438515 2.751534 -0.777014 2
17.438515 2.751534 -0.777014 2
17.438515 2.751534 -0.777014 2
17.438515 2.751534 -0.777014 2
17.438515 2.751534 -0.777014 2
17.438515 2.751534 -0.777014 2
17.438515 2.751534 -0.777014 2
17.438515 2.751534 -0.777014 2
17.438515 2.751534 -0.777014 2
17.438515 2.751534 -0.777014 2
17.438515 2.751534 -0.777014 2
17.438515 2.751534 -0.777014 2
17.438515 2.751534 -0.777014 2
17.438515 2.751534 -0.777014 2
17.438515 2.751534 -0.777014 2
17.438515 2.751534 -0.777014 2
17.438515 2.751534 -0.777014 2
17.438515 2.751534 -0.777014 2
17.438515 2.751534 -0.777014 2
17.438515 2.751534 -0.777014 2
17.438515 2.751534 -0.777014 2
17.438515 2.751534 -0.777014 2
17.438515 2.751534 -0.777014 2
17.438515 2.751534 -0.777014 2
17.438515 2.751534 -0.777014 2
17.438515 2.751534 -0.777014 2
17.438515 2.751534 -0.777014 2
17.438515 2.751534 -0.777014 2
17.438515 2.751534 -0.777014 2
17.438515 2.751534 -0.777014 2
17.438515 2.751534 -0.777014 2
17.438515 2.751534 -0.777014 2
17.438515 2.751534 -0.777014 2
17.438515 2.751534 -0.777014 2
17.438515 2.751534 -0.777014 2
17.438515 2.751534 -0.777014 2
17.438515 2.751534 -0.777014 2
17.438515 2.751534 -0.777014 2
17.438515 2.751534 -0.777014 2
17.438515 2.751534 -0.777014 2
17.438515 2.751534 -0.777014 2
17.438515 2.751534 -0.777014 2
17.438515 2.751534 -0.777014 2
17.438515 2.751534 -0.777014 2
17.438515 2.751534 -0.777014 2
17.438515 2.751534 -0.777014 2
17.438515 2.751534 -0.777014 2
17.438515 2.751534 -0.777014 2
17.438515 2.751534 -0.777014 2
16.668776 -0.389063 -2.586341 2
16.668776 -0.389063 -2.586341 2
16.247345 -0.351916 -2.508189 2
16.247345 -0.351916 -2.508189 2
16.247345 -0.351916 -2.508189 2
16.247345 -0.351916 -2.508189 2
16.247345 -0.351916 -2.508189 2
16.323414 -0.369436 -2.478073 2
16.323414 -0.369436 -2.478073 2
16.323414 -0.369436 -2.478073 2
16.124722 -0.580279 -2.499960 2
16.124722 -0.580279 -2.499960 2
16.348921 -0.340532 -2.611349 2
16.348921 -0.340532 -2.611349 2
16.194454 -0.703241 -2.694340 2
16.194454 -0.703241 -2.694340 2
16.194454 -0.703241 -2.694340 2
16.366121 -0.368396 -2.648231 2
16.366121 -0.368396 -2.648231 2
15.822159 -0.222770 -2.433177 2
15.822159 -0.222770 -2.433177 2
16.345629 -0.390671 -2.424650 2
16.345629 -0.390671 -2.424650 2
16.345629 -0.390671 -2.424650 2
16.592119 -0.614826 -2.324611 2
16.592119 -0.614826 -2.324611 2
16.390373 -0.269826 -2.508938 2
16.390373 -0.269826 -2.508938 2
16.592672 -0.525967 -2.316464 2
16.592672 -0.525967 -2.316464 2
16.592672 -0.525967 -2.316464 2
16.212982 -0.312956 -2.494789 2
16.212982 -0.312956 -2.494789 2
16.536896 -0.468142 -2.337776 2
16.536896 -0.468142 -2.337776 2
16.536896 -0.468142 -2.337776 2
16.536896 -0.468142 -2.337776 2
12.155828 0.934631 -2.201146 2
12.155828 0.934631 -2.201146 2
12.155828 0.934631 -2.201146 2
5.027902 2.153250 -1.481357 2
5.027902 2.153250 -1.481357 2
6.126832 1.210084 -1.704156 2
6.126832 1.210084 -1.704156 2
3.798931 -0.022978 -0.429499 2
-1.596489 -0.411612 -2.208870 2
-1.596489 -0.411612 -2.208870 2
3.042097 3.462078 -0.929859 2
3.042097 3.462078 -0.929859 2
0.157283 -2.074797 -2.416655 2
0.157283 -2.074797 -2.416655 2
0.157283 -2.074797 -2.416655 2
2.817256 4.206917 -1.630730 2
2.817256 4.206917 -1.630730 2
0.425964 -1.277127 -2.356244 2
0.425964 -1.277127 -2.356244 2
3.019635 2.377368 -1.932067 2
3.019635 2.377368 -1.932067 2
3.019635 2.377368 -1.932067 2
0.925369 1.046359 -2.191166 2
0.925369 1.046359 -2.191166 2
2.797937 1.709931 -2.074278 2
2.797937 1.709931 -2.074278 2
4.156322 3.430738 -2.210446 2
4.156322 3.430738 -2.210446 2
-0.437132 -1.193054 -1.434414 2
3.728862 2.067461 -1.670098 2
3.728862 2.067461 -1.670098 2
1.953612 -0.890970 -1.843804 2
1.953612 -0.890970 -1.843804 2
1.661953 2.096319 -1.453524 2
1.661953 2.096319 -1.453524 2
2.618151 1.863740 -0.761022 2
2.618151 1.863740 -0.761022 2
2.618151 1.863740 -0.761022 2
0.127299 0.436208 -1.037146 2
0.127299 0.436208 -1.037146 2
3.975721 3.095752 -2.580961 2
3.975721 3.095752 -2.580961 2
0.989239 -1.859824 -2.259948 2
2.322133 -1.310596 -1.832622 2
2.322133 -1.310596 -1.832622 2
2.481004 2.860603 -1.068199 2
2.481004 2.860603 -1.068199 2
1.632973 -1.962219 -2.312421 2
1.632973 -1.962219 -2.312421 2
0.954931 -0.708231 -1.490123 2
5.896533 5.732444 -2.178114 2
5.896533 5.732444 -2.178114 2
0.702022 -1.571957 -1.161462 2
0.702022 -1.571957 -1.161462 2
4.026538 3.515591 -1.305812 2
4.026538 3.515591 -1.305812 2
2.809411 1.764935 -2.297722 2
-0.243810 0.422978 -2.027796 2
-0.243810 0.422978 -2.027796 2
2.023388 0.582881 -1.558468 2
2.023388 0.582881 -1.558468 2
4.348085 3.977546 -2.321292 2
4.348085 3.977546 -2.321292 2
1.580088 0.187651 -1.604898 2
1.580088 0.187651 -1.604898 2
1.580088 0.187651 -1.604898 2
0.407023 -1.488283 -2.611606 2
0.407023 -1.488283 -2.611606 2
2.787448 0.727891 -0.995324 2
2.787448 0.727891 -0.995324 2
2.787448 0.727891 -0.995324 2
3.390185 1.634988 -2.113970 2
3.390185 1.634988 -2.113970 2
1.952186 1.806330 -1.858134 2
1.952186 1.806330 -1.858134 2
2.745030 0.469007 -1.945354 2
2.745030 0.469007 -1.945354 2
-0.166807 -1.285531 -2.604138 2
2.750545 0.386573 -1.006521 2
2.750545 0.386573 -1.006521 2
4.936994 -0.486886 -0.978050 2
4.936994 -0.486886 -0.978050 2
0.294328 -1.393689 -2.348712 2
0.294328 -1.393689 -2.348712 2
2.587723 0.330342 -0.923141 2
4.109267 0.434081 -0.961352 2
4.109267 0.434081 -0.961352 2
0.550178 -1.779678 -1.292066 2
0.550178 -1.779678 -1.292066 2
4.029788 -1.648212 0.113377 2
4.029788 -1.648212 0.113377 2
4.029788 -1.648212 0.113377 2
-0.043879 -0.933489 -1.642191 2
-0.043879 -0.933489 -1.642191 2
2.674170 -0.141464 -1.118601 2
2.674170 -0.141464 -1.118601 2
3.419852 0.193244 -0.823394 2
3.419852 0.193244 -0.823394 2
0.575303 -1.258506 -1.493144 2
1.761726 1.242065 -0.390998 2
1.761726 1.242065 -0.390998 2
11.158236 -0.600494 -2.188182 2
11.158236 -0.600494 -2.188182 2
12.568822 0.171784 -2.353759 2
12.568822 0.171784 -2.353759 2
12.568822 0.171784 -2.353759 2
12.568822 0.171784 -2.353759 2
12.568822 0.171784 -2.353759 2
24.448072 -0.210318 -1.361199 2
24.448072 -0.210318 -1.361199 2
24.448072 -0.210318 -1.361199 2
24.448072 -0.210318 -1.361199 2
24.448072 -0.210318 -1.361199 2
24.448072 -0.210318 -1.361199 2
24.448072 -0.210318 -1.361199 2
24.448072 -0.210318 -1.361199 2
24.448072 -0.210318 -1.361199 2
25.685230 1.288873 -1.210869 2
25.685230 1.288873 -1.210869 2
25.673414 1.878821 -2.170014 2
23.961153 2.084854 -1.137040 2
23.961153 2.084854 -1.137040 2
23.961153 2.084854 -1.137040 2
23.961153 2.084854 -1.137040 2
23.961153 2.084854 -1.137040 2
23.961153 2.084854 -1.137040 2
24.182699 1.579476 -1.237167 2
24.693432 -0.581298 -3.021618 2
24.693432 -0.581298 -3.021618 2
24.693432 -0.581298 -3.021618 2
24.693432 -0.581298 -3.021618 2
24.693432 -0.581298 -3.021618 2
24.693432 -0.581298 -3.021618 2
24.640285 -0.411865 -2.962180 2
24.640285 -0.411865 -2.962180 2
25.582703 3.887541 -0.459793 2
25.582703 3.887541 -0.459793 2
25.582703 3.887541 -0.459793 2
24.341516 -0.270417 -2.870980 2
24.341516 -0.270417 -2.870980 2
24.341516 -0.270417 -2.870980 2
24.341516 -0.270417 -2.870980 2
24.341516 -0.270417 -2.870980 2
24.658056 -0.447032 -2.991110 2
24.658056 -0.447032 -2.991110 2
24.332325 1.721599 -1.436507 2
24.332325 1.721599 -1.436507 2
25.870981 1.866637 -2.196633 2
25.870981 1.866637 -2.196633 2
25.870981 1.866637 -2.196633 2
25.870981 1.866637 -2.196633 2
25.870981 1.866637 -2.196633 2
24.670580 0.450199 -1.793145 2
24.670580 0.450199 -1.793145 2
27.051899 3.649881 -0.409736 2
24.310785 1.698582 -1.420021 2
24.310785 1.698582 -1.420021 2
24.676933 1.617920 -1.423040 2
24.676933 1.617920 -1.423040 2
24.295399 1.945139 -1.326338 2
24.295399 1.945139 -1.326338 2
24.382477 1.667296 -1.467411 2
24.662111 -0.361842 -3.009628 2
24.662111 -0.361842 -3.009628 2
24.242949 1.965554 -1.463437 2
24.242949 1.965554 -1.463437 2
24.368961 1.723962 -1.390420 2
24.368961 1.723962 -1.390420 2
24.983372 1.814655 -0.386268 2
24.983372 1.814655 -0.386268 2
24.983372 1.814655 -0.386268 2
24.355410 1.607885 -1.491955 2
24.355410 1.607885 -1.491955 2
24.423542 0.189198 -1.756980 2
24.423542 0.189198 -1.756980 2
24.388056 1.754978 -1.455972 2
24.388056 1.754978 -1.455972 2
24.388056 1.754978 -1.455972 2
24.509941 0.295616 -3.007145 2
24.509941 0.295616 -3.007145 2
24.509941 0.295616 -3.007145 2
24.509941 0.295616 -3.007145 2
26.696672 2.163179 -0.836044 2
26.696672 2.163179 -0.836044 2
26.696672 2.163179 -0.836044 2
24.568789 1.754532 -1.479070 2
24.568789 1.754532 -1.479070 2
26.084984 2.009479 -1.580127 2
26.084984 2.009479 -1.580127 2
26.084984 2.009479 -1.580127 2
26.084984 2.009479 -1.580127 2
25.885893 1.891986 -1.420799 2
26.109247 2.065229 -1.561095 2
26.109247 2.065229 -1.561095 2
24.888412 1.711909 -1.386640 2
24.620226 1.706392 -1.583804 2
25.952497 1.828497 -1.545507 2
25.884493 1.780779 -1.493427 2
25.884493 1.780779 -1.493427 2
22.342747 1.339956 -1.674129 2
22.342747 1.339956 -1.674129 2
18.549019 1.964619 -1.522839 2
18.549019 1.964619 -1.522839 2
14.960325 -1.213457 -2.428235 2
14.960325 -1.213457 -2.428235 2
14.960325 -1.213457 -2.428235 2
6.184661 7.391576 -2.390155 2
6.184661 7.391576 -2.390155 2
6.546386 -0.779429 -1.710355 2
6.546386 -0.779429 -1.710355 2
1.961310 0.752465 -2.749383 2
1.961310 0.752465 -2.749383 2
1.961310 0.752465 -2.749383 2
3.225033 0.891089 -1.575574 2
3.225033 0.891089 -1.575574 2
0.984379 0.657318 -3.025851 2
0.984379 0.657318 -3.025851 2
0.984379 0.657318 -3.025851 2
3.347610 2.547216 -0.760276 2
3.347610 2.547216 -0.760276 2
2.038388 2.231038 -2.426398 2
2.038388 2.231038 -2.426398 2
1.818118 0.569476 -1.153456 2
1.818118 0.569476 -1.153456 2
1.818118 0.569476 -1.153456 2
-0.101457 1.329811 -1.994526 2
-0.101457 1.329811 -1.994526 2
2.130202 1.458179 -1.452550 2
2.130202 1.458179 -1.452550 2
2.130202 1.458179 -1.452550 2
2.130202 1.458179 -1.452550 2
0.281208 1.514885 -1.904052 2
2.230177 3.898983 -1.083284 2
2.230177 3.898983 -1.083284 2
2.343210 3.174348 -0.643173 2
2.343210 3.174348 -0.643173 2
1.540570 1.512053 -0.812661 2
1.540570 1.512053 -0.812661 2
0.545355 0.689524 -1.185726 2
0.764797 2.381232 -1.821301 2
0.764797 2.381232 -1.821301 2
2.196978 1.586965 -0.973302 2
2.196978 1.586965 -0.973302 2
2.448310 2.933027 -0.486827 2
2.448310 2.933027 -0.486827 2
1.721917 1.391471 -0.778277 2
-0.224597 4.345634 -1.497493 2
-0.224597 4.345634 -1.497493 2
2.502692 2.792388 -0.456454 2
2.502692 2.792388 -0.456454 2
1.335510 0.693465 -1.351656 2
1.335510 0.693465 -1.351656 2
2.460690 3.454527 -0.499179 2
2.460690 3.454527 -0.499179 2
2.460690 3.454527 -0.499179 2
1.133092 0.567259 -1.304080 2
1.133092 0.567259 -1.304080 2
3.207054 3.741310 -1.851304 2
3.207054 3.741310 -1.851304 2
-0.190409 -0.202612 -3.145917 2
1.898570 1.902111 -1.234028 2
1.898570 1.902111 -1.234028 2
2.429638 3.018377 -1.033342 2
2.429638 3.018377 -1.033342 2
-0.145017 -0.329794 -3.079412 2
-0.145017 -0.329794 -3.079412 2
0.313980 0.714608 -0.887302 2
2.979946 3.316200 -1.818990 2
2.979946 3.316200 -1.818990 2
0.785244 -1.628581 -3.468786 2
0.785244 -1.628581 -3.468786 2
-0.157038 0.626430 -1.218186 2
-0.157038 0.626430 -1.218186 2
1.715761 1.828058 -0.230329 2
0.740451 -1.624847 -3.512292 2
0.740451 -1.624847 -3.512292 2
1.362876 -0.309243 -0.857071 2
1.362876 -0.309243 -0.857071 2
2.692235 2.814789 -1.337561 2
2.692235 2.814789 -1.337561 2
-0.120532 3.548180 -1.199795 2
1.232412 4.560304 -1.107239 2
1.232412 4.560304 -1.107239 2
2.272156 4.224925 -0.602664 2
2.272156 4.224925 -0.602664 2
1.663407 1.990564 -1.387619 2
1.663407 1.990564 -1.387619 2
1.252867 4.566017 -1.105621 2
2.035239 4.913388 -0.553167 2
2.035239 4.913388 -0.553167 2
1.136338 -0.485665 -1.770233 2
1.136338 -0.485665 -1.770233 2
0.070698 0.718345 -0.918581 2
0.070698 0.718345 -0.918581 2
0.599442 -0.868499 -3.157517 2
2.322304 0.716994 -0.858323 2
2.322304 0.716994 -0.858323 2
2.372002 4.772988 -0.738511 2
2.372002 4.772988 -0.738511 2
4.788260 -1.567053 -1.748619 2
4.788260 -1.567053 -1.748619 2
4.788260 -1.567053 -1.748619 2
4.788260 -1.567053 -1.748619 2
4.788260 -1.567053 -1.748619 2
4.788260 -1.567053 -1.748619 2
4.788260 -1.567053 -1.748619 2
21.154146 2.465839 -0.735028 2
21.154146 2.465839 -0.735028 2
21.439190 2.324463 -0.878661 2
27.015635 0.211216 -2.497535 2
27.015635 0.211216 -2.497535 2
26.051247 2.558621 0.129069 2
26.051247 2.558621 0.129069 2
27.995836 -0.670334 -1.292051 2
24.507338 1.528314 -1.021527 2
24.507338 1.528314 -1.021527 2
24.507338 1.528314 -1.021527 2
24.877762 1.307999 -1.860247 2
24.817272 2.005788 -1.939210 2
24.817272 2.005788 -1.939210 2
24.586128 1.955548 -1.261546 2
24.586128 1.955548 -1.261546 2
26.715235 1.232409 -0.638666 2
26.715235 1.232409 -0.638666 2
26.715235 1.232409 -0.638666 2
24.998182 1.550225 -1.639918 2
24.998182 1.550225 -1.639918 2
25.134651 1.664146 -1.845103 2
25.134651 1.664146 -1.845103 2
25.024513 1.491503 -1.702284 2
25.024513 1.491503 -1.702284 2
25.024513 1.491503 -1.702284 2
25.096802 1.479929 -2.017365 2
25.096802 1.479929 -2.017365 2
24.853182 1.663268 -1.615449 2
24.853182 1.663268 -1.615449 2
25.199856 2.118981 -1.444145 2
26.150412 1.753739 -1.112696 2
26.150412 1.753739 -1.112696 2
24.589287 1.775669 -1.727320 2
24.589287 1.775669 -1.727320 2
25.224873 1.864054 -1.480752 2
25.224873 1.864054 -1.480752 2
24.233643 1.492265 -1.580191 2
25.141689 1.280510 -2.013536 2
25.141689 1.280510 -2.013536 2
25.271938 1.720392 -1.527040 2
25.271938 1.720392 -1.527040 2
24.209337 1.569627 -1.645257 2
24.675810 1.812803 -1.668829 2
25.581121 2.016484 -1.336923 2
25.377222 1.836579 -1.542027 2
25.377222 1.836579 -1.542027 2
24.193115 1.576963 -1.558723 2
24.193115 1.576963 -1.558723 2
25.370171 1.742149 -1.488759 2
25.129696 1.658648 -1.593711 2
25.129696 1.658648 -1.593711 2
24.313293 1.622574 -1.659695 2
24.313293 1.622574 -1.659695 2
24.599443 1.686512 -1.774327 2
24.599443 1.686512 -1.774327 2
25.366936 1.847645 -1.568588 2
24.206709 1.503417 -1.613762 2
24.206709 1.503417 -1.613762 2
25.486919 1.712694 -1.536726 2
25.419245 1.917068 -1.504132 2
25.419245 1.917068 -1.504132 2
25.419245 1.917068 -1.504132 2
25.419245 1.917068 -1.504132 2
25.458151 1.157402 -2.833084 2
25.458151 1.157402 -2.833084 2
24.995539 1.770583 -1.481051 2
24.803307 1.015878 -1.947440 2
25.854195 1.993461 -2.008584 2
25.854195 1.993461 -2.008584 2
25.288927 2.062785 -1.472070 2
25.288927 2.062785 -1.472070 2
24.267025 1.686454 -1.603577 2
24.267025 1.686454 -1.603577 2
25.394878 1.394592 -2.698754 2
25.394878 1.394592 -2.698754 2
25.394878 1.394592 -2.698754 2
24.312056 1.706493 -1.540467 2
24.312056 1.706493 -1.540467 2
25.388596 1.474288 -2.591016 2
25.096539 1.919595 -1.536669 2
25.096539 1.919595 -1.536669 2
24.234406 1.632951 -1.637305 2
24.234406 1.632951 -1.637305 2
25.661001 1.519930 -2.658162 2
25.661001 1.519930 -2.658162 2
24.486181 1.935189 -1.722233 2
24.224272 1.672925 -1.549579 2
24.224272 1.672925 -1.549579 2
25.434038 1.459311 -2.584330 2
25.434038 1.459311 -2.584330 2
24.506187 1.437506 -1.813550 2
23.395861 1.542216 -1.624495 2
23.395861 1.542216 -1.624495 2
23.395861 1.542216 -1.624495 2
20.205667 0.845642 -2.827018 2
17.054621 0.149492 -1.471687 2
17.054621 0.149492 -1.471687 2
10.687089 3.058144 -0.773208 2
10.687089 3.058144 -0.773208 2
6.831958 1.211587 -1.814599 2
5.727254 1.946800 -0.089560 2
2.549677 8.439871 -1.325076 2
2.549677 8.439871 -1.325076 2
2.549677 8.439871 -1.325076 2
1.979566 1.881752 -1.512675 2
1.979566 1.881752 -1.512675 2
2.077935 3.711874 -1.273008 2
2.077935 3.711874 -1.273008 2
1.282236 0.088304 -2.308245 2
1.819226 4.242970 -0.032913 2
1.819226 4.242970 -0.032913 2
2.065701 -1.655835 -2.336722 2
0.738064 -0.910435 -1.502523 2
1.532403 0.725592 -1.486945 2
1.532403 0.725592 -1.486945 2
3.144207 3.701333 -0.466395 2
0.830753 -1.212847 -2.727886 2
0.830753 -1.212847 -2.727886 2
-0.156245 -0.181913 -1.244868 2
2.339414 3.271969 -0.459159 2
4.157445 3.049680 -0.434728 2
-0.270060 -1.018691 -3.232605 2
-0.270060 -1.018691 -3.232605 2
3.144385 2.949053 -1.625977 2
3.144385 2.949053 -1.625977 2
3.259794 2.965540 -1.218794 2
0.783123 0.608834 -2.285030 2
0.270527 -0.652910 -1.246114 2
2.493790 2.181578 -1.420091 2
2.493790 2.181578 -1.420091 2
3.172837 3.367831 -1.017341 2
3.172837 3.367831 -1.017341 2
0.612511 -1.075542 -2.010179 2
2.683941 1.921722 -1.632375 2
2.562548 2.711963 -2.255455 2
2.562548 2.711963 -2.255455 2
0.831621 0.142204 -1.846363 2
0.831621 0.142204 -1.846363 2
1.094479 0.837834 -1.225685 2
1.584971 3.952348 -0.455192 2
1.584971 3.952348 -0.455192 2
0.719068 -0.847689 -2.203840 2
0.250016 -1.951486 -1.237150 2
2.560821 1.160025 -1.873326 2
1.640765 3.940755 -0.468385 2
3.577475 3.047310 -1.210377 2
1.094482 -1.061808 -1.430927 2
1.910573 1.123459 -1.524213 2
2.626377 1.712882 -1.749961 2
2.557890 4.161127 -2.182908 2
3.404452 3.434000 -1.260202 2
0.881385 -1.223298 -1.321494 2
0.881385 -1.223298 -1.321494 2
2.598246 1.470111 -1.833548 2
1.548492 4.227086 -0.544887 2
1.548492 4.227086 -0.544887 2
0.838603 1.057369 -1.937828 2
1.535109 1.398052 -1.649709 2
2.596949 1.946126 -1.572202 2
2.596949 1.946126 -1.572202 2
3.538182 3.056031 -1.243815 2
3.538182 3.056031 -1.243815 2
1.740905 2.102502 -1.396414 2
2.586379 1.491215 -1.899404 2
3.744681 5.595853 -2.849288 2
3.652006 3.089791 -1.454020 2
3.652006 3.089791 -1.454020 2
0.347700 1.759266 -1.760491 2
-4.817453 7.766334 -1.934051 2
-4.817453 7.766334 -1.934051 2
1.138241 1.703303 -0.371765 2
-0.426071 -0.373074 -1.511570 2
-0.426071 -0.373074 -1.511570 2
-0.426071 -0.373074 -1.511570 2
4.949903 7.502373 -2.139055 2
4.949903 7.502373 -2.139055 2
0.418727 -0.615750 -1.020950 2
1.606140 2.574077 -1.505194 2
1.606140 2.574077 -1.505194 2
7.294168 9.813519 -1.383164 2
7.294168 9.813519 -1.383164 2
0.258081 -0.608664 -1.189395 2
2.512989 3.192652 -1.648432 2
6.120522 7.739556 -1.235254 2
6.120522 7.739556 -1.235254 2
2.082808 0.686729 -2.026757 2
2.082808 0.686729 -2.026757 2
2.082808 0.686729 -2.026757 2
4.248906 5.270062 -1.727014 2
4.248906 5.270062 -1.727014 2
1.569592 1.053648 -1.271527 2
1.238809 -0.177934 -1.839414 2
1.238809 -0.177934 -1.839414 2
4.513706 1.803811 -1.068090 2
4.513706 1.803811 -1.068090 2
10.319197 4.236356 -1.765982 2
10.319197 4.236356 -1.765982 2
18.241030 -1.094571 -1.809650 2
18.241030 -1.094571 -1.809650 2
18.241030 -1.094571 -1.809650 2
18.241030 -1.094571 -1.809650 2
18.241030 -1.094571 -1.809650 2
18.241030 -1.094571 -1.809650 2
18.241030 -1.094571 -1.809650 2
18.241030 -1.094571 -1.809650 2
18.241030 -1.094571 -1.809650 2
18.241030 -1.094571 -1.809650 2
18.241030 -1.094571 -1.809650 2
18.241030 -1.094571 -1.809650 2
18.241030 -1.094571 -1.809650 2
18.241030 -1.094571 -1.809650 2
18.241030 -1.094571 -1.809650 2
18.241030 -1.094571 -1.809650 2
18.241030 -1.094571 -1.809650 2
18.241030 -1.094571 -1.809650 2
18.241030 -1.094571 -1.809650 2
18.241030 -1.094571 -1.809650 2
18.241030 -1.094571 -1.809650 2
18.241030 -1.094571 -1.809650 2
18.241030 -1.094571 -1.809650 2
18.241030 -1.094571 -1.809650 2
18.241030 -1.094571 -1.809650 2
18.241030 -1.094571 -1.809650 2
18.241030 -1.094571 -1.809650 2
18.241030 -1.094571 -1.809650 2
18.241030 -1.094571 -1.809650 2
18.241030 -1.094571 -1.809650 2
18.241030 -1.094571 -1.809650 2
18.241030 -1.094571 -1.809650 2
18.241030 -1.094571 -1.809650 2
18.241030 -1.094571 -1.809650 2
18.241030 -1.094571 -1.809650 2
18.241030 -1.094571 -1.809650 2
18.241030 -1.094571 -1.809650 2
18.241030 -1.094571 -1.809650 2
18.241030 -1.094571 -1.809650 2
18.241030 -1.094571 -1.809650 2
18.241030 -1.094571 -1.809650 2
18.241030 -1.094571 -1.809650 2
18.241030 -1.094571 -1.809650 2
18.241030 -1.094571 -1.809650 2
18.241030 -1.094571 -1.809650 2
18.241030 -1.094571 -1.809650 2
18.241030 -1.094571 -1.809650 2
18.241030 -1.094571 -1.809650 2
18.241030 -1.094571 -1.809650 2
18.241030 -1.094571 -1.809650 2
18.241030 -1.094571 -1.809650 2
18.241030 -1.094571 -1.809650 2
18.241030 -1.094571 -1.809650 2
18.241030 -1.094571 -1.809650 2
18.241030 -1.094571 -1.809650 2
18.241030 -1.094571 -1.809650 2
18.241030 -1.094571 -1.809650 2
18.241030 -1.094571 -1.809650 2
18.241030 -1.094571 -1.809650 2
18.241030 -1.094571 -1.809650 2
18.241030 -1.094571 -1.809650 2
18.241030 -1.094571 -1.809650 2
18.241030 -1.094571 -1.809650 2
18.241030 -1.094571 -1.809650 2
18.241030 -1.094571 -1.809650 2
18.241030 -1.094571 -1.809650 2
18.241030 -1.094571 -1.809650 2
18.241030 -1.094571 -1.809650 2
18.241030 -1.094571 -1.809650 2
18.241030 -1.094571 -1.809650 2
18.241030 -1.094571 -1.809650 2
18.241030 -1.094571 -1.809650 2
18.241030 -1.094571 -1.809650 2
18.241030 -1.094571 -1.809650 2
18.241030 -1.094571 -1.809650 2
18.241030 -1.094571 -1.809650 2
18.241030 -1.094571 -1.809650 2
18.241030 -1.094571 -1.809650 2
18.241030 -1.094571 -1.809650 2
18.241030 -1.094571 -1.809650 2
18.241030 -1.094571 -1.809650 2
18.241030 -1.094571 -1.809650 2
18.241030 -1.094571 -1.809650 2
18.241030 -1.094571 -1.809650 2
18.241030 -1.094571 -1.809650 2
18.241030 -1.094571 -1.809650 2
18.241030 -1.094571 -1.809650 2
18.241030 -1.094571 -1.809650 2
18.241030 -1.094571 -1.809650 2
18.241030 -1.094571 -1.809650 2
18.241030 -1.094571 -1.809650 2
18.241030 -1.094571 -1.809650 2
18.241030 -1.094571 -1.809650 2
18.241030 -1.094571 -1.809650 2
18.241030 -1.094571 -1.809650 2
18.241030 -1.094571 -1.809650 2
25.993744 0.928539 -2.074072 2
22.383080 0.733732 -1.632858 2
19.194172 3.001754 -1.494360 2
19.194172 3.001754 -1.494360 2
10.872043 -1.899695 -0.513145 2
10.872043 -1.899695 -0.513145 2
10.872043 -1.899695 -0.513145 2
1.594708 2.657649 -1.751280 2
1.594708 2.657649 -1.751280 2
7.364034 -2.704416 -0.911338 2
6.934096 2.216709 -0.551448 2
6.278783 6.813340 2.217367 2
2.142363 -1.796079 -3.469465 2
6.798143 -7.425591 -0.522116 2
6.798143 -7.425591 -0.522116 2
2.663271 3.870578 0.150370 2
3.376376 2.770512 -0.404759 2
1.705800 -0.987700 -3.095317 2
-0.228256 -0.969338 -1.011832 2
1.886510 1.711938 -1.657406 2
1.886510 1.711938 -1.657406 2
2.916900 1.748791 -0.968151 2
2.916900 1.748791 -0.968151 2
-0.592454 -0.783194 -1.290255 2
2.266238 1.116532 -1.536268 2
3.083303 3.648130 -0.329711 2
3.083303 3.648130 -0.329711 2
1.009133 -0.599740 -3.148697 2
0.267322 -0.726445 -1.185012 2
2.377355 0.820885 -1.536733 2
2.679897 3.541389 -0.293282 2
5.351327 4.244900 -0.295016 2
0.141873 -0.637872 -2.507819 2
0.141873 -0.637872 -2.507819 2
2.192780 1.244759 -1.655674 2
2.527042 3.973682 -0.451955 2
3.150757 2.725531 -1.353220 2
0.778580 -0.947335 -2.154133 2
0.792918 -1.193839 -1.222574 2
2.412061 2.204749 -1.589186 2
2.877005 4.000205 -1.907282 2
3.225677 3.365842 -1.334318 2
0.892544 -0.854103 -1.963223 2
1.954392 1.520746 -1.558246 2
2.123055 1.203788 -1.673671 2
3.539608 4.997685 -1.986623 2
3.206331 3.359832 -1.471037 2
1.123369 -0.259278 -1.935978 2
1.630223 1.799843 -1.540798 2
2.203190 1.214420 -1.432743 2
4.755317 6.752401 -2.345787 2
3.070695 3.111150 -1.294444 2
0.784072 1.511341 -1.756527 2
0.784072 1.511341 -1.756527 2
2.302303 1.115439 -1.748946 2
2.302303 1.115439 -1.748946 2
3.818136 0.807367 -1.499314 2
0.811468 1.647401 -1.809643 2
-5.140647 7.286192 -1.896663 2
-5.140647 7.286192 -1.896663 2
-5.140647 7.286192 -1.896663 2
2.832871 2.664576 -1.387399 2
0.815335 -0.739521 -1.066091 2
0.815335 -0.739521 -1.066091 2
0.815335 -0.739521 -1.066091 2
1.917411 3.507910 -2.113406 2
3.620580 2.106512 -0.325293 2
0.328401 -0.219304 -1.463119 2
2.230866 2.566479 -1.677704 2
2.230866 2.566479 -1.677704 2
6.582879 9.472883 -1.897602 2
1.818368 2.224910 -1.722844 2
0.675912 -0.778381 -1.220196 2
4.485272 6.298295 -1.961774 2
6.331846 7.773609 -0.773730 2
6.331846 7.773609 -0.773730 2
1.539661 2.068907 -1.686619 2
0.179860 -0.167429 -1.582320 2
2.326954 3.293639 -1.715879 2
3.299820 4.803051 -1.621294 2
3.299820 4.803051 -1.621294 2
2.003815 1.017816 -1.490657 2
0.732332 -0.592503 -1.310165 2
2.584212 3.127084 -1.901041 2
1.946991 3.953897 -0.396669 2
1.946991 3.953897 -0.396669 2
1.400550 1.364991 -1.431078 2
0.557775 -0.122123 -1.697464 2
1.691888 0.676327 -1.742446 2
2.865034 4.562775 -1.058347 2
7.696812 7.909863 -0.835434 2
7.696812 7.909863 -0.835434 2
0.636184 -0.131080 -1.481747 2
0.805888 -0.304953 -2.230758 2
0.805888 -0.304953 -2.230758 2
0.805888 -0.304953 -2.230758 2
1.849103 2.900556 -1.167639 2
0.763464 0.127403 -1.394208 2
3.573475 2.562625 -1.699535 2
3.573475 2.562625 -1.699535 2
3.573475 2.562625 -1.699535 2
5.523281 1.386787 -2.763991 2
9.055323 0.619065 -2.425453 2
9.055323 0.619065 -2.425453 2
9.055323 0.619065 -2.425453 2
9.055323 0.619065 -2.425453 2
25.735161 0.507848 -2.780448 2
25.735161 0.507848 -2.780448 2
28.809275 0.222014 0.564062 2
28.809275 0.222014 0.564062 2
28.809275 0.222014 0.564062 2
28.809275 0.222014 0.564062 2
28.809275 0.222014 0.564062 2
28.809275 0.222014 0.564062 2
28.809275 0.222014 0.564062 2
28.809275 0.222014 0.564062 2
28.809275 0.222014 0.564062 2
28.809275 0.222014 0.564062 2
28.809275 0.222014 0.564062 2
28.809275 0.222014 0.564062 2
28.809275 0.222014 0.564062 2
28.809275 0.222014 0.564062 2
28.809275 0.222014 0.564062 2
32.243618 2.475318 -0.331236 2
32.243618 2.475318 -0.331236 2
32.243618 2.475318 -0.331236 2
32.016533 3.520998 0.649107 2
32.016533 3.520998 0.649107 2
32.016533 3.520998 0.649107 2
32.016533 3.520998 0.649107 2
32.016533 3.520998 0.649107 2
32.016533 3.520998 0.649107 2
32.016533 3.520998 0.649107 2
32.016533 3.520998 0.649107 2
32.435555 3.647476 -0.289511 2
32.435555 3.647476 -0.289511 2
32.435555 3.647476 -0.289511 2
32.435555 3.647476 -0.289511 2
32.435555 3.647476 -0.289511 2
32.435555 3.647476 -0.289511 2
32.435555 3.647476 -0.289511 2
31.893999 3.366100 0.011399 2
31.893999 3.366100 0.011399 2
31.893999 3.366100 0.011399 2
31.893999 3.366100 0.011399 2
31.893999 3.366100 0.011399 2
31.893999 3.366100 0.011399 2
31.893999 3.366100 0.011399 2
31.494360 2.896799 -0.903247 2
31.494360 2.896799 -0.903247 2
31.494360 2.896799 -0.903247 2
31.494360 2.896799 -0.903247 2
31.494360 2.896799 -0.903247 2
31.494360 2.896799 -0.903247 2
31.494360 2.896799 -0.903247 2
31.494360 2.896799 -0.903247 2
31.925632 3.595303 0.313319 2
31.925632 3.595303 0.313319 2
31.925632 3.595303 0.313319 2
31.925632 3.595303 0.313319 2
31.925632 3.595303 0.313319 2
31.925632 3.595303 0.313319 2
31.925632 3.595303 0.313319 2
31.925632 3.595303 0.313319 2
31.925632 3.595303 0.313319 2
31.925632 3.595303 0.313319 2
31.698984 3.292754 0.113978 2
31.698984 3.292754 0.113978 2
31.698984 3.292754 0.113978 2
31.698984 3.292754 0.113978 2
31.698984 3.292754 0.113978 2
31.698984 3.292754 0.113978 2
31.698984 3.292754 0.113978 2
31.698984 3.292754 0.113978 2
31.708452 3.118715 -0.318129 2
31.708452 3.118715 -0.318129 2
31.708452 3.118715 -0.318129 2
31.708452 3.118715 -0.318129 2
33.128967 4.085940 0.114377 2
33.128967 4.085940 0.114377 2
33.128967 4.085940 0.114377 2
32.956985 3.573218 0.635252 2
32.956985 3.573218 0.635252 2
32.956985 3.573218 0.635252 2
32.956985 3.573218 0.635252 2
32.956985 3.573218 0.635252 2
32.956985 3.573218 0.635252 2
32.956985 3.573218 0.635252 2
32.956985 3.573218 0.635252 2
32.956985 3.573218 0.635252 2
32.956985 3.573218 0.635252 2
32.956985 3.573218 0.635252 2
32.956985 3.573218 0.635252 2
32.956985 3.573218 0.635252 2
32.956985 3.573218 0.635252 2
32.956985 3.573218 0.635252 2
32.956985 3.573218 0.635252 2
32.956985 3.573218 0.635252 2
32.956985 3.573218 0.635252 2
31.967745 3.603719 -0.280045 2
31.967745 3.603719 -0.280045 2
26.102896 2.271848 -1.355367 2
25.074543 2.393715 -1.513038 2
25.074543 2.393715 -1.513038 2
25.074543 2.393715 -1.513038 2
25.074543 2.393715 -1.513038 2
25.074543 2.393715 -1.513038 2
25.074543 2.393715 -1.513038 2
9.987844 -0.195634 -2.610831 2
9.987844 -0.195634 -2.610831 2
5.709170 2.964615 -0.457614 2
3.371650 1.913534 -2.072936 2
3.371650 1.913534 -2.072936 2
6.327967 -2.827596 -0.765719 2
6.327967 -2.827596 -0.765719 2
8.629557 -5.597887 -1.660295 2
8.629557 -5.597887 -1.660295 2
0.894632 -0.190172 -2.603967 2
2.438644 3.391166 -1.618298 2
2.438644 3.391166 -1.618298 2
3.649409 2.770911 -0.685108 2
0.688854 0.011482 -2.944586 2
6.226871 -5.558525 -0.252655 2
2.499450 2.368254 -1.600511 2
1.919116 4.305181 -0.412577 2
3.762004 2.812644 -1.313142 2
0.084244 -0.514796 -2.621933 2
1.055111 -0.163241 -1.294203 2
1.055111 -0.163241 -1.294203 2
2.559453 0.951106 -1.697435 2
7.054745 -2.776493 -0.486277 2
0.252894 -1.172376 -1.877152 2
1.802010 1.951622 -1.512305 2
2.698751 2.180490 -1.587574 2
2.652120 4.217108 -2.391719 2
7.669224 7.677347 -1.399257 2
1.008912 -0.928973 -1.228608 2
1.799069 1.795722 -1.396784 2
2.733434 1.144670 -1.955151 2
2.189501 3.878110 -2.525640 2
3.701619 3.373281 -1.259671 2
3.701619 3.373281 -1.259671 2
1.957085 2.022672 -1.326878 2
1.597480 -0.137042 -0.626668 2
3.554596 6.145145 -2.829827 2
3.741045 3.230443 -1.203510 2
3.741045 3.230443 -1.203510 2
0.293137 4.089145 -0.792795 2
2.791839 2.019169 -1.565035 2
3.656758 5.750903 -2.801134 2
3.656758 5.750903 -2.801134 2
0.537799 1.604994 -1.680208 2
-4.345363 7.249818 -1.823306 2
-4.345363 7.249818 -1.823306 2
-0.864965 -8.402416 0.926808 2
-0.864965 -8.402416 0.926808 2
3.931523 2.299726 -0.399027 2
1.830148 2.720471 -1.546472 2
2.706503 2.006470 -1.668065 2
7.010607 9.533193 -1.536544 2
1.880999 2.291820 -1.789720 2
0.448332 -0.567678 -1.144379 2
0.448332 -0.567678 -1.144379 2
3.756928 3.695227 -1.588789 2
8.025757 10.515526 -3.559165 2
2.180892 2.344384 -1.884638 2
0.431397 -0.556357 -1.137447 2
0.431397 -0.556357 -1.137447 2
9.678219 10.343063 -0.532709 2
7.600004 9.868925 -1.531807 2
1.588001 0.594250 -1.796474 2
1.588001 0.594250 -1.796474 2
2.015393 2.916223 -1.559978 2
2.015393 2.916223 -1.559978 2
5.919302 8.845251 -1.402938 2
2.234901 1.047977 -1.851057 2
0.400113 -0.662788 -1.269357 2
1.062955 0.204144 -1.288827 2
2.416580 3.103424 -1.270153 2
2.416580 3.103424 -1.270153 2
2.948046 4.436113 -1.682641 2
0.221322 -0.183379 -1.174981 2
0.932783 0.020155 -1.063449 2
2.327418 2.884869 -1.624537 2
6.489763 7.369683 -0.908142 2
1.130147 -0.688109 -2.232738 2
0.049006 -0.640500 -1.254800 2
1.271206 0.173397 -2.270981 2
2.690430 3.157195 -1.581650 2
1.947516 3.724137 -0.397425 2
1.947516 3.724137 -0.397425 2
