1.043069 3.070657 -1.740348 2
1.043069 3.070657 -1.740348 2
-0.176672 1.395337 -2.590327 2
-0.176672 1.395337 -2.590327 2
1.705625 1.001169 -2.820850 2
1.943693 1.612772 -3.017128 2
1.943693 1.612772 -3.017128 2
1.422323 -1.074867 -1.111546 2
-1.174083 1.200454 -2.533017 2
1.557611 0.923388 -2.968587 2
1.653693 0.957174 -2.460542 2
1.653693 0.957174 -2.460542 2
2.226194 1.473288 -2.158608 2
2.226194 1.473288 -2.158608 2
-0.516517 -0.327683 -0.171135 2
1.193044 0.721880 -2.062972 2
0.666270 0.873393 -1.573993 2
0.666270 0.873393 -1.573993 2
0.666270 0.873393 -1.573993 2
0.666270 0.873393 -1.573993 2
0.666270 0.873393 -1.573993 2
1.786303 0.590227 -1.637687 2
1.252023 0.696391 -1.153126 2
2.628961 0.479056 -0.292948 2
2.628961 0.479056 -0.292948 2
2.628961 0.479056 -0.292948 2
0.720495 -0.121522 -2.050232 2
0.720495 -0.121522 -2.050232 2
0.557409 0.308285 -1.218371 2
1.024500 1.367968 -1.380698 2
2.570344 3.330041 -1.257671 2
2.570344 3.330041 -1.257671 2
2.570344 3.330041 -1.257671 2
0.921444 1.048237 -1.221593 2
0.921444 1.048237 -1.221593 2
0.178198 1.510584 -0.141676 2
0.178198 1.510584 -0.141676 2
2.132027 1.485594 -0.972388 2
0.256725 0.026413 -2.044068 2
0.256725 0.026413 -2.044068 2
0.746475 1.742390 0.100528 2
0.746475 1.742390 0.100528 2
1.772124 1.113324 -1.080894 2
1.772124 1.113324 -1.080894 2
1.772124 1.113324 -1.080894 2
1.772124 1.113324 -1.080894 2
1.772124 1.113324 -1.080894 2
1.693000 2.113217 -0.520330 2
1.693000 2.113217 -0.520330 2
0.308548 -0.777445 -1.821052 2
0.308548 -0.777445 -1.821052 2
0.308548 -0.777445 -1.821052 2
2.573934 0.878294 -0.372491 2
2.573934 0.878294 -0.372491 2
0.282270 -1.044447 -3.912562 2
0.282270 -1.044447 -3.912562 2
2.179412 1.313830 -1.972498 2
2.574382 1.079435 -0.404284 2
1.076203 -0.697694 -3.549886 2
1.076203 -0.697694 -3.549886 2
1.076203 -0.697694 -3.549886 2
1.369697 0.316314 -1.871941 2
1.369697 0.316314 -1.871941 2
0.338777 -0.991452 -3.875759 2
0.566381 -0.586805 -2.416334 2
1.710943 0.982161 -1.104990 2
2.558776 3.229692 -1.945071 2
2.558776 3.229692 -1.945071 2
0.746163 1.477611 -1.575300 2
0.746163 1.477611 -1.575300 2
1.964934 1.138279 -1.292355 2
2.038003 1.434406 -2.297814 2
2.038003 1.434406 -2.297814 2
2.038003 1.434406 -2.297814 2
2.038003 1.434406 -2.297814 2
1.765008 0.549253 -1.761281 2
1.765008 0.549253 -1.761281 2
1.765008 0.549253 -1.761281 2
1.765008 0.549253 -1.761281 2
1.765008 0.549253 -1.761281 2
0.850485 0.713102 -1.950739 2
0.850485 0.713102 -1.950739 2
0.767675 1.706513 -0.681047 2
2.089281 0.900758 -0.498586 2
2.089281 0.900758 -0.498586 2
0.634796 1.903974 -1.326155 2
0.889922 2.238086 -0.760749 2
0.889922 2.238086 -0.760749 2
0.889922 2.238086 -0.760749 2
1.271146 -0.459736 -2.156027 2
1.271146 -0.459736 -2.156027 2
1.227879 2.351339 -0.836978 2
1.227879 2.351339 -0.836978 2
0.762415 1.913127 -0.923786 2
2.255672 -0.394435 -2.170039 2
2.255672 -0.394435 -2.170039 2
2.558637 4.587526 -2.166214 2
2.558637 4.587526 -2.166214 2
2.558637 4.587526 -2.166214 2
2.558637 4.587526 -2.166214 2
2.558637 4.587526 -2.166214 2
2.558637 4.587526 -2.166214 2
2.558637 4.587526 -2.166214 2
2.558637 4.587526 -2.166214 2
2.558637 4.587526 -2.166214 2
8.762798 1.439041 -2.362471 2
8.084481 1.204425 -1.342261 2
8.923072 0.952638 -2.711038 2
8.738781 1.594149 -2.031018 2
8.738781 1.594149 -2.031018 2
9.427773 1.220360 -2.853463 2
9.427773 1.220360 -2.853463 2
8.767808 1.660296 -1.977058 2
8.767808 1.660296 -1.977058 2
11.473990 3.743792 -2.618649 2
8.295653 1.868126 -1.827080 2
8.259815 1.222209 -2.459722 2
8.259815 1.222209 -2.459722 2
8.259815 1.222209 -2.459722 2
10.618445 1.993715 -1.894327 2
9.321131 0.666729 -2.156003 2
9.025835 1.434517 -2.141932 2
9.025835 1.434517 -2.141932 2
9.025835 1.434517 -2.141932 2
10.429586 1.449664 -2.767101 2
9.626795 1.243578 -2.163048 2
9.626795 1.243578 -2.163048 2
8.848475 1.280332 -2.286582 2
8.848475 1.280332 -2.286582 2
8.614803 1.741863 -1.893172 2
8.203764 0.832321 -2.078129 2
8.203764 0.832321 -2.078129 2
9.014060 1.321077 -2.146525 2
9.014060 1.321077 -2.146525 2
8.921923 1.821616 -1.903589 2
8.814750 1.187306 -2.920007 2
8.814750 1.187306 -2.920007 2
9.062274 1.349144 -2.237059 2
9.062274 1.349144 -2.237059 2
8.814060 1.130316 -1.677887 2
8.456856 1.099063 -2.866786 2
8.456856 1.099063 -2.866786 2
9.178945 1.444871 -2.509483 2
9.178945 1.444871 -2.509483 2
8.920256 1.421750 -1.437132 2
9.141185 1.773083 -2.588124 2
9.141185 1.773083 -2.588124 2
9.085412 1.318952 -2.506636 2
9.329242 1.662136 -1.827917 2
8.952166 1.477887 -1.554654 2
9.200573 1.244961 -2.576628 2
9.200573 1.244961 -2.576628 2
8.693777 1.816170 -2.214446 2
8.399912 1.364438 -2.911424 2
8.598467 1.011218 -2.919536 2
6.271937 1.750710 -1.959789 2
6.271937 1.750710 -1.959789 2
4.068722 3.031162 -1.771628 2
5.194608 2.510895 -1.241974 2
5.194608 2.510895 -1.241974 2
3.356761 4.320138 -1.201659 2
2.880219 0.805353 -2.151317 2
2.880219 0.805353 -2.151317 2
2.183675 2.298303 -0.887950 2
2.183675 2.298303 -0.887950 2
3.718558 3.014039 -1.456120 2
2.461823 2.059690 -2.828252 2
2.268494 0.401443 -1.859425 2
2.411489 2.126772 -0.779244 2
2.411489 2.126772 -0.779244 2
7.316532 7.124407 -1.445980 2
1.942439 4.104455 -1.254127 2
2.614557 -0.404354 -0.017194 2
1.387507 2.749432 -0.532503 2
2.522729 4.531152 -0.995393 2
2.522729 4.531152 -0.995393 2
0.945068 -2.365494 -1.515361 2
1.707016 0.786984 -1.665464 2
1.476277 2.413774 -0.694928 2
2.301245 3.719856 -1.220960 2
0.040483 2.686380 0.799462 2
2.283477 0.396578 -2.488766 2
1.709561 0.401637 -0.858928 2
1.332148 1.846667 -0.906150 2
1.332148 1.846667 -0.906150 2
1.043996 2.149707 -0.764477 2
1.043996 2.149707 -0.764477 2
1.174014 0.150029 -0.996000 2
0.245132 1.247887 -1.331190 2
1.629331 2.014533 -0.501788 2
1.629331 2.014533 -0.501788 2
1.049890 1.364166 -1.721428 2
1.049890 1.364166 -1.721428 2
1.049890 1.364166 -1.721428 2
1.049890 1.364166 -1.721428 2
1.049890 1.364166 -1.721428 2
0.867364 0.596372 -1.492314 2
0.867364 0.596372 -1.492314 2
0.867364 0.596372 -1.492314 2
0.867364 0.596372 -1.492314 2
0.867364 0.596372 -1.492314 2
2.503678 4.173535 -1.645832 2
2.503678 4.173535 -1.645832 2
0.236691 2.335870 -1.215829 2
4.232674 5.109294 -2.026718 2
4.232674 5.109294 -2.026718 2
3.914930 1.982911 -1.506207 2
0.283208 0.339809 -1.859784 2
2.680628 2.224040 -1.601582 2
2.280965 3.394556 -0.047725 2
7.949534 10.397401 -1.940758 2
3.426180 3.706699 -2.295208 2
0.497262 0.313466 -1.681873 2
2.397792 1.904114 -1.950417 2
-0.121349 2.083748 0.021414 2
-0.121349 2.083748 0.021414 2
3.540197 3.429461 -1.615330 2
0.136479 -0.070763 -2.090014 2
0.136479 -0.070763 -2.090014 2
2.492163 2.191687 -0.919741 2
2.492163 2.191687 -0.919741 2
3.543027 3.466498 -1.602536 2
1.274598 -0.327616 -1.939414 2
2.002794 0.832523 -1.672895 2
2.395539 3.348771 -1.900925 2
2.395539 3.348771 -1.900925 2
3.513588 3.463522 -1.535974 2
1.608394 -0.385184 -2.351635 2
2.682930 -0.224818 -0.017181 2
2.320668 3.219700 -1.865773 2
2.320668 3.219700 -1.865773 2
3.508335 3.254751 -1.512344 2
1.139302 0.119733 -2.653300 2
2.736961 -0.406536 0.147201 2
2.265589 3.320548 -1.817522 2
2.265589 3.320548 -1.817522 2
1.874630 1.366930 -0.254255 2
1.994712 0.914598 -2.220169 2
1.431341 1.108009 -1.371552 2
2.785544 2.232784 -1.963504 2
2.785544 2.232784 -1.963504 2
3.364164 3.222031 -1.392683 2
2.140898 0.731386 -2.163923 2
0.845440 -0.338983 -1.508610 2
2.497437 1.794699 -2.115397 2
2.497437 1.794699 -2.115397 2
5.729262 5.302192 -0.809846 2
3.356415 1.193805 -0.825471 2
0.799050 0.362020 -1.952610 2
1.637989 1.302213 -2.158190 2
1.637989 1.302213 -2.158190 2
5.240072 6.894512 -1.840289 2
3.293607 1.592723 -1.299127 2
1.195464 1.238905 -1.420290 2
5.201364 3.515326 -0.934636 2
5.201364 3.515326 -0.934636 2
5.201364 3.515326 -0.934636 2
7.502483 1.243575 -2.590948 2
7.838500 3.104209 -3.670536 2
7.706963 1.414092 -1.967328 2
6.901238 2.465636 -1.717935 2
6.901238 2.465636 -1.717935 2
6.901238 2.465636 -1.717935 2
10.289818 1.636830 -2.927045 2
8.004263 1.490150 -1.500961 2
8.267560 2.106948 -2.116565 2
8.267560 2.106948 -2.116565 2
9.219298 1.545395 -2.104241 2
9.100205 2.163600 -3.057368 2
8.555201 1.217646 -2.010450 2
8.423234 1.870007 -2.144449 2
8.423234 1.870007 -2.144449 2
8.423234 1.870007 -2.144449 2
9.479085 0.862069 -2.988362 2
9.479085 0.862069 -2.988362 2
8.245321 1.645414 -1.799874 2
8.245321 1.645414 -1.799874 2
7.641890 1.083458 -1.393093 2
8.600234 1.744450 -2.401962 2
8.596976 1.729656 -2.547269 2
8.339529 1.646544 -1.679482 2
8.339529 1.646544 -1.679482 2
8.373923 1.467849 -1.645448 2
8.537385 1.847104 -2.446816 2
8.032109 1.115863 -2.274378 2
8.532388 1.750749 -1.871547 2
8.532388 1.750749 -1.871547 2
9.669662 2.815938 -1.770420 2
8.755555 1.607147 -2.598607 2
8.005835 1.180749 -2.009875 2
8.387883 1.293232 -1.888401 2
8.387883 1.293232 -1.888401 2
8.604992 1.907926 -2.360102 2
9.353291 1.531976 -2.904325 2
7.828053 1.120827 -1.359836 2
8.321244 1.177981 -1.796465 2
13.273143 6.372473 -0.729714 2
8.662548 1.951915 -2.330340 2
9.071325 2.416552 -3.349238 2
8.438931 4.100039 -3.898310 2
8.780656 1.721604 -1.915816 2
8.394306 0.799267 -2.548616 2
8.394306 0.799267 -2.548616 2
9.568235 1.466594 -2.747885 2
9.646043 3.164207 -3.314594 2
8.458997 1.432203 -1.916584 2
8.458997 1.432203 -1.916584 2
8.458997 1.432203 -1.916584 2
8.458997 1.432203 -1.916584 2
9.397886 3.319857 -1.995878 2
8.123506 1.834889 -1.493728 2
8.123506 1.834889 -1.493728 2
8.055376 1.853114 -0.600765 2
8.055376 1.853114 -0.600765 2
8.808522 1.862922 -2.764398 2
8.808522 1.862922 -2.764398 2
8.808522 1.862922 -2.764398 2
7.784524 1.663792 -0.496955 2
7.784524 1.663792 -0.496955 2
8.338696 -0.416054 -2.740789 2
8.338696 -0.416054 -2.740789 2
8.926724 1.382759 -1.746028 2
8.461466 1.256698 -2.005700 2
8.461466 1.256698 -2.005700 2
8.289712 -0.028018 -2.498404 2
8.289712 -0.028018 -2.498404 2
8.954108 1.364287 -1.777464 2
8.954108 1.364287 -1.777464 2
8.146845 1.484887 -1.449873 2
8.604280 2.056998 -2.597130 2
8.604280 2.056998 -2.597130 2
8.478427 2.167512 -2.021448 2
8.478427 2.167512 -2.021448 2
8.675859 2.286898 -2.425148 2
8.675859 2.286898 -2.425148 2
8.565354 1.171489 -2.308753 2
8.584360 1.381353 -2.278327 2
10.295235 4.333517 -1.216506 2
8.820043 1.548576 -2.798042 2
8.820043 1.548576 -2.798042 2
8.990825 2.192909 -2.504746 2
8.990825 2.192909 -2.504746 2
8.461712 2.310999 -1.887323 2
8.461712 2.310999 -1.887323 2
8.839732 1.542174 -2.454790 2
8.700399 1.822320 -2.245687 2
8.700399 1.822320 -2.245687 2
8.922458 1.882166 -1.604695 2
8.922458 1.882166 -1.604695 2
9.727682 2.852659 -3.250235 2
9.727682 2.852659 -3.250235 2
8.459592 1.757584 -1.887455 2
8.932976 1.714073 -1.644254 2
8.932976 1.714073 -1.644254 2
6.988329 3.740158 -2.927644 2
6.988329 3.740158 -2.927644 2
6.988329 3.740158 -2.927644 2
5.837467 4.744943 -1.905860 2
5.837467 4.744943 -1.905860 2
1.927210 5.511555 -1.182266 2
1.927210 5.511555 -1.182266 2
3.215164 2.610728 -2.129069 2
3.215164 2.610728 -2.129069 2
3.215164 2.610728 -2.129069 2
6.587704 7.895310 -1.080227 2
1.163640 -0.496801 -2.417953 2
2.538388 3.150519 -1.611296 2
2.538388 3.150519 -1.611296 2
1.822899 2.809208 -0.349719 2
1.822899 2.809208 -0.349719 2
1.677431 -0.348922 -3.097527 2
1.759770 0.790421 -0.910767 2
2.359456 2.431201 -1.571676 2
5.603684 7.735637 1.635629 2
5.603684 7.735637 1.635629 2
0.510567 0.374985 -1.237040 2
0.510567 0.374985 -1.237040 2
2.185055 2.037861 -1.340450 2
2.185055 2.037861 -1.340450 2
2.185055 2.037861 -1.340450 2
0.221192 0.027058 -1.657963 2
0.221192 0.027058 -1.657963 2
1.373302 1.782140 -1.601149 2
1.373302 1.782140 -1.601149 2
1.373302 1.782140 -1.601149 2
3.784864 2.272819 -1.513057 2
0.521788 -0.716064 -2.772873 2
2.335042 2.348382 -1.824528 2
2.335042 2.348382 -1.824528 2
3.253146 3.752828 -1.487351 2
3.253146 3.752828 -1.487351 2
0.372741 1.067543 -1.116506 2
2.558254 2.104466 -1.771049 2
1.712677 2.498249 -1.161400 2
3.371412 3.547854 -1.526348 2
3.371412 3.547854 -1.526348 2
0.339208 0.600525 -2.457269 2
0.339208 0.600525 -2.457269 2
0.339208 0.600525 -2.457269 2
0.339208 0.600525 -2.457269 2
0.339208 0.600525 -2.457269 2
2.302116 0.642577 -0.665245 2
2.302116 0.642577 -0.665245 2
2.385343 3.563204 -1.877927 2
2.385343 3.563204 -1.877927 2
3.704196 2.859826 -1.466181 2
1.178142 -0.113699 -2.749793 2
2.760885 0.086452 -0.374700 2
2.404797 3.439945 -1.849449 2
2.404797 3.439945 -1.849449 2
0.468960 0.484066 -2.724007 2
0.468960 0.484066 -2.724007 2
2.504945 2.998260 -1.868022 2
2.504945 2.998260 -1.868022 2
2.504945 2.998260 -1.868022 2
0.501312 0.376269 -2.847452 2
0.501312 0.376269 -2.847452 2
2.583891 2.772443 -1.911543 2
2.583891 2.772443 -1.911543 2
2.583891 2.772443 -1.911543 2
2.447954 4.512185 -0.350086 2
1.326211 0.419865 -2.320528 2
2.588271 2.753222 -1.934884 2
2.588271 2.753222 -1.934884 2
2.588271 2.753222 -1.934884 2
2.588271 2.753222 -1.934884 2
4.634969 6.776352 -2.502011 2
0.840072 0.333133 -1.701825 2
1.658069 1.515648 -2.053066 2
1.658069 1.515648 -2.053066 2
1.658069 1.515648 -2.053066 2
0.839924 1.409935 -1.397971 2
0.839924 1.409935 -1.397971 2
2.421125 2.288266 -1.775555 2
6.462464 8.424321 -1.453404 2
6.462464 8.424321 -1.453404 2
2.179380 1.428123 -1.142103 2
2.179380 1.428123 -1.142103 2
1.605119 1.361615 -2.315073 2
1.605119 1.361615 -2.315073 2
1.605119 1.361615 -2.315073 2
2.917786 4.094181 -1.415184 2
0.964068 1.252152 -1.231985 2
2.116873 3.369318 -1.715248 2
2.116873 3.369318 -1.715248 2
3.090458 3.537384 -1.578966 2
3.090458 3.537384 -1.578966 2
1.611090 0.035736 -2.360126 2
1.857186 1.118792 -1.072961 2
2.458930 2.305686 -1.763529 2
2.458930 2.305686 -1.763529 2
3.122310 3.331992 -1.514234 2
2.865453 -0.008781 -0.551504 2
2.865453 -0.008781 -0.551504 2
2.301983 3.097966 -1.886876 2
2.301983 3.097966 -1.886876 2
4.849942 5.013713 -2.316354 2
4.757405 0.539047 -2.855597 2
4.757405 0.539047 -2.855597 2
8.579834 2.692496 -1.646434 2
8.579834 2.692496 -1.646434 2
8.579834 2.692496 -1.646434 2
8.579834 2.692496 -1.646434 2
8.579834 2.692496 -1.646434 2
8.579834 2.692496 -1.646434 2
8.579834 2.692496 -1.646434 2
8.579834 2.692496 -1.646434 2
8.579834 2.692496 -1.646434 2
8.579834 2.692496 -1.646434 2
18.540524 4.283847 -1.375651 2
18.540524 4.283847 -1.375651 2
18.540524 4.283847 -1.375651 2
18.540524 4.283847 -1.375651 2
17.177723 1.678088 -0.972233 2
17.177723 1.678088 -0.972233 2
17.177723 1.678088 -0.972233 2
17.177723 1.678088 -0.972233 2
16.699476 1.800136 -1.648789 2
16.053638 3.078880 -0.422046 2
16.053638 3.078880 -0.422046 2
16.053638 3.078880 -0.422046 2
16.053638 3.078880 -0.422046 2
17.060926 1.913822 -0.873914 2
17.060926 1.913822 -0.873914 2
16.515312 2.011502 -0.631076 2
16.515312 2.011502 -0.631076 2
16.515312 2.011502 -0.631076 2
16.392416 1.784822 -1.938018 2
16.392416 1.784822 -1.938018 2
15.784137 1.327568 0.184819 2
15.784137 1.327568 0.184819 2
15.784137 1.327568 0.184819 2
15.784137 1.327568 0.184819 2
15.784137 1.327568 0.184819 2
15.857116 1.152517 0.072848 2
15.857116 1.152517 0.072848 2
15.857116 1.152517 0.072848 2
17.359867 1.702017 -0.783333 2
17.359867 1.702017 -0.783333 2
18.068388 2.989065 -0.616788 2
18.068388 2.989065 -0.616788 2
18.068388 2.989065 -0.616788 2
18.068388 2.989065 -0.616788 2
18.068388 2.989065 -0.616788 2
18.068388 2.989065 -0.616788 2
18.068388 2.989065 -0.616788 2
18.068388 2.989065 -0.616788 2
18.068388 2.989065 -0.616788 2
18.068388 2.989065 -0.616788 2
18.068388 2.989065 -0.616788 2
17.943239 2.834273 -0.378751 2
17.943239 2.834273 -0.378751 2
17.943239 2.834273 -0.378751 2
16.235294 1.783656 -1.938939 2
16.235294 1.783656 -1.938939 2
16.782522 3.849076 0.297316 2
16.782522 3.849076 0.297316 2
16.782522 3.849076 0.297316 2
16.215179 1.705833 -1.972372 2
16.215179 1.705833 -1.972372 2
17.955555 2.967829 -0.386382 2
17.955555 2.967829 -0.386382 2
16.020868 1.774377 -1.886797 2
16.020868 1.774377 -1.886797 2
16.792040 1.967498 -0.810554 2
16.792040 1.967498 -0.810554 2
16.792040 1.967498 -0.810554 2
16.764984 1.835237 -0.747182 2
16.764984 1.835237 -0.747182 2
16.896381 2.018973 -0.790776 2
16.896381 2.018973 -0.790776 2
16.896381 2.018973 -0.790776 2
16.896381 2.018973 -0.790776 2
16.830162 1.841293 -0.729659 2
16.718248 1.861206 -0.649960 2
16.718248 1.861206 -0.649960 2
16.718248 1.861206 -0.649960 2
16.718248 1.861206 -0.649960 2
16.516197 1.947101 -2.000219 2
16.516197 1.947101 -2.000219 2
15.260522 1.766189 -0.009697 2
15.260522 1.766189 -0.009697 2
15.260522 1.766189 -0.009697 2
16.525312 1.839289 -1.996391 2
16.525312 1.839289 -1.996391 2
16.118057 1.018805 -0.106629 2
16.118057 1.018805 -0.106629 2
16.790619 1.701342 -0.709319 2
16.790619 1.701342 -0.709319 2
16.790619 1.701342 -0.709319 2
17.967804 2.787490 -0.491971 2
17.967804 2.787490 -0.491971 2
16.900629 1.229805 -1.201299 2
16.900629 1.229805 -1.201299 2
16.900629 1.229805 -1.201299 2
11.429696 1.662259 -1.880327 2
11.429696 1.662259 -1.880327 2
9.523889 0.485087 -2.052568 2
9.523889 0.485087 -2.052568 2
4.961730 7.319036 -2.083900 2
4.961730 7.319036 -2.083900 2
2.710202 2.727274 -0.783912 2
2.710202 2.727274 -0.783912 2
6.056336 2.657822 0.733105 2
7.477562 9.845461 -1.627946 2
7.477562 9.845461 -1.627946 2
2.962779 3.603088 -1.536345 2
2.962779 3.603088 -1.536345 2
2.962779 3.603088 -1.536345 2
0.652759 1.953052 -1.498502 2
0.652759 1.953052 -1.498502 2
2.522630 3.235713 -1.287341 2
2.522630 3.235713 -1.287341 2
5.001353 4.766602 -1.417225 2
1.151796 2.912592 -2.492126 2
1.151796 2.912592 -2.492126 2
2.612303 3.246602 -1.502576 2
2.612303 3.246602 -1.502576 2
4.605839 1.121403 -0.214806 2
4.605839 1.121403 -0.214806 2
4.542646 4.967567 -1.329823 2
2.133961 2.928652 -2.397753 2
2.133961 2.928652 -2.397753 2
5.263815 6.067660 -1.557721 2
5.263815 6.067660 -1.557721 2
1.163553 0.631417 -2.603152 2
1.163553 0.631417 -2.603152 2
2.085632 2.840444 -2.445125 2
2.085632 2.840444 -2.445125 2
5.096539 4.919868 0.705188 2
4.068130 4.630925 -1.561858 2
4.068130 4.630925 -1.561858 2
2.353983 2.589021 -2.444248 2
2.353983 2.589021 -2.444248 2
0.876835 0.429022 -2.796052 2
0.876835 0.429022 -2.796052 2
4.603967 5.543921 -0.964793 2
1.955019 2.526441 -2.341310 2
1.955019 2.526441 -2.341310 2
0.793872 1.475297 -1.621214 2
0.793872 1.475297 -1.621214 2
1.577916 1.235278 -2.315673 2
1.577916 1.235278 -2.315673 2
1.577916 1.235278 -2.315673 2
0.254058 1.417046 -1.856914 2
0.254058 1.417046 -1.856914 2
1.994673 1.942992 -2.389643 2
1.994673 1.942992 -2.389643 2
1.994673 1.942992 -2.389643 2
1.994673 1.942992 -2.389643 2
1.345342 5.126541 -1.563982 2
1.395977 1.700998 -2.626105 2
1.395977 1.700998 -2.626105 2
0.945254 2.324806 -0.315448 2
0.945254 2.324806 -0.315448 2
0.737516 1.829943 -1.288275 2
0.737516 1.829943 -1.288275 2
4.262358 6.399178 -1.048225 2
4.262358 6.399178 -1.048225 2
4.262358 6.399178 -1.048225 2
1.049231 4.195736 -2.600070 2
1.049231 4.195736 -2.600070 2
2.050414 2.877340 -2.133219 2
2.050414 2.877340 -2.133219 2
2.050414 2.877340 -2.133219 2
2.203239 2.927486 -2.370643 2
2.203239 2.927486 -2.370643 2
1.773691 3.180557 -2.290545 2
1.773691 3.180557 -2.290545 2
5.229105 6.257136 -1.027649 2
1.060977 6.347445 -1.828792 2
1.060977 6.347445 -1.828792 2
1.736390 3.113431 -2.279855 2
1.736390 3.113431 -2.279855 2
4.277833 4.922807 -1.799198 2
4.277833 4.922807 -1.799198 2
4.220206 5.074723 -0.978050 2
1.773387 3.068695 -2.247931 2
1.773387 3.068695 -2.247931 2
5.058871 5.449340 0.119371 2
5.058871 5.449340 0.119371 2
3.529638 4.466578 -1.661942 2
3.529638 4.466578 -1.661942 2
1.191606 1.905996 -1.902131 2
1.191606 1.905996 -1.902131 2
4.970708 6.428584 -1.228040 2
-1.305895 -0.682589 -2.125320 2
-1.305895 -0.682589 -2.125320 2
2.402257 2.695323 -2.246103 2
2.402257 2.695323 -2.246103 2
-0.792199 1.612418 -0.366197 2
-0.792199 1.612418 -0.366197 2
1.538771 1.722817 -1.970364 2
0.768199 1.403617 -2.040129 2
0.768199 1.403617 -2.040129 2
7.418164 1.190997 -3.131161 2
7.418164 1.190997 -3.131161 2
10.396796 -0.150869 -1.714903 2
10.396796 -0.150869 -1.714903 2
10.396796 -0.150869 -1.714903 2
10.396796 -0.150869 -1.714903 2
10.396796 -0.150869 -1.714903 2
10.396796 -0.150869 -1.714903 2
10.396796 -0.150869 -1.714903 2
10.396796 -0.150869 -1.714903 2
10.396796 -0.150869 -1.714903 2
10.396796 -0.150869 -1.714903 2
10.396796 -0.150869 -1.714903 2
10.396796 -0.150869 -1.714903 2
10.396796 -0.150869 -1.714903 2
10.396796 -0.150869 -1.714903 2
10.396796 -0.150869 -1.714903 2
10.396796 -0.150869 -1.714903 2
10.396796 -0.150869 -1.714903 2
10.396796 -0.150869 -1.714903 2
10.396796 -0.150869 -1.714903 2
10.396796 -0.150869 -1.714903 2
10.396796 -0.150869 -1.714903 2
10.396796 -0.150869 -1.714903 2
10.396796 -0.150869 -1.714903 2
10.396796 -0.150869 -1.714903 2
10.396796 -0.150869 -1.714903 2
10.396796 -0.150869 -1.714903 2
10.396796 -0.150869 -1.714903 2
10.396796 -0.150869 -1.714903 2
10.396796 -0.150869 -1.714903 2
10.396796 -0.150869 -1.714903 2
10.396796 -0.150869 -1.714903 2
10.396796 -0.150869 -1.714903 2
10.396796 -0.150869 -1.714903 2
10.396796 -0.150869 -1.714903 2
10.396796 -0.150869 -1.714903 2
10.396796 -0.150869 -1.714903 2
10.396796 -0.150869 -1.714903 2
10.396796 -0.150869 -1.714903 2
10.396796 -0.150869 -1.714903 2
10.396796 -0.150869 -1.714903 2
10.396796 -0.150869 -1.714903 2
10.396796 -0.150869 -1.714903 2
10.396796 -0.150869 -1.714903 2
10.396796 -0.150869 -1.714903 2
10.396796 -0.150869 -1.714903 2
10.396796 -0.150869 -1.714903 2
10.396796 -0.150869 -1.714903 2
10.396796 -0.150869 -1.714903 2
10.396796 -0.150869 -1.714903 2
10.396796 -0.150869 -1.714903 2
10.396796 -0.150869 -1.714903 2
10.396796 -0.150869 -1.714903 2
16.185539 1.847558 -0.487502 2
16.185539 1.847558 -0.487502 2
16.675299 1.912842 -0.720557 2
16.675299 1.912842 -0.720557 2
16.467304 1.927895 -2.001709 2
16.467304 1.927895 -2.001709 2
15.863424 1.587820 -0.440377 2
16.736517 1.847067 -0.729224 2
16.736517 1.847067 -0.729224 2
15.141281 1.690830 0.048029 2
15.141281 1.690830 0.048029 2
15.141281 1.690830 0.048029 2
15.141281 1.690830 0.048029 2
16.763882 1.780880 -0.743359 2
16.763882 1.780880 -0.743359 2
16.763882 1.780880 -0.743359 2
16.763882 1.780880 -0.743359 2
16.763882 1.780880 -0.743359 2
16.749187 1.752954 -0.667626 2
16.749187 1.752954 -0.667626 2
18.352280 2.586785 -0.115498 2
18.352280 2.586785 -0.115498 2
18.352280 2.586785 -0.115498 2
16.926291 1.627108 -0.655807 2
16.926291 1.627108 -0.655807 2
17.651907 3.107675 0.070772 2
17.240723 4.187049 0.297769 2
17.240723 4.187049 0.297769 2
16.350994 1.941416 -2.043190 2
18.218918 2.528903 -0.114790 2
18.218918 2.528903 -0.114790 2
18.218918 2.528903 -0.114790 2
18.323101 5.128677 -1.063660 2
18.323101 5.128677 -1.063660 2
16.590279 1.816473 -2.066666 2
18.436144 2.585815 -0.038608 2
17.241364 3.577903 0.529957 2
17.241364 3.577903 0.529957 2
17.241364 3.577903 0.529957 2
17.241364 3.577903 0.529957 2
17.241364 3.577903 0.529957 2
16.736874 2.173973 -1.919171 2
16.736874 2.173973 -1.919171 2
16.736874 2.173973 -1.919171 2
15.092339 3.159822 -0.266333 2
15.092339 3.159822 -0.266333 2
13.672884 2.326931 -0.680829 2
13.672884 2.326931 -0.680829 2
7.065476 2.001806 -2.256971 2
3.964139 5.588928 -2.239628 2
3.964139 5.588928 -2.239628 2
4.342650 1.606441 -2.239415 2
4.342650 1.606441 -2.239415 2
6.583127 6.914543 -0.266766 2
0.909904 4.773433 -1.232056 2
3.398688 -0.084644 0.175527 2
3.045257 3.175962 -1.879306 2
3.045257 3.175962 -1.879306 2
5.135494 5.623164 -0.930920 2
5.135494 5.623164 -0.930920 2
3.270063 -0.127709 0.087475 2
2.303564 3.176408 -1.980001 2
2.303564 3.176408 -1.980001 2
-0.584676 0.634772 -0.409649 2
-0.584676 0.634772 -0.409649 2
2.322227 1.845751 -2.428371 2
2.322227 1.845751 -2.428371 2
2.458661 2.089132 -2.028231 2
2.458661 2.089132 -2.028231 2
0.527649 1.996465 -1.660638 2
0.527649 1.996465 -1.660638 2
0.527649 1.996465 -1.660638 2
2.455827 1.743317 -2.053645 2
2.455827 1.743317 -2.053645 2
-0.305780 1.677434 -1.779496 2
-0.305780 1.677434 -1.779496 2
2.223566 2.099849 -2.372762 2
2.223566 2.099849 -2.372762 2
2.223566 2.099849 -2.372762 2
-0.198283 2.606234 -1.586127 2
-0.198283 2.606234 -1.586127 2
1.530883 1.968478 -2.421744 2
1.530883 1.968478 -2.421744 2
1.530883 1.968478 -2.421744 2
-1.173713 -0.317934 -1.296535 2
-1.173713 -0.317934 -1.296535 2
1.655368 1.869323 -2.445596 2
1.655368 1.869323 -2.445596 2
-1.151415 0.028987 -1.467034 2
0.326404 1.918058 -1.979171 2
0.691014 1.690033 -1.951372 2
4.130841 3.363629 -1.607246 2
4.130841 3.363629 -1.607246 2
1.042162 2.808126 -1.549716 2
1.042162 2.808126 -1.549716 2
0.289001 0.563532 -1.740129 2
0.289001 0.563532 -1.740129 2
1.312705 2.699570 -1.527315 2
1.312705 2.699570 -1.527315 2
1.312705 2.699570 -1.527315 2
3.063315 3.854396 -2.174827 2
3.063315 3.854396 -2.174827 2
0.915639 2.852842 -1.792248 2
0.915639 2.852842 -1.792248 2
0.741818 1.538266 -1.889765 2
0.921637 0.937151 -1.840804 2
1.897552 3.193722 -2.223372 2
1.897552 3.193722 -2.223372 2
-0.321801 1.951411 -0.312579 2
3.462415 4.865158 -1.945748 2
-0.588285 0.871040 -1.608005 2
1.241374 2.735662 -1.889528 2
1.241374 2.735662 -1.889528 2
1.241374 2.735662 -1.889528 2
1.241374 2.735662 -1.889528 2
0.668933 1.294120 -1.795941 2
0.668933 1.294120 -1.795941 2
1.912434 2.783508 -2.258840 2
1.912434 2.783508 -2.258840 2
1.912434 2.783508 -2.258840 2
1.912434 2.783508 -2.258840 2
1.912434 2.783508 -2.258840 2
1.912434 2.783508 -2.258840 2
-0.439407 1.811355 -0.314030 2
-0.439407 1.811355 -0.314030 2
0.403878 2.503593 -1.784710 2
1.372996 1.606370 -1.582389 2
1.372996 1.606370 -1.582389 2
1.372996 1.606370 -1.582389 2
1.928591 2.171333 -2.797938 2
0.407599 2.592453 -1.758686 2
0.407599 2.592453 -1.758686 2
1.483095 2.066568 -2.107187 2
1.483095 2.066568 -2.107187 2
1.538178 1.690522 -2.270893 2
2.091417 2.054334 -1.689543 2
1.290393 2.239753 -2.038049 2
0.340019 1.890209 -1.364360 2
0.340019 1.890209 -1.364360 2
1.035133 1.368477 -2.297903 2
0.401064 1.857084 -1.952262 2
1.146773 1.691669 -2.037097 2
4.550187 5.646931 -1.263620 2
4.550187 5.646931 -1.263620 2
4.904670 1.719238 -2.582561 2
8.045655 2.380960 -2.671985 2
8.045655 2.380960 -2.671985 2
8.045655 2.380960 -2.671985 2
8.045655 2.380960 -2.671985 2
19.115475 1.256394 -1.190760 2
23.957151 -0.789714 -3.135846 2
23.957151 -0.789714 -3.135846 2
23.957151 -0.789714 -3.135846 2
23.957151 -0.789714 -3.135846 2
23.957151 -0.789714 -3.135846 2
23.957151 -0.789714 -3.135846 2
23.957151 -0.789714 -3.135846 2
23.957151 -0.789714 -3.135846 2
23.957151 -0.789714 -3.135846 2
23.957151 -0.789714 -3.135846 2
23.957151 -0.789714 -3.135846 2
23.957151 -0.789714 -3.135846 2
23.957151 -0.789714 -3.135846 2
23.957151 -0.789714 -3.135846 2
23.957151 -0.789714 -3.135846 2
23.957151 -0.789714 -3.135846 2
23.957151 -0.789714 -3.135846 2
23.957151 -0.789714 -3.135846 2
23.957151 -0.789714 -3.135846 2
23.957151 -0.789714 -3.135846 2
23.957151 -0.789714 -3.135846 2
23.957151 -0.789714 -3.135846 2
23.957151 -0.789714 -3.135846 2
23.957151 -0.789714 -3.135846 2
23.957151 -0.789714 -3.135846 2
23.957151 -0.789714 -3.135846 2
23.957151 -0.789714 -3.135846 2
23.957151 -0.789714 -3.135846 2
23.957151 -0.789714 -3.135846 2
23.957151 -0.789714 -3.135846 2
23.957151 -0.789714 -3.135846 2
23.957151 -0.789714 -3.135846 2
23.957151 -0.789714 -3.135846 2
23.957151 -0.789714 -3.135846 2
23.957151 -0.789714 -3.135846 2
23.957151 -0.789714 -3.135846 2
23.957151 -0.789714 -3.135846 2
23.957151 -0.789714 -3.135846 2
23.957151 -0.789714 -3.135846 2
23.957151 -0.789714 -3.135846 2
23.957151 -0.789714 -3.135846 2
23.957151 -0.789714 -3.135846 2
23.957151 -0.789714 -3.135846 2
23.957151 -0.789714 -3.135846 2
23.957151 -0.789714 -3.135846 2
23.957151 -0.789714 -3.135846 2
23.957151 -0.789714 -3.135846 2
23.957151 -0.789714 -3.135846 2
23.957151 -0.789714 -3.135846 2
23.957151 -0.789714 -3.135846 2
23.957151 -0.789714 -3.135846 2
23.957151 -0.789714 -3.135846 2
23.957151 -0.789714 -3.135846 2
23.957151 -0.789714 -3.135846 2
23.957151 -0.789714 -3.135846 2
26.660770 3.965927 -1.210890 2
24.734306 0.434770 -3.738030 2
24.734306 0.434770 -3.738030 2
24.734306 0.434770 -3.738030 2
24.734306 0.434770 -3.738030 2
26.780067 4.540373 -0.891244 2
26.780067 4.540373 -0.891244 2
26.780067 4.540373 -0.891244 2
26.780067 4.540373 -0.891244 2
26.780067 4.540373 -0.891244 2
26.707460 4.179041 -0.772167 2
26.707460 4.179041 -0.772167 2
26.707460 4.179041 -0.772167 2
26.707460 4.179041 -0.772167 2
26.707460 4.179041 -0.772167 2
26.409479 3.714115 -1.608083 2
26.409479 3.714115 -1.608083 2
26.409479 3.714115 -1.608083 2
26.409479 3.714115 -1.608083 2
26.409479 3.714115 -1.608083 2
27.357759 4.283716 -0.576142 2
27.357759 4.283716 -0.576142 2
27.357759 4.283716 -0.576142 2
27.357759 4.283716 -0.576142 2
27.357759 4.283716 -0.576142 2
27.357759 4.283716 -0.576142 2
27.357759 4.283716 -0.576142 2
27.357759 4.283716 -0.576142 2
27.357759 4.283716 -0.576142 2
27.357759 4.283716 -0.576142 2
26.517784 3.706021 -1.024906 2
26.517784 3.706021 -1.024906 2
26.517784 3.706021 -1.024906 2
26.517784 3.706021 -1.024906 2
26.517784 3.706021 -1.024906 2
26.230377 3.472224 -1.156791 2
26.230377 3.472224 -1.156791 2
26.230377 3.472224 -1.156791 2
26.230377 3.472224 -1.156791 2
26.230377 3.472224 -1.156791 2
26.230377 3.472224 -1.156791 2
26.230377 3.472224 -1.156791 2
12.817622 3.606360 -0.985256 2
12.817622 3.606360 -0.985256 2
12.817622 3.606360 -0.985256 2
12.817622 3.606360 -0.985256 2
12.817622 3.606360 -0.985256 2
12.817622 3.606360 -0.985256 2
12.817622 3.606360 -0.985256 2
12.817622 3.606360 -0.985256 2
12.817622 3.606360 -0.985256 2
2.982160 4.142992 1.111831 2
1.731421 3.608611 -2.602691 2
1.731421 3.608611 -2.602691 2
1.731421 3.608611 -2.602691 2
2.088489 1.411750 -2.326852 2
0.585970 0.973150 0.270277 2
1.023779 1.432677 -1.891675 2
1.023779 1.432677 -1.891675 2
1.023779 1.432677 -1.891675 2
1.217968 3.062685 -1.002656 2
1.217968 3.062685 -1.002656 2
3.808089 4.597354 -2.043088 2
0.726086 0.927026 -2.259741 2
1.231131 2.067145 -2.018821 2
5.540542 7.245102 -0.664793 2
5.540542 7.245102 -0.664793 2
5.540542 7.245102 -0.664793 2
5.540542 7.245102 -0.664793 2
5.540542 7.245102 -0.664793 2
1.606003 2.597289 -1.499601 2
1.606003 2.597289 -1.499601 2
1.606003 2.597289 -1.499601 2
1.606003 2.597289 -1.499601 2
3.558764 3.580803 -1.373296 2
1.933313 3.030993 -2.395440 2
1.933313 3.030993 -2.395440 2
1.933313 3.030993 -2.395440 2
2.011024 2.235540 -2.281370 2
0.867716 0.874389 -1.968071 2
2.020732 3.163936 -2.366422 2
2.020732 3.163936 -2.366422 2
4.358411 7.228634 -0.099287 2
2.717351 3.853256 -2.699274 2
3.215784 3.865895 -1.602890 2
1.972284 2.995353 -2.281490 2
1.972284 2.995353 -2.281490 2
1.972284 2.995353 -2.281490 2
1.972284 2.995353 -2.281490 2
0.493410 0.795545 -1.701213 2
1.870793 2.755989 -2.655515 2
1.870793 2.755989 -2.655515 2
1.870793 2.755989 -2.655515 2
0.692487 1.458998 -1.881719 2
1.138178 0.921909 -1.468841 2
2.022286 2.220469 -2.398789 2
2.022286 2.220469 -2.398789 2
-0.664548 1.501857 -0.275967 2
-0.664548 1.501857 -0.275967 2
1.235557 2.758283 -1.545081 2
1.250697 1.143434 -2.114160 2
1.250697 1.143434 -2.114160 2
1.250697 1.143434 -2.114160 2
1.250697 1.143434 -2.114160 2
1.250697 1.143434 -2.114160 2
1.250697 1.143434 -2.114160 2
1.250697 1.143434 -2.114160 2
1.250697 1.143434 -2.114160 2
1.194122 1.479669 -2.433605 2
0.337817 1.824290 -1.884124 2
1.567350 2.407979 -1.859042 2
5.368883 6.808374 -0.823575 2
5.368883 6.808374 -0.823575 2
-0.286631 0.185139 -1.820403 2
0.361359 1.867231 -1.887815 2
0.361359 1.867231 -1.887815 2
0.902044 2.690212 -1.259281 2
0.902044 2.690212 -1.259281 2
0.902044 2.690212 -1.259281 2
0.882014 4.430054 -2.401492 2
0.882014 4.430054 -2.401492 2
0.882014 4.430054 -2.401492 2
0.882014 4.430054 -2.401492 2
0.882014 4.430054 -2.401492 2
0.882014 4.430054 -2.401492 2
1.652282 1.123356 -1.893997 2
2.162500 3.146501 -2.360830 2
2.162500 3.146501 -2.360830 2
2.162500 3.146501 -2.360830 2
0.848952 1.279809 -1.962057 2
0.903771 0.492838 -1.532143 2
1.155307 2.711077 -1.648312 2
1.155307 2.711077 -1.648312 2
4.278845 6.709077 0.281636 2
0.997075 1.260843 -1.713902 2
4.506109 5.235342 -0.980261 2
2.318920 2.830208 -2.430408 2
2.318920 2.830208 -2.430408 2
3.460995 5.377533 -0.624958 2
4.970904 1.962109 -2.283862 2
6.458651 -0.158856 -2.085216 2
9.678386 2.145017 -1.975281 2
9.678386 2.145017 -1.975281 2
9.678386 2.145017 -1.975281 2
19.405945 0.430069 -2.950111 2
22.720312 -1.960801 -3.330433 2
22.720312 -1.960801 -3.330433 2
22.720312 -1.960801 -3.330433 2
22.720312 -1.960801 -3.330433 2
22.720312 -1.960801 -3.330433 2
22.720312 -1.960801 -3.330433 2
22.720312 -1.960801 -3.330433 2
22.720312 -1.960801 -3.330433 2
22.720312 -1.960801 -3.330433 2
22.720312 -1.960801 -3.330433 2
22.720312 -1.960801 -3.330433 2
22.720312 -1.960801 -3.330433 2
22.720312 -1.960801 -3.330433 2
22.720312 -1.960801 -3.330433 2
22.720312 -1.960801 -3.330433 2
22.720312 -1.960801 -3.330433 2
22.720312 -1.960801 -3.330433 2
22.720312 -1.960801 -3.330433 2
22.720312 -1.960801 -3.330433 2
22.720312 -1.960801 -3.330433 2
22.720312 -1.960801 -3.330433 2
22.720312 -1.960801 -3.330433 2
22.720312 -1.960801 -3.330433 2
22.720312 -1.960801 -3.330433 2
22.720312 -1.960801 -3.330433 2
22.720312 -1.960801 -3.330433 2
22.720312 -1.960801 -3.330433 2
22.720312 -1.960801 -3.330433 2
22.720312 -1.960801 -3.330433 2
22.720312 -1.960801 -3.330433 2
22.720312 -1.960801 -3.330433 2
22.720312 -1.960801 -3.330433 2
22.720312 -1.960801 -3.330433 2
22.720312 -1.960801 -3.330433 2
22.720312 -1.960801 -3.330433 2
22.720312 -1.960801 -3.330433 2
22.720312 -1.960801 -3.330433 2
22.720312 -1.960801 -3.330433 2
22.720312 -1.960801 -3.330433 2
22.720312 -1.960801 -3.330433 2
22.720312 -1.960801 -3.330433 2
22.720312 -1.960801 -3.330433 2
22.720312 -1.960801 -3.330433 2
22.720312 -1.960801 -3.330433 2
22.720312 -1.960801 -3.330433 2
22.720312 -1.960801 -3.330433 2
22.720312 -1.960801 -3.330433 2
22.720312 -1.960801 -3.330433 2
22.720312 -1.960801 -3.330433 2
22.720312 -1.960801 -3.330433 2
22.720312 -1.960801 -3.330433 2
22.720312 -1.960801 -3.330433 2
22.720312 -1.960801 -3.330433 2
22.720312 -1.960801 -3.330433 2
22.720312 -1.960801 -3.330433 2
23.124712 -0.252855 -4.352792 2
23.613468 -0.405927 -4.421944 2
23.613468 -0.405927 -4.421944 2
23.613468 -0.405927 -4.421944 2
23.613468 -0.405927 -4.421944 2
23.483929 0.010110 -4.712123 2
23.483929 0.010110 -4.712123 2
23.483929 0.010110 -4.712123 2
23.483929 0.010110 -4.712123 2
23.483929 0.010110 -4.712123 2
23.483929 0.010110 -4.712123 2
23.483929 0.010110 -4.712123 2
23.483929 0.010110 -4.712123 2
23.483929 0.010110 -4.712123 2
23.483929 0.010110 -4.712123 2
27.224583 3.989192 -0.533948 2
24.371235 1.477705 -2.817129 2
24.371235 1.477705 -2.817129 2
24.371235 1.477705 -2.817129 2
24.371235 1.477705 -2.817129 2
24.371235 1.477705 -2.817129 2
24.256359 0.673751 -2.940063 2
24.256359 0.673751 -2.940063 2
24.256359 0.673751 -2.940063 2
24.256359 0.673751 -2.940063 2
24.256359 0.673751 -2.940063 2
23.691391 0.377225 -3.586817 2
23.691391 0.377225 -3.586817 2
23.691391 0.377225 -3.586817 2
23.691391 0.377225 -3.586817 2
23.691391 0.377225 -3.586817 2
23.691391 0.377225 -3.586817 2
23.691391 0.377225 -3.586817 2
23.691391 0.377225 -3.586817 2
23.691391 0.377225 -3.586817 2
23.691391 0.377225 -3.586817 2
23.691391 0.377225 -3.586817 2
23.691391 0.377225 -3.586817 2
23.691391 0.377225 -3.586817 2
23.691391 0.377225 -3.586817 2
23.691391 0.377225 -3.586817 2
17.217052 1.999074 -1.570021 2
17.217052 1.999074 -1.570021 2
10.952231 3.365627 -1.790149 2
11.489635 1.915847 -1.828223 2
11.489635 1.915847 -1.828223 2
11.489635 1.915847 -1.828223 2
11.489635 1.915847 -1.828223 2
11.489635 1.915847 -1.828223 2
3.662840 2.401816 -2.151485 2
3.662840 2.401816 -2.151485 2
5.594149 6.413735 -0.078164 2
3.455824 6.773907 -2.423325 2
-0.737198 3.083235 0.469823 2
2.226907 2.881741 -1.401550 2
2.226907 2.881741 -1.401550 2
-0.394138 0.976555 0.500489 2
-0.394138 0.976555 0.500489 2
-0.394138 0.976555 0.500489 2
2.504430 2.448575 -1.463756 2
2.504430 2.448575 -1.463756 2
2.504430 2.448575 -1.463756 2
2.437077 3.346379 -3.218454 2
0.023570 1.280718 -1.425257 2
1.207103 1.839680 -1.532751 2
1.207103 1.839680 -1.532751 2
1.207103 1.839680 -1.532751 2
1.509707 2.101282 -2.970681 2
1.509707 2.101282 -2.970681 2
0.356266 2.552508 -1.595779 2
0.356266 2.552508 -1.595779 2
0.356266 2.552508 -1.595779 2
0.823703 1.570277 -1.642956 2
0.397544 1.922690 -1.899189 2
1.247675 1.850921 -2.045468 2
1.247675 1.850921 -2.045468 2
1.247675 1.850921 -2.045468 2
5.215300 6.488811 -1.304955 2
0.405004 1.710404 -1.785148 2
1.745660 1.083897 -2.272717 2
0.733192 2.627599 -1.230528 2
0.733192 2.627599 -1.230528 2
0.210422 -0.752378 -1.703988 2
0.210422 -0.752378 -1.703988 2
3.248799 4.145164 -1.328734 2
2.080873 3.226273 -2.406872 2
2.080873 3.226273 -2.406872 2
2.657490 2.333944 -1.754440 2
2.657490 2.333944 -1.754440 2
1.985930 1.099892 -2.445860 2
2.093955 3.238799 -2.488106 2
2.093955 3.238799 -2.488106 2
2.093955 3.238799 -2.488106 2
0.260918 1.310291 -1.740148 2
0.946929 0.978009 -1.850424 2
2.065207 3.109017 -2.442420 2
2.065207 3.109017 -2.442420 2
4.522550 7.062525 0.282150 2
0.325356 1.251317 -1.818992 2
1.909274 1.610781 -2.448337 2
2.378215 2.763420 -2.464072 2
2.378215 2.763420 -2.464072 2
5.476131 6.268355 -0.977766 2
0.384231 1.141189 -1.709626 2
1.295363 0.756515 -1.504390 2
1.961437 2.875436 -2.292620 2
1.961437 2.875436 -2.292620 2
-0.149616 1.842373 -0.230563 2
0.430343 1.134482 -1.777737 2
0.619080 2.210681 -1.694751 2
0.619080 2.210681 -1.694751 2
1.653054 1.748436 -2.331379 2
0.502982 1.440851 0.042805 2
0.811946 2.605130 -1.566445 2
0.811946 2.605130 -1.566445 2
1.092266 2.071394 -2.315749 2
0.803477 1.503641 -1.742904 2
0.829877 2.157593 -0.535197 2
0.115914 2.048768 -1.752160 2
0.640829 1.813597 -2.037396 2
0.126928 2.531413 -1.697339 2
2.459868 4.819396 -1.261670 2
2.459868 4.819396 -1.261670 2
-0.518951 0.218018 -1.524259 2
0.611603 1.751141 -1.947959 2
1.647623 1.258594 -2.488533 2
0.919641 3.154647 -1.595787 2
0.919641 3.154647 -1.595787 2
-1.389772 -1.233208 -1.789376 2
-1.389772 -1.233208 -1.789376 2
-1.389772 -1.233208 -1.789376 2
-1.389772 -1.233208 -1.789376 2
-1.389772 -1.233208 -1.789376 2
-1.389772 -1.233208 -1.789376 2
-1.389772 -1.233208 -1.789376 2
-1.389772 -1.233208 -1.789376 2
-1.389772 -1.233208 -1.789376 2
-1.389772 -1.233208 -1.789376 2
3.766732 3.673250 -1.517363 2
5.115046 1.286103 -2.719908 2
6.298010 -0.618133 -3.174415 2
9.499080 4.048700 -1.811746 2
9.499080 4.048700 -1.811746 2
9.499080 4.048700 -1.811746 2
9.499080 4.048700 -1.811746 2
9.499080 4.048700 -1.811746 2
9.499080 4.048700 -1.811746 2
9.499080 4.048700 -1.811746 2
9.499080 4.048700 -1.811746 2
9.499080 4.048700 -1.811746 2
9.499080 4.048700 -1.811746 2
9.499080 4.048700 -1.811746 2
9.499080 4.048700 -1.811746 2
9.499080 4.048700 -1.811746 2
9.499080 4.048700 -1.811746 2
9.499080 4.048700 -1.811746 2
9.499080 4.048700 -1.811746 2
9.499080 4.048700 -1.811746 2
9.499080 4.048700 -1.811746 2
9.499080 4.048700 -1.811746 2
9.499080 4.048700 -1.811746 2
9.499080 4.048700 -1.811746 2
9.499080 4.048700 -1.811746 2
9.499080 4.048700 -1.811746 2
9.499080 4.048700 -1.811746 2
9.499080 4.048700 -1.811746 2
9.499080 4.048700 -1.811746 2
9.499080 4.048700 -1.811746 2
9.499080 4.048700 -1.811746 2
9.499080 4.048700 -1.811746 2
9.499080 4.048700 -1.811746 2
9.499080 4.048700 -1.811746 2
9.499080 4.048700 -1.811746 2
9.499080 4.048700 -1.811746 2
9.499080 4.048700 -1.811746 2
9.499080 4.048700 -1.811746 2
9.499080 4.048700 -1.811746 2
9.499080 4.048700 -1.811746 2
9.499080 4.048700 -1.811746 2
9.499080 4.048700 -1.811746 2
9.499080 4.048700 -1.811746 2
9.499080 4.048700 -1.811746 2
9.499080 4.048700 -1.811746 2
9.499080 4.048700 -1.811746 2
9.499080 4.048700 -1.811746 2
9.499080 4.048700 -1.811746 2
9.499080 4.048700 -1.811746 2
9.499080 4.048700 -1.811746 2
9.499080 4.048700 -1.811746 2
9.499080 4.048700 -1.811746 2
9.499080 4.048700 -1.811746 2
9.499080 4.048700 -1.811746 2
9.499080 4.048700 -1.811746 2
9.499080 4.048700 -1.811746 2
9.499080 4.048700 -1.811746 2
9.499080 4.048700 -1.811746 2
9.499080 4.048700 -1.811746 2
9.499080 4.048700 -1.811746 2
9.499080 4.048700 -1.811746 2
9.499080 4.048700 -1.811746 2
9.499080 4.048700 -1.811746 2
9.499080 4.048700 -1.811746 2
9.499080 4.048700 -1.811746 2
9.499080 4.048700 -1.811746 2
9.499080 4.048700 -1.811746 2
9.499080 4.048700 -1.811746 2
9.499080 4.048700 -1.811746 2
9.499080 4.048700 -1.811746 2
9.499080 4.048700 -1.811746 2
9.499080 4.048700 -1.811746 2
9.499080 4.048700 -1.811746 2
9.499080 4.048700 -1.811746 2
9.499080 4.048700 -1.811746 2
9.499080 4.048700 -1.811746 2
9.499080 4.048700 -1.811746 2
9.499080 4.048700 -1.811746 2
9.499080 4.048700 -1.811746 2
9.499080 4.048700 -1.811746 2
9.499080 4.048700 -1.811746 2
9.499080 4.048700 -1.811746 2
9.499080 4.048700 -1.811746 2
9.499080 4.048700 -1.811746 2
9.499080 4.048700 -1.811746 2
9.499080 4.048700 -1.811746 2
9.499080 4.048700 -1.811746 2
9.499080 4.048700 -1.811746 2
9.499080 4.048700 -1.811746 2
9.499080 4.048700 -1.811746 2
9.499080 4.048700 -1.811746 2
9.499080 4.048700 -1.811746 2
9.499080 4.048700 -1.811746 2
9.499080 4.048700 -1.811746 2
9.499080 4.048700 -1.811746 2
9.499080 4.048700 -1.811746 2
9.499080 4.048700 -1.811746 2
9.499080 4.048700 -1.811746 2
9.499080 4.048700 -1.811746 2
9.499080 4.048700 -1.811746 2
9.499080 4.048700 -1.811746 2
9.499080 4.048700 -1.811746 2
9.499080 4.048700 -1.811746 2
9.499080 4.048700 -1.811746 2
18.350630 2.225605 -1.755326 2
18.350630 2.225605 -1.755326 2
18.350630 2.225605 -1.755326 2
18.350630 2.225605 -1.755326 2
18.350630 2.225605 -1.755326 2
18.350630 2.225605 -1.755326 2
7.920787 9.970528 -3.257120 2
7.920787 9.970528 -3.257120 2
7.920787 9.970528 -3.257120 2
7.920787 9.970528 -3.257120 2
7.920787 9.970528 -3.257120 2
7.920787 9.970528 -3.257120 2
7.920787 9.970528 -3.257120 2
2.519503 5.969033 -0.424720 2
2.519503 5.969033 -0.424720 2
-0.026945 -0.344461 -1.664531 2
0.922020 1.668277 -1.807371 2
1.816554 2.619103 -2.039151 2
1.642470 3.273449 -1.053360 2
1.642470 3.273449 -1.053360 2
4.393683 1.508922 -0.018163 2
-0.256559 0.444283 -2.122658 2
0.001371 2.123900 -0.944086 2
2.399009 2.286041 -1.383532 2
2.399009 2.286041 -1.383532 2
6.468297 7.046864 -2.312984 2
1.898322 0.210738 -2.420191 2
4.044072 4.979692 -0.886633 2
1.965785 2.323127 -2.271001 2
1.965785 2.323127 -2.271001 2
5.320235 5.802791 -1.663381 2
5.320235 5.802791 -1.663381 2
1.573211 1.674180 -1.651985 2
1.649479 2.486622 -2.374900 2
1.649479 2.486622 -2.374900 2
1.649479 2.486622 -2.374900 2
2.482731 0.145589 -2.404780 2
1.597947 1.349988 -1.323595 2
1.403212 1.655869 -2.486238 2
1.403212 1.655869 -2.486238 2
8.611691 7.962123 -0.109010 2
2.483579 -0.028012 -2.431967 2
3.507852 3.906241 -1.176552 2
1.640544 1.988654 -2.383122 2
1.640544 1.988654 -2.383122 2
0.977890 4.310509 -0.855574 2
0.343873 0.069849 -2.107287 2
0.343873 0.069849 -2.107287 2
2.101577 2.240766 -1.771051 2
7.227993 9.519934 0.406166 2
7.227993 9.519934 0.406166 2
3.798940 0.231303 -1.556624 2
0.221273 -0.106975 -1.975302 2
1.287779 1.269066 -1.691990 2
1.287779 1.269066 -1.691990 2
9.689692 9.045909 -0.403079 2
1.381058 2.987288 -0.521667 2
1.381058 2.987288 -0.521667 2
1.277806 1.939061 -2.006133 2
2.354264 5.619840 -0.768699 2
2.354264 5.619840 -0.768699 2
3.134230 3.888187 -1.477977 2
1.106191 1.056861 -1.903019 2
2.397063 2.724807 -2.589787 2
2.397063 2.724807 -2.589787 2
2.397063 2.724807 -2.589787 2
5.972333 7.691604 -1.505071 2
1.060816 1.055178 -1.975453 2
2.430753 2.161035 -1.878800 2
1.689545 2.407455 -1.162319 2
4.629673 4.953793 -1.614846 2
4.629673 4.953793 -1.614846 2
1.007799 0.365714 -2.156994 2
1.007799 0.365714 -2.156994 2
2.665533 3.135605 -1.685034 2
2.665533 3.135605 -1.685034 2
3.667141 2.849717 -1.481774 2
2.112341 0.790006 -0.827892 2
2.112341 0.790006 -0.827892 2
2.289135 3.476942 -1.867960 2
2.289135 3.476942 -1.867960 2
4.293792 4.422231 -2.132075 2
3.314637 4.455310 -1.431568 2
3.643240 3.148050 -1.536572 2
2.315088 3.506035 -1.882231 2
2.315088 3.506035 -1.882231 2
3.227315 3.357645 -1.461143 2
1.652135 0.412096 -2.227553 2
3.868596 3.772803 -1.532786 2
2.223569 3.038205 -2.453889 2
2.223569 3.038205 -2.453889 2
2.386380 4.202130 -0.323917 2
1.713863 0.382937 -2.259849 2
2.410310 3.216792 -1.946901 2
2.410310 3.216792 -1.946901 2
2.410310 3.216792 -1.946901 2
3.611491 5.109542 -0.654726 2
4.122005 1.238020 -2.350307 2
7.675352 1.687630 -2.714872 2
9.206602 2.132131 -2.293353 2
11.447315 1.887940 -1.304312 2
11.447315 1.887940 -1.304312 2
11.447315 1.887940 -1.304312 2
11.447315 1.887940 -1.304312 2
11.447315 1.887940 -1.304312 2
11.447315 1.887940 -1.304312 2
11.447315 1.887940 -1.304312 2
11.447315 1.887940 -1.304312 2
11.447315 1.887940 -1.304312 2
11.447315 1.887940 -1.304312 2
11.447315 1.887940 -1.304312 2
11.447315 1.887940 -1.304312 2
11.447315 1.887940 -1.304312 2
11.447315 1.887940 -1.304312 2
11.447315 1.887940 -1.304312 2
11.447315 1.887940 -1.304312 2
11.447315 1.887940 -1.304312 2
11.447315 1.887940 -1.304312 2
11.447315 1.887940 -1.304312 2
11.447315 1.887940 -1.304312 2
11.447315 1.887940 -1.304312 2
11.447315 1.887940 -1.304312 2
11.447315 1.887940 -1.304312 2
11.447315 1.887940 -1.304312 2
11.447315 1.887940 -1.304312 2
11.447315 1.887940 -1.304312 2
11.447315 1.887940 -1.304312 2
11.447315 1.887940 -1.304312 2
11.447315 1.887940 -1.304312 2
11.447315 1.887940 -1.304312 2
11.447315 1.887940 -1.304312 2
11.447315 1.887940 -1.304312 2
11.447315 1.887940 -1.304312 2
11.447315 1.887940 -1.304312 2
11.447315 1.887940 -1.304312 2
11.447315 1.887940 -1.304312 2
11.447315 1.887940 -1.304312 2
11.447315 1.887940 -1.304312 2
11.447315 1.887940 -1.304312 2
11.447315 1.887940 -1.304312 2
11.447315 1.887940 -1.304312 2
11.447315 1.887940 -1.304312 2
11.447315 1.887940 -1.304312 2
11.447315 1.887940 -1.304312 2
11.447315 1.887940 -1.304312 2
11.447315 1.887940 -1.304312 2
11.447315 1.887940 -1.304312 2
11.447315 1.887940 -1.304312 2
11.447315 1.887940 -1.304312 2
11.447315 1.887940 -1.304312 2
11.447315 1.887940 -1.304312 2
11.447315 1.887940 -1.304312 2
11.447315 1.887940 -1.304312 2
11.447315 1.887940 -1.304312 2
11.447315 1.887940 -1.304312 2
11.447315 1.887940 -1.304312 2
11.447315 1.887940 -1.304312 2
11.447315 1.887940 -1.304312 2
11.447315 1.887940 -1.304312 2
11.447315 1.887940 -1.304312 2
11.447315 1.887940 -1.304312 2
11.447315 1.887940 -1.304312 2
11.447315 1.887940 -1.304312 2
11.447315 1.887940 -1.304312 2
11.447315 1.887940 -1.304312 2
11.447315 1.887940 -1.304312 2
11.447315 1.887940 -1.304312 2
11.447315 1.887940 -1.304312 2
11.447315 1.887940 -1.304312 2
11.447315 1.887940 -1.304312 2
11.447315 1.887940 -1.304312 2
11.447315 1.887940 -1.304312 2
11.447315 1.887940 -1.304312 2
11.447315 1.887940 -1.304312 2
11.447315 1.887940 -1.304312 2
11.447315 1.887940 -1.304312 2
11.447315 1.887940 -1.304312 2
11.447315 1.887940 -1.304312 2
11.447315 1.887940 -1.304312 2
11.447315 1.887940 -1.304312 2
11.447315 1.887940 -1.304312 2
11.447315 1.887940 -1.304312 2
11.447315 1.887940 -1.304312 2
11.447315 1.887940 -1.304312 2
11.447315 1.887940 -1.304312 2
11.447315 1.887940 -1.304312 2
11.447315 1.887940 -1.304312 2
11.447315 1.887940 -1.304312 2
11.447315 1.887940 -1.304312 2
11.447315 1.887940 -1.304312 2
11.447315 1.887940 -1.304312 2
11.447315 1.887940 -1.304312 2
11.447315 1.887940 -1.304312 2
11.447315 1.887940 -1.304312 2
11.447315 1.887940 -1.304312 2
11.447315 1.887940 -1.304312 2
11.447315 1.887940 -1.304312 2
11.447315 1.887940 -1.304312 2
11.447315 1.887940 -1.304312 2
11.447315 1.887940 -1.304312 2
18.538637 2.468355 -1.557221 2
18.538637 2.468355 -1.557221 2
12.641151 2.667332 -1.939654 2
12.641151 2.667332 -1.939654 2
12.641151 2.667332 -1.939654 2
12.641151 2.667332 -1.939654 2
0.479119 2.641615 -1.093224 2
5.741917 -0.356144 -0.401630 2
4.373863 1.523786 -2.279446 2
4.373863 1.523786 -2.279446 2
-0.174494 0.625188 -3.105724 2
-0.174494 0.625188 -3.105724 2
3.698223 -0.503829 0.468449 2
2.499399 3.595056 -1.632180 2
2.499399 3.595056 -1.632180 2
2.499399 3.595056 -1.632180 2
2.499399 3.595056 -1.632180 2
1.930324 3.455984 -2.265710 2
1.930324 3.455984 -2.265710 2
-0.745592 0.005706 0.010354 2
-0.745592 0.005706 0.010354 2
0.704948 1.459383 -1.715579 2
1.649250 3.368750 -1.926129 2
2.425956 3.069876 -1.537389 2
2.425956 3.069876 -1.537389 2
2.425956 3.069876 -1.537389 2
2.425956 3.069876 -1.537389 2
1.346326 3.164808 -0.387492 2
2.160107 2.105091 -1.924572 2
2.160107 2.105091 -1.924572 2
2.160107 2.105091 -1.924572 2
0.707657 2.596353 -1.578754 2
0.707657 2.596353 -1.578754 2
1.666932 2.146521 -2.278967 2
1.888345 2.830428 -2.162795 2
1.888345 2.830428 -2.162795 2
5.181599 7.028936 -0.924271 2
2.374900 1.393771 -1.091288 2
4.652368 6.692380 -1.000123 2
4.652368 6.692380 -1.000123 2
4.652368 6.692380 -1.000123 2
4.652368 6.692380 -1.000123 2
4.652368 6.692380 -1.000123 2
4.652368 6.692380 -1.000123 2
1.848240 2.989401 -2.061521 2
5.112113 5.947659 -0.959441 2
5.112113 5.947659 -0.959441 2
2.694759 3.392780 -2.387703 2
3.514330 3.433678 -1.517022 2
1.735502 3.163701 -2.235135 2
1.735502 3.163701 -2.235135 2
4.478132 5.198668 -1.773430 2
3.005794 3.622033 -1.618756 2
3.005794 3.622033 -1.618756 2
1.754226 3.061681 -2.229075 2
1.754226 3.061681 -2.229075 2
4.164575 6.999784 0.462130 2
3.263750 4.121120 -1.859014 2
3.893214 4.317584 -1.410204 2
2.237720 2.464284 -1.803225 2
2.237720 2.464284 -1.803225 2
5.114660 4.767940 -0.116845 2
-0.646296 0.057680 -1.617409 2
-0.646296 0.057680 -1.617409 2
1.895533 2.719284 -2.051801 2
1.895533 2.719284 -2.051801 2
1.895533 2.719284 -2.051801 2
1.895533 2.719284 -2.051801 2
1.243786 1.426063 -2.069600 2
1.243786 1.426063 -2.069600 2
1.243786 1.426063 -2.069600 2
1.243786 1.426063 -2.069600 2
1.243786 1.426063 -2.069600 2
1.319098 2.215301 -1.878025 2
1.319098 2.215301 -1.878025 2
1.319098 2.215301 -1.878025 2
1.319098 2.215301 -1.878025 2
3.061668 3.823790 -1.396670 2
0.224211 1.888218 -2.042850 2
1.534871 1.941489 -2.011011 2
1.757252 2.395421 -1.068055 2
1.757252 2.395421 -1.068055 2
0.897289 4.178545 -2.482044 2
0.897289 4.178545 -2.482044 2
0.897289 4.178545 -2.482044 2
0.897289 4.178545 -2.482044 2
0.897289 4.178545 -2.482044 2
1.994378 2.894330 -1.901302 2
