0.967206 1.704430 -1.196935 2
1.308416 2.061452 -2.038611 2
2.298084 3.490124 -1.811166 2
2.298084 3.490124 -1.811166 2
0.957271 1.397667 -2.533028 2
-2.297890 -1.595145 -1.879583 2
-2.297890 -1.595145 -1.879583 2
0.381814 0.491277 -2.365788 2
0.381814 0.491277 -2.365788 2
0.845894 1.602297 -1.923601 2
0.688538 2.066688 -1.861464 2
0.688538 2.066688 -1.861464 2
0.688538 2.066688 -1.861464 2
0.313080 2.489434 -1.789479 2
0.941021 1.404091 -2.427441 2
0.941021 1.404091 -2.427441 2
0.886470 1.312151 -2.585074 2
0.886470 1.312151 -2.585074 2
0.886470 1.312151 -2.585074 2
0.185353 1.846746 -2.023572 2
1.829660 1.921453 -2.289747 2
1.007646 2.157210 -2.217431 2
1.995107 3.596224 -1.194772 2
1.452499 1.723428 -1.534983 2
1.697958 1.554852 -1.450366 2
1.285671 1.651594 -1.822649 2
1.903545 0.880789 -1.857906 2
1.105834 0.432576 -2.469209 2
0.431054 0.861541 -1.987869 2
0.230957 0.608232 -1.536648 2
-0.285313 2.033303 -1.340450 2
3.436641 1.875145 -1.401833 2
0.851562 3.261596 -2.143276 2
1.846757 1.604679 -1.056331 2
0.784857 1.828576 -2.035164 2
1.177291 1.540253 -1.818242 2
1.177291 1.540253 -1.818242 2
2.603467 1.767654 -0.975669 2
2.603467 1.767654 -0.975669 2
1.782139 3.381845 -1.782381 2
1.625047 0.174879 -2.687012 2
0.693270 1.356923 -1.513341 2
2.034765 2.055959 -1.845751 2
2.463272 4.588545 -1.516008 2
2.463272 4.588545 -1.516008 2
1.699747 0.277952 -2.627548 2
-0.168552 0.859592 -1.559137 2
1.273498 2.670482 -1.292563 2
2.623468 4.260459 -1.636151 2
2.623468 4.260459 -1.636151 2
2.623468 4.260459 -1.636151 2
0.902987 1.872787 -1.586720 2
0.351849 1.073133 -1.139437 2
1.838317 2.226389 -1.709343 2
4.067741 7.248204 -2.722278 2
0.758050 1.298264 -2.237970 2
0.442097 1.666538 -2.304387 2
0.176967 1.560160 -1.074400 2
2.051897 3.020401 -1.756530 2
0.159154 2.590506 -2.478575 2
3.130709 3.188828 -1.546929 2
0.262477 0.238903 -1.851289 2
0.819510 0.826807 -1.862918 2
2.536052 2.383979 -1.376241 2
2.159615 5.097219 -2.105201 2
2.930938 2.725975 -1.562580 2
0.727022 0.549002 -1.653118 2
0.926240 0.874691 -1.775236 2
2.774653 2.209003 -1.242049 2
0.418103 1.491697 -1.711285 2
3.072452 3.053951 -1.430441 2
1.209273 0.113641 -2.388305 2
0.858098 1.296285 -1.529519 2
2.784819 2.179868 -1.543797 2
5.518441 8.548264 -2.306193 2
3.080319 2.886292 -1.242877 2
1.181314 0.133170 -2.370310 2
0.328330 1.012511 -1.684760 2
3.572436 4.624280 -1.482520 2
4.880631 7.977035 -1.787301 2
2.861084 2.767254 -1.391328 2
0.611108 1.926975 -2.031864 2
0.873293 0.854513 -2.016405 2
2.324883 2.503473 -1.943577 2
2.474568 3.866189 -1.566387 2
5.374223 4.290885 -1.145909 2
-0.062208 2.188891 -1.946252 2
1.118289 1.619620 -2.453743 2
1.826781 2.003794 -1.787150 2
0.634877 1.436038 -1.407688 2
0.634877 1.436038 -1.407688 2
0.151170 1.845005 -2.288045 2
1.147290 1.508086 -2.580229 2
2.368431 1.579410 -1.872295 2
2.098354 4.493635 -1.747894 2
2.098354 4.493635 -1.747894 2
5.469485 1.074370 -2.348006 2
5.469485 1.074370 -2.348006 2
5.469485 1.074370 -2.348006 2
7.663834 4.410970 -0.564320 2
7.663834 4.410970 -0.564320 2
6.726197 2.736194 -6.114133 2
8.808495 2.306372 -2.088127 2
8.808495 2.306372 -2.088127 2
10.410714 5.673605 -1.356867 2
10.410714 5.673605 -1.356867 2
10.515599 4.541387 -1.048769 2
9.951687 4.080558 -1.656545 2
8.950605 1.152485 -1.436270 2
8.993401 1.744520 -1.436855 2
14.025806 0.133177 -1.136398 2
12.233191 5.954062 -0.697781 2
9.052042 0.389690 -1.963389 2
9.129524 2.038051 -0.523336 2
9.236280 2.594689 -1.361894 2
11.700556 4.415866 -0.218933 2
11.700556 4.415866 -0.218933 2
10.267529 0.679370 -1.771077 2
9.506440 1.917218 -0.457190 2
10.115890 4.410137 -1.261056 2
11.952628 5.986982 -1.227138 2
9.608266 3.449796 -1.986681 2
10.454012 3.868686 -2.325441 2
10.412492 4.444477 -2.202567 2
8.738899 1.836827 0.332064 2
9.727263 3.259724 -1.239953 2
9.727263 3.259724 -1.239953 2
9.727263 3.259724 -1.239953 2
8.172503 1.455660 -1.845764 2
10.748564 0.281428 -0.083367 2
10.529168 3.715719 -1.299536 2
10.529168 3.715719 -1.299536 2
10.535595 4.814025 -0.932450 2
8.631298 4.040293 -2.047229 2
10.389963 2.827008 -2.062590 2
10.365251 3.220412 -1.358294 2
10.365251 3.220412 -1.358294 2
10.450355 4.223170 -0.775962 2
9.431514 3.577014 -1.776982 2
10.499502 2.927959 -2.131721 2
9.849751 3.353322 -1.282359 2
10.824146 5.625124 -1.374551 2
10.594786 3.481595 -3.804454 2
9.738082 3.296599 -2.097394 2
10.392891 3.173539 -0.958189 2
9.872438 3.410279 -1.252150 2
10.073682 4.385026 -0.011873 2
9.224084 2.320374 -1.946424 2
10.250836 3.057151 -2.225718 2
10.854625 2.554712 -0.788181 2
9.836102 3.375677 -1.120211 2
10.034369 4.497341 -0.306134 2
10.034369 4.497341 -0.306134 2
9.084162 0.914232 -2.194246 2
9.485087 1.416715 -1.434652 2
10.182217 3.252242 -2.223957 2
9.037302 3.891474 -0.706253 2
9.037302 3.891474 -0.706253 2
9.037302 3.891474 -0.706253 2
9.074541 1.168006 -2.227813 2
10.175714 2.658283 -2.429646 2
9.050445 4.031864 -1.193885 2
9.050445 4.031864 -1.193885 2
9.050445 4.031864 -1.193885 2
9.953168 3.760628 -2.367873 2
10.147989 3.046647 -2.046064 2
10.147989 3.046647 -2.046064 2
9.964857 3.422629 -1.126078 2
10.279119 4.220017 -0.968082 2
9.784930 3.721826 -2.063064 2
9.587352 3.317726 -1.809536 2
9.705413 3.622146 -1.184092 2
12.099433 3.894977 -0.063560 2
10.101567 4.682008 -0.938689 2
10.622209 3.787169 -1.837914 2
9.359069 3.727384 -0.553388 2
9.960130 3.201764 -0.876669 2
10.734607 4.040434 -0.630903 2
9.971965 3.525117 -2.058148 2
10.923803 2.651621 -1.446460 2
8.983923 1.241548 -1.537911 2
10.053219 3.238304 -0.691698 2
11.133039 2.866724 -1.148600 2
9.691194 3.874160 -2.067305 2
9.893804 3.224834 -1.382274 2
9.893804 3.224834 -1.382274 2
9.801374 2.768579 -1.497502 2
9.975946 3.241485 -1.268788 2
9.975946 3.241485 -1.268788 2
10.512019 3.504657 -3.718042 2
9.793500 3.425319 -1.794124 2
10.435220 2.530556 -2.279728 2
9.456961 3.430020 -0.901802 2
9.456961 3.430020 -0.901802 2
9.682899 4.453248 -0.854825 2
5.812131 0.705323 -2.141465 2
5.812131 0.705323 -2.141465 2
5.812131 0.705323 -2.141465 2
5.812131 0.705323 -2.141465 2
5.812131 0.705323 -2.141465 2
3.442301 7.400414 -0.942137 2
0.477207 4.022735 -1.886844 2
2.273056 0.373166 -2.368264 2
2.198893 3.984039 -1.568861 2
4.157994 5.114024 -0.501324 2
0.506980 0.556083 -2.342051 2
2.488161 1.754138 -2.053602 2
2.488161 1.754138 -2.053602 2
1.135849 1.139353 -1.339817 2
1.135849 1.139353 -1.339817 2
0.849461 0.271589 -2.419459 2
0.849461 0.271589 -2.419459 2
0.849461 0.271589 -2.419459 2
0.849461 0.271589 -2.419459 2
0.849461 0.271589 -2.419459 2
0.849461 0.271589 -2.419459 2
1.112879 1.253945 -2.099207 2
1.112879 1.253945 -2.099207 2
1.380810 4.498196 -2.119357 2
1.380810 4.498196 -2.119357 2
3.121163 3.802708 -1.728508 2
0.309632 3.027818 -2.749925 2
-0.631123 3.287915 -2.172890 2
4.231805 5.955992 -0.500410 2
4.231805 5.955992 -0.500410 2
4.231805 5.955992 -0.500410 2
1.159112 2.006816 -1.968163 2
-1.000858 3.401905 -2.148621 2
4.473949 6.144669 -0.573006 2
1.546178 2.249795 -1.838409 2
1.546178 2.249795 -1.838409 2
1.546178 2.249795 -1.838409 2
-0.177898 3.393389 -2.889743 2
0.809809 2.190495 -1.309344 2
2.263468 3.432508 -1.736631 2
4.425752 7.960464 -2.625551 2
0.798995 0.556470 -2.200637 2
0.798995 0.556470 -2.200637 2
0.798995 0.556470 -2.200637 2
0.798995 0.556470 -2.200637 2
0.798995 0.556470 -2.200637 2
0.798995 0.556470 -2.200637 2
0.470704 0.625330 -1.953567 2
0.375109 3.388114 -2.873875 2
0.375109 3.388114 -2.873875 2
0.375109 3.388114 -2.873875 2
0.375109 3.388114 -2.873875 2
0.567716 1.872999 -1.791615 2
0.040882 3.526263 -2.676121 2
4.544271 5.866386 -0.490590 2
4.544271 5.866386 -0.490590 2
4.544271 5.866386 -0.490590 2
0.958953 1.862059 -1.966361 2
0.958953 1.862059 -1.966361 2
4.634486 5.771387 -1.263790 2
4.634486 5.771387 -1.263790 2
4.634486 5.771387 -1.263790 2
-0.084480 1.042105 -1.177023 2
0.082623 3.618197 -3.197731 2
-0.682517 3.963641 -1.798741 2
4.077113 6.273027 -1.624303 2
4.482759 7.460622 -2.253846 2
1.324800 3.022002 -2.163190 2
0.913239 2.660160 -1.940813 2
1.040819 2.084434 -1.638384 2
1.040819 2.084434 -1.638384 2
1.040819 2.084434 -1.638384 2
1.040819 2.084434 -1.638384 2
0.473992 0.546485 -2.116002 2
-0.213923 2.901763 -2.525148 2
-0.213923 2.901763 -2.525148 2
-0.213923 2.901763 -2.525148 2
-0.213923 2.901763 -2.525148 2
1.050176 2.156755 -2.362308 2
-0.580810 3.437697 -2.470386 2
3.892177 5.755125 -0.612065 2
3.892177 5.755125 -0.612065 2
3.892177 5.755125 -0.612065 2
1.354537 2.530822 -2.137253 2
-0.973188 3.484652 -2.423271 2
4.076783 5.867449 -0.491151 2
4.076783 5.867449 -0.491151 2
4.076783 5.867449 -0.491151 2
4.076783 5.867449 -0.491151 2
-0.358223 3.796678 -2.810008 2
1.163469 1.702129 -0.975198 2
3.937540 5.653222 -1.265022 2
4.004587 7.720629 -2.691009 2
1.515193 2.887307 -2.153403 2
1.437389 1.902317 -1.845739 2
0.277296 4.085277 -3.040777 2
0.277296 4.085277 -3.040777 2
0.277296 4.085277 -3.040777 2
0.277296 4.085277 -3.040777 2
0.277296 4.085277 -3.040777 2
1.604141 0.414241 -1.966559 2
1.604141 0.414241 -1.966559 2
1.604141 0.414241 -1.966559 2
9.225861 3.774078 -0.945796 2
8.582537 -0.185510 -2.866757 2
8.440551 0.062812 -0.640502 2
9.051626 3.725371 -1.212749 2
9.051626 3.725371 -1.212749 2
13.104062 4.756918 0.723789 2
9.470581 2.233846 -1.873858 2
8.917061 1.199942 -1.171567 2
14.343102 -1.329418 -0.929281 2
14.343102 -1.329418 -0.929281 2
10.523629 4.113822 -1.531262 2
10.832057 1.798858 -1.663932 2
9.048405 1.845907 -1.383218 2
9.263001 2.926899 -1.564074 2
11.055858 3.519909 -0.424166 2
11.055858 3.519909 -0.424166 2
10.185785 2.930950 -1.099337 2
10.185785 2.930950 -1.099337 2
10.185785 2.930950 -1.099337 2
9.180164 2.302679 -1.217256 2
9.180164 2.302679 -1.217256 2
10.379176 3.833697 -1.108876 2
8.579190 0.994979 -3.079055 2
8.444701 0.322450 -1.244559 2
9.594265 3.230164 -1.046347 2
9.594265 3.230164 -1.046347 2
10.433659 4.149539 -1.014043 2
9.103793 0.729894 -2.659405 2
8.547966 0.945064 -0.931299 2
9.333103 2.415051 -1.395328 2
10.512583 3.905432 -0.243822 2
10.690700 4.836934 -1.071977 2
9.896043 2.363080 -2.105688 2
8.360717 1.324591 -1.577437 2
9.943290 3.221302 -0.999152 2
10.071674 2.545307 -0.576810 2
7.561107 0.507591 -2.816713 2
10.434241 1.286792 -2.077876 2
10.489253 1.390066 -1.436625 2
10.540858 3.303431 -0.896351 2
12.198175 2.962035 -0.757050 2
9.897958 4.907009 -2.811121 2
9.967555 1.625133 -1.919767 2
9.339881 1.080317 -1.933662 2
9.168144 1.077452 0.119823 2
9.481485 2.215958 -1.337225 2
10.551770 4.975638 -2.142863 2
10.127001 4.011090 -0.721330 2
9.815104 5.046079 -0.758471 2
8.199388 0.574461 -0.403882 2
9.580160 2.506645 -1.171049 2
9.580160 2.506645 -1.171049 2
10.443851 4.131155 -0.927907 2
8.752009 1.995502 -1.963260 2
8.957455 1.401384 0.152011 2
9.631848 2.631039 -1.457876 2
10.616926 4.745195 -1.159655 2
8.359025 1.789734 -2.153784 2
8.359025 1.789734 -2.153784 2
9.305187 2.780958 -1.427686 2
9.499937 2.559986 -0.861001 2
9.875280 3.442603 -1.192342 2
10.410315 3.940145 -0.218397 2
10.155551 1.831829 -1.750314 2
10.283708 2.089222 -0.965265 2
9.821330 3.183408 -1.087988 2
10.724208 4.919572 -1.187362 2
10.724208 4.919572 -1.187362 2
9.079437 1.765151 -1.325734 2
10.168677 4.084769 -1.830923 2
9.011422 1.146902 -0.670884 2
8.009270 2.918276 -1.065612 2
8.009270 2.918276 -1.065612 2
10.298423 4.245286 -0.995013 2
9.095214 0.784117 -2.694640 2
8.371877 0.630465 -1.310951 2
9.525647 2.459195 -1.601235 2
9.525647 2.459195 -1.601235 2
10.265067 3.900976 -1.081038 2
8.369124 1.220259 -3.284267 2
9.192353 2.128114 -1.414790 2
9.192353 2.128114 -1.414790 2
9.192353 2.128114 -1.414790 2
10.584600 4.782663 -1.082970 2
11.351791 5.170600 -2.018681 2
9.052929 2.885372 -0.957008 2
9.052929 2.885372 -0.957008 2
10.145592 2.624098 -0.618421 2
10.145592 2.624098 -0.618421 2
13.510672 5.550703 -1.508420 2
9.433541 2.896645 -0.467414 2
10.648408 5.342483 -2.255778 2
11.757195 5.385840 -1.297682 2
11.757195 5.385840 -1.297682 2
9.799810 4.323541 -2.602526 2
8.761535 1.392344 -1.521004 2
7.360583 1.537578 -0.524392 2
7.321805 2.707652 -2.188773 2
7.321805 2.707652 -2.188773 2
2.412026 2.206337 -1.555304 2
2.412026 2.206337 -1.555304 2
0.888567 3.193667 -2.523148 2
2.683444 3.548648 -2.269368 2
2.683444 3.548648 -2.269368 2
9.239751 9.293605 -0.602522 2
0.104179 2.775769 -1.312648 2
0.073891 0.021976 -2.204370 2
1.829070 -0.083724 -2.341969 2
1.829070 -0.083724 -2.341969 2
6.020560 5.125033 -0.666819 2
0.914606 2.163159 -2.030273 2
-1.443552 3.407410 -1.921761 2
0.920889 0.678300 -1.945841 2
1.388018 2.269277 -1.385752 2
1.388018 2.269277 -1.385752 2
1.388018 2.269277 -1.385752 2
1.869338 2.093505 -1.652691 2
1.267499 2.027837 -1.798420 2
2.084658 0.519273 -1.868985 2
6.477248 7.885719 -2.448874 2
0.695356 2.715734 -1.725671 2
0.695356 2.715734 -1.725671 2
0.695356 2.715734 -1.725671 2
2.887610 4.506313 -1.442024 2
2.887610 4.506313 -1.442024 2
0.921932 1.818432 -1.950691 2
1.091188 0.647709 -1.938575 2
1.221220 4.683367 -1.979042 2
1.221220 4.683367 -1.979042 2
1.221220 4.683367 -1.979042 2
1.221220 4.683367 -1.979042 2
3.546973 4.389045 -2.059139 2
0.401074 3.939548 -2.113054 2
2.527459 3.294896 -1.596296 2
2.527459 3.294896 -1.596296 2
2.527459 3.294896 -1.596296 2
3.432625 5.308330 -1.974131 2
-1.895911 3.408105 -1.900023 2
2.831947 2.967878 -2.118306 2
2.831947 2.967878 -2.118306 2
2.831947 2.967878 -2.118306 2
-0.509055 1.561257 -1.380651 2
-0.509055 1.561257 -1.380651 2
3.164078 4.472792 -1.303255 2
3.164078 4.472792 -1.303255 2
3.164078 4.472792 -1.303255 2
0.022550 2.978521 -2.487075 2
1.284352 2.212537 -1.315742 2
0.968018 2.283578 -1.181782 2
2.620062 3.379345 -1.572897 2
4.694253 7.596104 -2.681911 2
4.653042 6.010150 -0.632654 2
4.653042 6.010150 -0.632654 2
4.653042 6.010150 -0.632654 2
2.263753 2.808956 -2.023148 2
2.263753 2.808956 -2.023148 2
2.568969 2.937915 -1.856184 2
2.568969 2.937915 -1.856184 2
2.568969 2.937915 -1.856184 2
2.568969 2.937915 -1.856184 2
2.568969 2.937915 -1.856184 2
2.568969 2.937915 -1.856184 2
2.568969 2.937915 -1.856184 2
5.428386 6.566217 -1.408685 2
0.771745 2.532762 -2.151823 2
0.073211 3.841992 -2.025462 2
1.616813 1.656936 -1.798621 2
3.644637 6.292260 -1.910873 2
3.666712 6.248830 -1.675783 2
0.724588 2.842975 -2.262501 2
2.177191 2.030387 -1.877414 2
2.177191 2.030387 -1.877414 2
2.177191 2.030387 -1.877414 2
2.177191 2.030387 -1.877414 2
2.177191 2.030387 -1.877414 2
0.825212 0.761371 -2.123236 2
0.508461 3.942996 -2.162300 2
0.508461 3.942996 -2.162300 2
0.508461 3.942996 -2.162300 2
0.508461 3.942996 -2.162300 2
0.584125 0.508648 -2.163763 2
0.460904 3.211436 -2.641957 2
0.460904 3.211436 -2.641957 2
0.460904 3.211436 -2.641957 2
0.460904 3.211436 -2.641957 2
2.203249 3.933823 -1.803646 2
0.016984 3.707060 -2.532518 2
4.217646 5.897359 -0.422208 2
4.217646 5.897359 -0.422208 2
4.217646 5.897359 -0.422208 2
4.217646 5.897359 -0.422208 2
11.168481 3.044681 -0.093681 2
12.030897 2.269067 -1.180044 2
11.951600 6.957567 -3.613038 2
11.951600 6.957567 -3.613038 2
11.951600 6.957567 -3.613038 2
17.530670 1.700570 -1.890539 2
17.530670 1.700570 -1.890539 2
17.530670 1.700570 -1.890539 2
17.530670 1.700570 -1.890539 2
16.745731 2.999317 -2.614514 2
16.115398 2.187280 -1.995782 2
16.115398 2.187280 -1.995782 2
16.303373 3.196848 -2.723365 2
16.303373 3.196848 -2.723365 2
16.303373 3.196848 -2.723365 2
16.303373 3.196848 -2.723365 2
16.303373 3.196848 -2.723365 2
16.238670 3.179219 -2.615429 2
20.935789 7.698884 0.197276 2
20.935789 7.698884 0.197276 2
20.935789 7.698884 0.197276 2
20.935789 7.698884 0.197276 2
15.897181 3.414507 -2.551847 2
15.897181 3.414507 -2.551847 2
15.897181 3.414507 -2.551847 2
16.278692 3.343445 -2.647051 2
16.314692 3.466172 -2.686986 2
15.823675 3.572066 -2.231322 2
15.823675 3.572066 -2.231322 2
15.823675 3.572066 -2.231322 2
15.823675 3.572066 -2.231322 2
17.245617 2.110438 -2.285135 2
19.259186 3.576780 -1.323346 2
19.259186 3.576780 -1.323346 2
19.259186 3.576780 -1.323346 2
19.259186 3.576780 -1.323346 2
16.400618 2.275868 -2.038529 2
16.400618 2.275868 -2.038529 2
16.152159 3.514889 -2.437296 2
16.152159 3.514889 -2.437296 2
16.152159 3.514889 -2.437296 2
16.152159 3.514889 -2.437296 2
17.291956 2.330571 -1.936370 2
17.291956 2.330571 -1.936370 2
17.291956 2.330571 -1.936370 2
17.291956 2.330571 -1.936370 2
16.376423 3.482325 -2.586420 2
16.127115 3.576365 -2.316030 2
16.127115 3.576365 -2.316030 2
16.127115 3.576365 -2.316030 2
16.127115 3.576365 -2.316030 2
16.476837 3.665785 -2.462239 2
16.336950 1.137581 -2.458411 2
16.336950 1.137581 -2.458411 2
16.336950 1.137581 -2.458411 2
16.336950 1.137581 -2.458411 2
16.336950 1.137581 -2.458411 2
16.336950 1.137581 -2.458411 2
16.336950 1.137581 -2.458411 2
16.336950 1.137581 -2.458411 2
16.336950 1.137581 -2.458411 2
16.242657 0.994800 -2.389873 2
16.242657 0.994800 -2.389873 2
16.242657 0.994800 -2.389873 2
16.330885 1.145640 -2.508431 2
16.330885 1.145640 -2.508431 2
16.399588 0.940478 -2.428129 2
16.399588 0.940478 -2.428129 2
16.363201 1.139568 -2.439342 2
16.363201 1.139568 -2.439342 2
16.363201 1.139568 -2.439342 2
16.363201 1.139568 -2.439342 2
15.792985 3.700229 -2.283631 2
15.792985 3.700229 -2.283631 2
16.042660 1.156348 -2.412042 2
16.042660 1.156348 -2.412042 2
16.042660 1.156348 -2.412042 2
16.042660 1.156348 -2.412042 2
16.042660 1.156348 -2.412042 2
16.042660 1.156348 -2.412042 2
16.042660 1.156348 -2.412042 2
16.042660 1.156348 -2.412042 2
16.676529 1.624287 -1.859250 2
16.676529 1.624287 -1.859250 2
16.676529 1.624287 -1.859250 2
16.676529 1.624287 -1.859250 2
16.676529 1.624287 -1.859250 2
15.903365 1.584307 -1.836224 2
16.483223 -0.105191 -3.740489 2
16.483223 -0.105191 -3.740489 2
16.483223 -0.105191 -3.740489 2
16.483223 -0.105191 -3.740489 2
15.981964 0.589647 -2.414576 2
15.981964 0.589647 -2.414576 2
15.981964 0.589647 -2.414576 2
16.109467 1.116658 -2.517137 2
16.109467 1.116658 -2.517137 2
16.109467 1.116658 -2.517137 2
12.643302 1.946693 -2.271066 2
12.894974 3.859764 -1.236542 2
11.881252 5.113639 -1.433652 2
11.652248 5.048434 -0.724382 2
6.719003 4.035437 -1.562265 2
3.408179 3.037034 -1.881316 2
-0.104284 4.526910 -1.535117 2
-0.104284 4.526910 -1.535117 2
-0.104284 4.526910 -1.535117 2
-0.104284 4.526910 -1.535117 2
-0.104284 4.526910 -1.535117 2
-0.104284 4.526910 -1.535117 2
-0.104284 4.526910 -1.535117 2
-0.104284 4.526910 -1.535117 2
-0.104284 4.526910 -1.535117 2
-0.104284 4.526910 -1.535117 2
-0.104284 4.526910 -1.535117 2
1.442424 5.332367 -3.296124 2
2.427284 4.143319 -1.409837 2
2.427284 4.143319 -1.409837 2
2.427284 4.143319 -1.409837 2
1.401784 3.878751 -1.924180 2
-2.176847 4.501732 -1.748393 2
3.374817 2.589570 -1.139157 2
2.493813 3.875846 -1.697211 2
2.493813 3.875846 -1.697211 2
0.376921 2.038370 -1.492595 2
0.376921 2.038370 -1.492595 2
0.376921 2.038370 -1.492595 2
2.355537 4.098570 -1.665498 2
2.355537 4.098570 -1.665498 2
2.568525 4.856271 -1.530251 2
2.450544 1.606572 -1.831207 2
2.450544 1.606572 -1.831207 2
1.853663 3.394072 -1.661738 2
1.853663 3.394072 -1.661738 2
0.495932 1.587816 -1.812809 2
1.158434 0.831782 -1.935906 2
1.158434 0.831782 -1.935906 2
0.699583 5.312377 -1.426787 2
1.556143 3.331981 -2.269267 2
1.556143 3.331981 -2.269267 2
2.378754 4.038872 -1.415388 2
1.835077 2.689929 -1.813162 2
1.888690 2.756682 -1.887292 2
1.888690 2.756682 -1.887292 2
3.508626 4.486340 -1.810087 2
-0.547943 1.656919 -1.441920 2
-0.547943 1.656919 -1.441920 2
0.778217 4.591308 -2.150621 2
1.632734 2.309112 -1.373232 2
2.942323 6.736720 -3.528162 2
2.284477 3.811021 -1.715958 2
2.284477 3.811021 -1.715958 2
2.284477 3.811021 -1.715958 2
2.889769 4.374519 -1.561053 2
2.889769 4.374519 -1.561053 2
1.160743 -0.474922 -2.358943 2
0.999306 2.102030 -2.163222 2
0.999306 2.102030 -2.163222 2
2.599089 2.560459 -1.260670 2
4.811997 5.958753 -2.561439 2
4.811997 5.958753 -2.561439 2
4.811997 5.958753 -2.561439 2
4.811997 5.958753 -2.561439 2
2.623488 4.804425 -1.907987 2
2.623488 4.804425 -1.907987 2
2.623488 4.804425 -1.907987 2
2.236635 3.015502 -1.504085 2
2.236635 3.015502 -1.504085 2
3.399202 3.834858 -1.917479 2
3.399202 3.834858 -1.917479 2
4.762611 6.090034 -2.180708 2
0.865058 2.192168 -1.491093 2
0.865058 2.192168 -1.491093 2
0.434882 1.310623 -2.278939 2
0.434882 1.310623 -2.278939 2
2.930596 7.064760 -2.742634 2
1.243967 3.440800 -1.318815 2
0.249931 3.499032 -2.336227 2
0.249931 3.499032 -2.336227 2
2.934696 5.160119 -1.589871 2
4.133162 7.068437 -3.127932 2
4.133162 7.068437 -3.127932 2
0.317520 2.107093 -1.502526 2
0.317520 2.107093 -1.502526 2
2.591689 4.572752 -1.601076 2
2.591689 4.572752 -1.601076 2
4.762078 6.366613 -2.396536 2
4.762078 6.366613 -2.396536 2
4.762078 6.366613 -2.396536 2
2.191237 4.486873 -1.543892 2
2.191237 4.486873 -1.543892 2
2.191237 4.486873 -1.543892 2
3.259022 4.427835 -1.532427 2
1.822327 2.746881 -1.688567 2
2.636866 0.546720 -1.983315 2
2.636866 0.546720 -1.983315 2
1.688001 2.056262 -2.532511 2
2.962797 3.986315 -1.826213 2
2.962797 3.986315 -1.826213 2
6.319637 1.429774 -2.582405 2
8.185962 3.410921 -0.272823 2
10.543177 4.865137 0.146634 2
10.543177 4.865137 0.146634 2
13.692436 -2.249539 -2.051951 2
13.692436 -2.249539 -2.051951 2
13.692436 -2.249539 -2.051951 2
13.692436 -2.249539 -2.051951 2
13.692436 -2.249539 -2.051951 2
15.077684 1.883157 -2.160484 2
15.077684 1.883157 -2.160484 2
15.077684 1.883157 -2.160484 2
15.077684 1.883157 -2.160484 2
16.178938 0.931617 -2.330328 2
16.178938 0.931617 -2.330328 2
16.178938 0.931617 -2.330328 2
16.406876 0.915282 -2.729528 2
16.406876 0.915282 -2.729528 2
16.212307 0.842096 -2.183690 2
15.237520 1.313053 -2.494886 2
15.237520 1.313053 -2.494886 2
15.984630 1.243186 -2.548369 2
15.984630 1.243186 -2.548369 2
15.984630 1.243186 -2.548369 2
16.257570 3.296766 -2.560604 2
16.257570 3.296766 -2.560604 2
15.974771 1.363152 -2.501509 2
15.974771 1.363152 -2.501509 2
15.974771 1.363152 -2.501509 2
15.974771 1.363152 -2.501509 2
15.974771 1.363152 -2.501509 2
15.974771 1.363152 -2.501509 2
15.974771 1.363152 -2.501509 2
15.974771 1.363152 -2.501509 2
15.901925 0.809264 -2.583982 2
16.231596 1.237993 -2.438423 2
16.231596 1.237993 -2.438423 2
16.231596 1.237993 -2.438423 2
16.231596 1.237993 -2.438423 2
15.809711 0.849849 -2.438231 2
15.809711 0.849849 -2.438231 2
15.809711 0.849849 -2.438231 2
16.110504 1.027376 -2.604099 2
21.310484 6.192328 0.457440 2
15.175333 0.916795 -2.791720 2
15.855761 0.900691 -3.154696 2
15.855761 0.900691 -3.154696 2
16.129440 1.248273 -2.359241 2
21.699251 7.426874 -1.295834 2
21.699251 7.426874 -1.295834 2
15.642128 1.538735 -2.528579 2
15.642128 1.538735 -2.528579 2
15.928349 1.168648 -2.460710 2
15.928349 1.168648 -2.460710 2
15.928349 1.168648 -2.460710 2
15.928349 1.168648 -2.460710 2
15.928349 1.168648 -2.460710 2
15.928349 1.168648 -2.460710 2
15.928349 1.168648 -2.460710 2
15.928349 1.168648 -2.460710 2
16.438503 0.828705 -2.586711 2
15.613140 1.577377 -2.209485 2
15.613140 1.577377 -2.209485 2
15.613140 1.577377 -2.209485 2
15.613140 1.577377 -2.209485 2
16.330456 0.977032 -2.484390 2
16.330456 0.977032 -2.484390 2
16.330456 0.977032 -2.484390 2
16.337816 0.924630 -2.612711 2
16.337816 0.924630 -2.612711 2
16.409016 0.795554 -2.385278 2
15.638871 1.240132 -2.533536 2
15.638871 1.240132 -2.533536 2
16.250814 1.164249 -2.507295 2
16.250814 1.164249 -2.507295 2
16.250814 1.164249 -2.507295 2
16.819363 2.295388 -1.970590 2
16.819363 2.295388 -1.970590 2
16.198076 1.095212 -2.434033 2
16.198076 1.095212 -2.434033 2
16.198076 1.095212 -2.434033 2
16.198076 1.095212 -2.434033 2
16.198076 1.095212 -2.434033 2
15.878457 1.212919 -2.361912 2
15.878457 1.212919 -2.361912 2
15.878457 1.212919 -2.361912 2
15.978592 0.841499 -2.542329 2
16.418337 1.221265 -2.457022 2
16.418337 1.221265 -2.457022 2
16.418337 1.221265 -2.457022 2
16.418337 1.221265 -2.457022 2
15.949762 0.864388 -2.449900 2
15.949762 0.864388 -2.449900 2
15.949762 0.864388 -2.449900 2
16.155661 1.259046 -2.522418 2
15.997844 0.710572 -2.484910 2
15.997844 0.710572 -2.484910 2
15.997844 0.710572 -2.484910 2
15.997844 0.710572 -2.484910 2
13.226527 1.231306 -2.411774 2
8.929935 0.375308 -1.844680 2
8.929935 0.375308 -1.844680 2
6.193512 2.470539 -1.452907 2
6.193512 2.470539 -1.452907 2
5.046960 2.807990 -2.010802 2
4.936186 2.081633 -1.918445 2
6.162799 3.752846 -2.175129 2
6.814406 9.066187 -1.273298 2
6.814406 9.066187 -1.273298 2
0.744817 -0.410897 -2.178750 2
0.744817 -0.410897 -2.178750 2
2.864468 2.931496 -1.491632 2
2.864468 2.931496 -1.491632 2
2.864468 2.931496 -1.491632 2
1.107618 4.826037 -2.200757 2
1.107618 4.826037 -2.200757 2
1.107618 4.826037 -2.200757 2
1.107618 4.826037 -2.200757 2
1.107618 4.826037 -2.200757 2
1.107618 4.826037 -2.200757 2
1.107618 4.826037 -2.200757 2
1.107618 4.826037 -2.200757 2
1.107618 4.826037 -2.200757 2
0.824614 3.556198 -1.216858 2
0.824614 3.556198 -1.216858 2
0.824614 3.556198 -1.216858 2
2.451795 3.883048 -1.932366 2
2.451795 3.883048 -1.932366 2
-0.316392 0.145326 -2.508703 2
0.473531 2.079679 -1.476949 2
0.473531 2.079679 -1.476949 2
5.219757 6.216933 -0.687340 2
5.219757 6.216933 -0.687340 2
4.578380 6.532618 -2.084773 2
4.578380 6.532618 -2.084773 2
1.918169 3.992594 -1.806417 2
1.918169 3.992594 -1.806417 2
1.918169 3.992594 -1.806417 2
3.946831 5.536384 -2.473246 2
0.348864 6.016790 -1.647943 2
0.293834 3.861437 -3.014970 2
2.928421 4.570403 -1.661942 2
2.928421 4.570403 -1.661942 2
2.928421 4.570403 -1.661942 2
2.928421 4.570403 -1.661942 2
2.928421 4.570403 -1.661942 2
2.928421 4.570403 -1.661942 2
2.928421 4.570403 -1.661942 2
2.928421 4.570403 -1.661942 2
1.953637 3.701303 -1.667321 2
1.953637 3.701303 -1.667321 2
1.953637 3.701303 -1.667321 2
1.059453 5.360332 -1.429331 2
1.059453 5.360332 -1.429331 2
0.754651 -0.322772 -2.830882 2
1.828083 1.714797 -1.656215 2
1.511060 0.701757 -1.974675 2
1.511060 0.701757 -1.974675 2
1.511060 0.701757 -1.974675 2
1.511060 0.701757 -1.974675 2
1.115699 1.110497 -1.937369 2
1.529465 4.155102 -2.643908 2
2.361433 2.548389 -1.530025 2
2.361433 2.548389 -1.530025 2
2.361433 2.548389 -1.530025 2
1.775860 3.623882 -2.127180 2
1.767840 5.200122 -3.405219 2
1.428796 0.507733 -2.083960 2
1.428796 0.507733 -2.083960 2
1.428796 0.507733 -2.083960 2
3.014560 5.657390 -1.067479 2
0.056940 1.802787 -1.605973 2
0.572761 1.459013 -1.910225 2
2.386355 4.254545 -1.956571 2
3.399439 7.094435 -3.124942 2
0.725235 -0.080093 -1.892700 2
0.302853 3.775871 -1.931511 2
0.302853 3.775871 -1.931511 2
2.246423 4.276507 -1.950775 2
2.246423 4.276507 -1.950775 2
4.276612 6.605383 -2.589237 2
2.185119 2.115805 -1.910535 2
2.185119 2.115805 -1.910535 2
1.985201 3.849817 -1.785913 2
4.866194 6.364213 -2.480712 2
4.866194 6.364213 -2.480712 2
2.817314 3.920960 -1.653078 2
1.228407 4.920798 -3.636557 2
2.221677 4.009479 -1.631069 2
2.221677 4.009479 -1.631069 2
4.140846 5.790035 -2.525845 2
-0.106570 0.599670 -1.862886 2
-0.106570 0.599670 -1.862886 2
1.073671 0.959165 -1.740489 2
1.073671 0.959165 -1.740489 2
1.073671 0.959165 -1.740489 2
1.073671 0.959165 -1.740489 2
1.073671 0.959165 -1.740489 2
4.586742 0.640994 -1.876275 2
4.586742 0.640994 -1.876275 2
4.586742 0.640994 -1.876275 2
11.662432 1.410925 -2.840839 2
11.662432 1.410925 -2.840839 2
11.662432 1.410925 -2.840839 2
11.662432 1.410925 -2.840839 2
22.383518 2.030958 -1.414397 2
22.383518 2.030958 -1.414397 2
23.868841 -0.199581 -3.281658 2
23.868841 -0.199581 -3.281658 2
24.878263 0.723693 -1.949103 2
24.878263 0.723693 -1.949103 2
26.212898 4.320508 -2.654410 2
26.549810 1.860620 -2.294755 2
26.549810 1.860620 -2.294755 2
25.863438 3.289404 -1.309883 2
25.863438 3.289404 -1.309883 2
25.863438 3.289404 -1.309883 2
25.863438 3.289404 -1.309883 2
26.978991 4.008759 -0.839651 2
26.978991 4.008759 -0.839651 2
26.978991 4.008759 -0.839651 2
24.221928 1.485346 -2.090661 2
24.221928 1.485346 -2.090661 2
25.338551 1.452998 -2.577036 2
25.338551 1.452998 -2.577036 2
25.338551 1.452998 -2.577036 2
25.817579 3.410985 -1.187770 2
25.817579 3.410985 -1.187770 2
25.817579 3.410985 -1.187770 2
25.817579 3.410985 -1.187770 2
25.860712 3.669504 -0.735517 2
26.003603 3.320995 -1.222687 2
25.172586 2.393211 -2.065065 2
25.172586 2.393211 -2.065065 2
25.172586 2.393211 -2.065065 2
24.354961 2.509440 -2.664753 2
24.354961 2.509440 -2.664753 2
24.354961 2.509440 -2.664753 2
24.354961 2.509440 -2.664753 2
24.354961 2.509440 -2.664753 2
24.354961 2.509440 -2.664753 2
24.354961 2.509440 -2.664753 2
24.354961 2.509440 -2.664753 2
24.354961 2.509440 -2.664753 2
24.354961 2.509440 -2.664753 2
24.354961 2.509440 -2.664753 2
24.354961 2.509440 -2.664753 2
24.354961 2.509440 -2.664753 2
24.354961 2.509440 -2.664753 2
24.354961 2.509440 -2.664753 2
24.354961 2.509440 -2.664753 2
24.354961 2.509440 -2.664753 2
24.354961 2.509440 -2.664753 2
24.354961 2.509440 -2.664753 2
24.354961 2.509440 -2.664753 2
24.354961 2.509440 -2.664753 2
24.354961 2.509440 -2.664753 2
24.354961 2.509440 -2.664753 2
24.354961 2.509440 -2.664753 2
24.354961 2.509440 -2.664753 2
24.354961 2.509440 -2.664753 2
24.354961 2.509440 -2.664753 2
24.354961 2.509440 -2.664753 2
24.354961 2.509440 -2.664753 2
24.354961 2.509440 -2.664753 2
24.354961 2.509440 -2.664753 2
24.354961 2.509440 -2.664753 2
24.354961 2.509440 -2.664753 2
24.354961 2.509440 -2.664753 2
24.354961 2.509440 -2.664753 2
24.354961 2.509440 -2.664753 2
24.354961 2.509440 -2.664753 2
24.354961 2.509440 -2.664753 2
24.354961 2.509440 -2.664753 2
24.354961 2.509440 -2.664753 2
24.354961 2.509440 -2.664753 2
24.354961 2.509440 -2.664753 2
24.354961 2.509440 -2.664753 2
24.354961 2.509440 -2.664753 2
24.354961 2.509440 -2.664753 2
24.354961 2.509440 -2.664753 2
24.354961 2.509440 -2.664753 2
24.354961 2.509440 -2.664753 2
24.354961 2.509440 -2.664753 2
24.354961 2.509440 -2.664753 2
24.354961 2.509440 -2.664753 2
24.354961 2.509440 -2.664753 2
24.369715 2.537159 -2.730106 2
24.369715 2.537159 -2.730106 2
24.369715 2.537159 -2.730106 2
24.369715 2.537159 -2.730106 2
24.369715 2.537159 -2.730106 2
24.369715 2.537159 -2.730106 2
24.369715 2.537159 -2.730106 2
24.369715 2.537159 -2.730106 2
24.369715 2.537159 -2.730106 2
24.369715 2.537159 -2.730106 2
24.369715 2.537159 -2.730106 2
24.369715 2.537159 -2.730106 2
24.369715 2.537159 -2.730106 2
24.369715 2.537159 -2.730106 2
24.369715 2.537159 -2.730106 2
24.369715 2.537159 -2.730106 2
24.369715 2.537159 -2.730106 2
24.369715 2.537159 -2.730106 2
24.369715 2.537159 -2.730106 2
4.215337 4.670249 -1.283770 2
4.215337 4.670249 -1.283770 2
3.972255 2.565752 -1.405395 2
4.177300 2.235285 -1.471371 2
2.748803 5.518238 -0.844432 2
2.748803 5.518238 -0.844432 2
2.748803 5.518238 -0.844432 2
0.185998 -0.402121 -2.275237 2
2.696659 -0.099197 -1.532872 2
2.696659 -0.099197 -1.532872 2
4.691535 5.608648 -2.568566 2
0.819258 0.246918 -2.388442 2
0.819258 0.246918 -2.388442 2
2.515788 4.149626 -1.313288 2
2.515788 4.149626 -1.313288 2
2.515788 4.149626 -1.313288 2
2.515788 4.149626 -1.313288 2
2.515788 4.149626 -1.313288 2
0.997978 1.017240 -2.084563 2
1.429290 1.082579 -1.946846 2
3.123659 6.245896 -3.696575 2
1.973987 4.139677 -2.036636 2
1.973987 4.139677 -2.036636 2
1.973987 4.139677 -2.036636 2
2.365617 2.638241 -2.003721 2
2.365617 2.638241 -2.003721 2
2.365617 2.638241 -2.003721 2
1.934445 1.801533 -1.899258 2
0.470165 -0.159562 -2.044863 2
3.908666 0.840940 -2.056056 2
3.908666 0.840940 -2.056056 2
3.908666 0.840940 -2.056056 2
0.736702 -0.404736 -2.497159 2
0.736702 -0.404736 -2.497159 2
2.872339 4.746712 -2.185328 2
2.872339 4.746712 -2.185328 2
2.872339 4.746712 -2.185328 2
2.872339 4.746712 -2.185328 2
2.872339 4.746712 -2.185328 2
2.872339 4.746712 -2.185328 2
2.872339 4.746712 -2.185328 2
2.872339 4.746712 -2.185328 2
2.872339 4.746712 -2.185328 2
2.872339 4.746712 -2.185328 2
2.872339 4.746712 -2.185328 2
2.872339 4.746712 -2.185328 2
3.260027 5.520468 -1.774190 2
3.260027 5.520468 -1.774190 2
3.260027 5.520468 -1.774190 2
1.691893 1.467402 -1.629194 2
1.837993 3.362207 -1.854012 2
1.837993 3.362207 -1.854012 2
2.842982 4.758112 -2.338055 2
0.318317 3.212877 -2.496867 2
0.318317 3.212877 -2.496867 2
1.212492 4.672736 -2.083872 2
1.212492 4.672736 -2.083872 2
7.493901 8.230056 -1.530159 2
2.926182 4.366343 -2.096517 2
0.323031 3.924680 -2.186386 2
0.323031 3.924680 -2.186386 2
3.706316 4.800756 -0.798211 2
3.706316 4.800756 -0.798211 2
3.706316 4.800756 -0.798211 2
3.706316 4.800756 -0.798211 2
3.706316 4.800756 -0.798211 2
3.706316 4.800756 -0.798211 2
-0.457822 1.589392 -1.445112 2
-0.457822 1.589392 -1.445112 2
-0.457822 1.589392 -1.445112 2
-0.457822 1.589392 -1.445112 2
2.338145 3.777148 -1.733585 2
2.338145 3.777148 -1.733585 2
0.637650 -0.319112 -2.619542 2
0.260788 2.083675 -1.479727 2
0.260788 2.083675 -1.479727 2
1.616220 4.431329 -2.006982 2
1.616220 4.431329 -2.006982 2
4.923389 5.940789 -2.015403 2
0.692243 0.932104 -1.937528 2
0.289701 3.284020 -2.481378 2
3.769415 0.954715 -2.148632 2
3.769415 0.954715 -2.148632 2
3.769415 0.954715 -2.148632 2
3.769415 0.954715 -2.148632 2
3.769415 0.954715 -2.148632 2
3.769415 0.954715 -2.148632 2
3.769415 0.954715 -2.148632 2
3.769415 0.954715 -2.148632 2
3.769415 0.954715 -2.148632 2
3.769415 0.954715 -2.148632 2
3.769415 0.954715 -2.148632 2
3.769415 0.954715 -2.148632 2
3.769415 0.954715 -2.148632 2
5.660147 1.132161 -2.671686 2
10.436258 3.742276 -1.754151 2
12.326602 1.161477 -2.179364 2
12.326602 1.161477 -2.179364 2
18.084526 2.425284 -1.679315 2
19.423777 0.660102 -3.572426 2
23.242935 -0.118809 -4.166183 2
23.242935 -0.118809 -4.166183 2
25.422218 5.647242 -0.756505 2
25.422218 5.647242 -0.756505 2
23.794561 2.568810 -3.030452 2
23.794561 2.568810 -3.030452 2
23.794561 2.568810 -3.030452 2
23.794561 2.568810 -3.030452 2
23.794561 2.568810 -3.030452 2
23.794561 2.568810 -3.030452 2
23.794561 2.568810 -3.030452 2
23.794561 2.568810 -3.030452 2
23.794561 2.568810 -3.030452 2
23.794561 2.568810 -3.030452 2
24.680143 3.465624 -1.869909 2
24.680143 3.465624 -1.869909 2
24.680143 3.465624 -1.869909 2
24.680143 3.465624 -1.869909 2
24.680143 3.465624 -1.869909 2
25.580177 3.626994 -1.449161 2
25.580177 3.626994 -1.449161 2
25.580177 3.626994 -1.449161 2
25.580177 3.626994 -1.449161 2
27.272039 5.464375 -1.678926 2
27.272039 5.464375 -1.678926 2
27.272039 5.464375 -1.678926 2
27.272039 5.464375 -1.678926 2
27.272039 5.464375 -1.678926 2
27.272039 5.464375 -1.678926 2
27.272039 5.464375 -1.678926 2
25.096376 2.477334 -1.574384 2
25.096376 2.477334 -1.574384 2
25.096376 2.477334 -1.574384 2
25.096376 2.477334 -1.574384 2
25.096376 2.477334 -1.574384 2
25.096376 2.477334 -1.574384 2
25.096376 2.477334 -1.574384 2
25.096376 2.477334 -1.574384 2
25.096376 2.477334 -1.574384 2
25.096376 2.477334 -1.574384 2
25.078915 2.544510 -1.520391 2
25.078915 2.544510 -1.520391 2
25.078915 2.544510 -1.520391 2
25.078915 2.544510 -1.520391 2
25.078915 2.544510 -1.520391 2
25.078915 2.544510 -1.520391 2
25.078915 2.544510 -1.520391 2
25.078915 2.544510 -1.520391 2
25.078915 2.544510 -1.520391 2
25.078915 2.544510 -1.520391 2
25.078915 2.544510 -1.520391 2
24.784479 2.823261 -1.682388 2
24.784479 2.823261 -1.682388 2
24.784479 2.823261 -1.682388 2
24.784479 2.823261 -1.682388 2
24.784479 2.823261 -1.682388 2
24.784479 2.823261 -1.682388 2
24.784479 2.823261 -1.682388 2
24.784479 2.823261 -1.682388 2
24.784479 2.823261 -1.682388 2
24.784479 2.823261 -1.682388 2
24.784479 2.823261 -1.682388 2
24.784479 2.823261 -1.682388 2
24.784479 2.823261 -1.682388 2
24.784479 2.823261 -1.682388 2
24.784479 2.823261 -1.682388 2
24.784479 2.823261 -1.682388 2
24.784479 2.823261 -1.682388 2
24.784479 2.823261 -1.682388 2
24.784479 2.823261 -1.682388 2
24.784479 2.823261 -1.682388 2
24.784479 2.823261 -1.682388 2
24.784479 2.823261 -1.682388 2
24.784479 2.823261 -1.682388 2
24.784479 2.823261 -1.682388 2
24.784479 2.823261 -1.682388 2
24.784479 2.823261 -1.682388 2
24.784479 2.823261 -1.682388 2
24.784479 2.823261 -1.682388 2
24.784479 2.823261 -1.682388 2
24.784479 2.823261 -1.682388 2
24.784479 2.823261 -1.682388 2
24.784479 2.823261 -1.682388 2
24.784479 2.823261 -1.682388 2
24.784479 2.823261 -1.682388 2
24.784479 2.823261 -1.682388 2
24.784479 2.823261 -1.682388 2
24.784479 2.823261 -1.682388 2
24.784479 2.823261 -1.682388 2
24.784479 2.823261 -1.682388 2
24.784479 2.823261 -1.682388 2
24.784479 2.823261 -1.682388 2
24.784479 2.823261 -1.682388 2
19.426952 4.130590 -1.427443 2
19.426952 4.130590 -1.427443 2
19.426952 4.130590 -1.427443 2
19.426952 4.130590 -1.427443 2
19.426952 4.130590 -1.427443 2
8.807721 1.038949 -1.181991 2
7.022826 4.310854 -1.559064 2
2.665709 1.943672 -1.663815 2
2.665709 1.943672 -1.663815 2
3.442766 -0.977030 -1.766592 2
2.461249 0.451822 0.334025 2
4.724885 8.600616 -1.436030 2
4.724885 8.600616 -1.436030 2
4.724885 8.600616 -1.436030 2
3.426326 4.038712 -0.496112 2
3.426326 4.038712 -0.496112 2
5.643738 6.238404 -2.009849 2
0.202779 0.980402 -2.199992 2
0.173822 3.606287 -3.044554 2
0.173822 3.606287 -3.044554 2
0.173822 3.606287 -3.044554 2
2.112535 4.576296 -2.073085 2
2.112535 4.576296 -2.073085 2
0.302712 4.784107 -1.883977 2
2.359588 3.178732 -1.621622 2
2.359588 3.178732 -1.621622 2
2.359588 3.178732 -1.621622 2
1.723578 4.293386 -1.849924 2
-2.096513 3.865374 -1.837934 2
-2.096513 3.865374 -1.837934 2
3.885778 6.081357 -2.306629 2
3.676025 6.703789 -2.041503 2
3.904270 6.598054 -1.455922 2
2.029875 1.954943 -1.796440 2
2.589921 1.036136 -1.809466 2
2.823795 5.865507 -1.995740 2
2.823795 5.865507 -1.995740 2
2.823795 5.865507 -1.995740 2
2.823795 5.865507 -1.995740 2
2.823795 5.865507 -1.995740 2
2.823795 5.865507 -1.995740 2
2.823795 5.865507 -1.995740 2
2.823795 5.865507 -1.995740 2
2.823795 5.865507 -1.995740 2
0.258781 4.238058 -2.270747 2
4.917229 6.757588 -1.002304 2
4.917229 6.757588 -1.002304 2
4.917229 6.757588 -1.002304 2
2.417771 3.928860 -1.592661 2
-0.072293 2.329070 -1.418200 2
4.324778 5.815400 -1.169684 2
4.324778 5.815400 -1.169684 2
4.324778 5.815400 -1.169684 2
4.324778 5.815400 -1.169684 2
-0.105571 2.028950 -1.280624 2
1.530606 1.907741 -1.245685 2
4.454474 7.874911 -3.102872 2
4.454474 7.874911 -3.102872 2
4.537882 6.221967 -2.096150 2
1.472724 2.196063 -1.504931 2
1.472724 2.196063 -1.504931 2
1.472724 2.196063 -1.504931 2
1.472724 2.196063 -1.504931 2
-0.334785 1.428607 -1.777178 2
-0.334785 1.428607 -1.777178 2
1.638161 4.693620 -2.992740 2
2.711523 2.510686 -1.400420 2
2.711523 2.510686 -1.400420 2
2.711523 2.510686 -1.400420 2
1.776170 3.678068 -1.374799 2
0.393737 4.063463 -2.139197 2
1.892598 3.216374 -2.001028 2
1.892598 3.216374 -2.001028 2
1.892598 3.216374 -2.001028 2
1.733239 3.625674 -2.063664 2
-0.203393 1.582870 -1.329289 2
-0.203393 1.582870 -1.329289 2
5.435221 7.687670 -0.872759 2
5.435221 7.687670 -0.872759 2
3.261138 5.592009 -1.770315 2
0.444935 2.221120 -1.566176 2
2.448726 1.774904 -1.554130 2
1.919964 2.855426 -1.874765 2
1.919964 2.855426 -1.874765 2
1.919964 2.855426 -1.874765 2
1.919964 2.855426 -1.874765 2
1.919964 2.855426 -1.874765 2
1.919964 2.855426 -1.874765 2
1.919964 2.855426 -1.874765 2
1.919964 2.855426 -1.874765 2
1.221504 1.012082 -2.092931 2
2.093823 2.751303 -1.343702 2
2.093823 2.751303 -1.343702 2
2.093823 2.751303 -1.343702 2
2.093823 2.751303 -1.343702 2
2.880773 5.216534 -2.250448 2
-0.392095 1.625398 -1.481955 2
1.888583 2.666841 -1.915293 2
1.888583 2.666841 -1.915293 2
1.888583 2.666841 -1.915293 2
8.653474 2.114539 -1.873453 2
8.653474 2.114539 -1.873453 2
11.138998 3.668992 -0.897953 2
11.138998 3.668992 -0.897953 2
11.138998 3.668992 -0.897953 2
25.577467 -2.966060 -4.613060 2
25.577467 -2.966060 -4.613060 2
25.577467 -2.966060 -4.613060 2
26.020266 3.144323 -0.885124 2
26.396580 1.755334 -1.674345 2
26.396580 1.755334 -1.674345 2
26.396580 1.755334 -1.674345 2
26.396580 1.755334 -1.674345 2
26.396580 1.755334 -1.674345 2
26.396580 1.755334 -1.674345 2
26.396580 1.755334 -1.674345 2
26.396580 1.755334 -1.674345 2
26.396580 1.755334 -1.674345 2
26.396580 1.755334 -1.674345 2
26.396580 1.755334 -1.674345 2
26.396580 1.755334 -1.674345 2
26.396580 1.755334 -1.674345 2
26.396580 1.755334 -1.674345 2
26.396580 1.755334 -1.674345 2
26.396580 1.755334 -1.674345 2
26.396580 1.755334 -1.674345 2
26.396580 1.755334 -1.674345 2
26.396580 1.755334 -1.674345 2
26.396580 1.755334 -1.674345 2
26.396580 1.755334 -1.674345 2
26.396580 1.755334 -1.674345 2
26.396580 1.755334 -1.674345 2
26.396580 1.755334 -1.674345 2
26.396580 1.755334 -1.674345 2
30.149408 1.557631 -2.461453 2
30.149408 1.557631 -2.461453 2
30.149408 1.557631 -2.461453 2
30.149408 1.557631 -2.461453 2
30.149408 1.557631 -2.461453 2
30.149408 1.557631 -2.461453 2
30.149408 1.557631 -2.461453 2
30.149408 1.557631 -2.461453 2
30.149408 1.557631 -2.461453 2
30.149408 1.557631 -2.461453 2
30.149408 1.557631 -2.461453 2
30.149408 1.557631 -2.461453 2
30.149408 1.557631 -2.461453 2
30.149408 1.557631 -2.461453 2
30.149408 1.557631 -2.461453 2
30.149408 1.557631 -2.461453 2
30.149408 1.557631 -2.461453 2
30.149408 1.557631 -2.461453 2
30.149408 1.557631 -2.461453 2
30.149408 1.557631 -2.461453 2
29.003109 0.981774 -3.581442 2
29.003109 0.981774 -3.581442 2
29.003109 0.981774 -3.581442 2
29.003109 0.981774 -3.581442 2
29.003109 0.981774 -3.581442 2
29.003109 0.981774 -3.581442 2
29.003109 0.981774 -3.581442 2
29.003109 0.981774 -3.581442 2
29.003109 0.981774 -3.581442 2
29.003109 0.981774 -3.581442 2
29.003109 0.981774 -3.581442 2
29.003109 0.981774 -3.581442 2
29.003109 0.981774 -3.581442 2
29.003109 0.981774 -3.581442 2
29.003109 0.981774 -3.581442 2
29.003109 0.981774 -3.581442 2
29.003109 0.981774 -3.581442 2
29.003109 0.981774 -3.581442 2
29.003109 0.981774 -3.581442 2
29.003109 0.981774 -3.581442 2
29.003109 0.981774 -3.581442 2
29.003109 0.981774 -3.581442 2
29.003109 0.981774 -3.581442 2
29.003109 0.981774 -3.581442 2
29.003109 0.981774 -3.581442 2
29.003109 0.981774 -3.581442 2
29.003109 0.981774 -3.581442 2
29.003109 0.981774 -3.581442 2
29.003109 0.981774 -3.581442 2
29.003109 0.981774 -3.581442 2
29.003109 0.981774 -3.581442 2
29.003109 0.981774 -3.581442 2
29.003109 0.981774 -3.581442 2
29.003109 0.981774 -3.581442 2
29.003109 0.981774 -3.581442 2
29.003109 0.981774 -3.581442 2
29.003109 0.981774 -3.581442 2
29.003109 0.981774 -3.581442 2
29.003109 0.981774 -3.581442 2
29.003109 0.981774 -3.581442 2
29.003109 0.981774 -3.581442 2
29.003109 0.981774 -3.581442 2
29.003109 0.981774 -3.581442 2
29.003109 0.981774 -3.581442 2
29.003109 0.981774 -3.581442 2
29.003109 0.981774 -3.581442 2
29.003109 0.981774 -3.581442 2
29.003109 0.981774 -3.581442 2
29.003109 0.981774 -3.581442 2
29.003109 0.981774 -3.581442 2
29.003109 0.981774 -3.581442 2
29.003109 0.981774 -3.581442 2
29.003109 0.981774 -3.581442 2
29.003109 0.981774 -3.581442 2
10.370322 -2.795945 -2.295163 2
8.448553 3.950694 -0.610030 2
8.414695 10.613505 0.433481 2
1.023782 4.424346 -1.369731 2
4.750425 2.825514 -0.939908 2
2.768479 2.991912 -2.503869 2
2.768479 2.991912 -2.503869 2
2.768479 2.991912 -2.503869 2
3.069298 -1.070446 -2.467647 2
3.069298 -1.070446 -2.467647 2
3.069298 -1.070446 -2.467647 2
3.069298 -1.070446 -2.467647 2
3.069298 -1.070446 -2.467647 2
0.389884 0.485928 -2.798223 2
-1.173684 1.505613 -1.548593 2
6.936792 9.667078 0.034801 2
3.850728 5.002586 -1.403431 2
3.850728 5.002586 -1.403431 2
-0.866159 1.686004 -1.261712 2
-0.866159 1.686004 -1.261712 2
-0.866159 1.686004 -1.261712 2
3.471815 4.677487 -1.569466 2
3.471815 4.677487 -1.569466 2
3.471815 4.677487 -1.569466 2
3.471815 4.677487 -1.569466 2
3.471815 4.677487 -1.569466 2
3.471815 4.677487 -1.569466 2
3.346479 7.785413 -2.993863 2
5.232455 6.723780 -1.621292 2
0.418054 1.126200 -1.457710 2
5.588185 7.380888 -0.955747 2
5.588185 7.380888 -0.955747 2
4.226315 5.199811 -1.292329 2
4.226315 5.199811 -1.292329 2
0.376606 1.561385 -1.301753 2
0.376606 1.561385 -1.301753 2
1.945613 4.601608 -1.950972 2
1.945613 4.601608 -1.950972 2
1.945613 4.601608 -1.950972 2
-0.096919 0.898109 -1.400273 2
-0.096919 0.898109 -1.400273 2
-0.717723 1.667032 -1.988224 2
-0.717723 1.667032 -1.988224 2
-0.717723 1.667032 -1.988224 2
-0.451696 4.435790 -3.606927 2
-0.451696 4.435790 -3.606927 2
4.026839 5.628072 -0.979223 2
4.026839 5.628072 -0.979223 2
2.943930 5.432322 -1.411039 2
2.943930 5.432322 -1.411039 2
1.350344 2.435242 -1.158902 2
1.350344 2.435242 -1.158902 2
1.350344 2.435242 -1.158902 2
1.350344 2.435242 -1.158902 2
1.350344 2.435242 -1.158902 2
1.043368 1.372638 -1.743422 2
1.043368 1.372638 -1.743422 2
1.043368 1.372638 -1.743422 2
2.333824 3.322470 -1.868355 2
2.333824 3.322470 -1.868355 2
0.698566 1.050329 -1.539438 2
0.698566 1.050329 -1.539438 2
3.490052 5.826142 -1.054448 2
3.490052 5.826142 -1.054448 2
3.490052 5.826142 -1.054448 2
-0.557053 0.839167 -1.422855 2
-0.557053 0.839167 -1.422855 2
3.787853 6.129780 -1.689760 2
3.787853 6.129780 -1.689760 2
6.374694 8.542207 -1.225790 2
6.374694 8.542207 -1.225790 2
-0.336953 1.431146 -1.381842 2
0.203512 1.083047 -0.949809 2
0.203512 1.083047 -0.949809 2
0.203512 1.083047 -0.949809 2
0.203512 1.083047 -0.949809 2
1.733961 2.765097 -1.920013 2
1.733961 2.765097 -1.920013 2
1.733961 2.765097 -1.920013 2
1.733961 2.765097 -1.920013 2
1.733961 2.765097 -1.920013 2
0.152268 4.359044 -2.076149 2
0.152268 4.359044 -2.076149 2
3.373108 4.703863 -0.956426 2
3.373108 4.703863 -0.956426 2
3.373108 4.703863 -0.956426 2
-0.093148 1.379433 -1.685078 2
-0.093148 1.379433 -1.685078 2
3.965679 5.751255 -1.121768 2
3.965679 5.751255 -1.121768 2
3.965679 5.751255 -1.121768 2
3.965679 5.751255 -1.121768 2
3.965679 5.751255 -1.121768 2
11.348368 7.086308 -0.567624 2
11.348368 7.086308 -0.567624 2
14.800155 2.220147 -2.755076 2
14.800155 2.220147 -2.755076 2
20.856337 0.185850 -3.396763 2
20.856337 0.185850 -3.396763 2
22.637852 3.748624 -3.427218 2
22.637852 3.748624 -3.427218 2
22.637852 3.748624 -3.427218 2
22.637852 3.748624 -3.427218 2
22.637852 3.748624 -3.427218 2
22.637852 3.748624 -3.427218 2
22.637852 3.748624 -3.427218 2
22.637852 3.748624 -3.427218 2
22.637852 3.748624 -3.427218 2
22.637852 3.748624 -3.427218 2
22.637852 3.748624 -3.427218 2
22.637852 3.748624 -3.427218 2
22.637852 3.748624 -3.427218 2
22.637852 3.748624 -3.427218 2
22.637852 3.748624 -3.427218 2
22.637852 3.748624 -3.427218 2
22.637852 3.748624 -3.427218 2
22.637852 3.748624 -3.427218 2
22.637852 3.748624 -3.427218 2
22.637852 3.748624 -3.427218 2
22.637852 3.748624 -3.427218 2
22.637852 3.748624 -3.427218 2
22.637852 3.748624 -3.427218 2
22.637852 3.748624 -3.427218 2
22.637852 3.748624 -3.427218 2
22.637852 3.748624 -3.427218 2
22.637852 3.748624 -3.427218 2
22.637852 3.748624 -3.427218 2
22.637852 3.748624 -3.427218 2
22.637852 3.748624 -3.427218 2
22.637852 3.748624 -3.427218 2
22.637852 3.748624 -3.427218 2
22.637852 3.748624 -3.427218 2
22.637852 3.748624 -3.427218 2
22.637852 3.748624 -3.427218 2
22.637852 3.748624 -3.427218 2
22.637852 3.748624 -3.427218 2
22.637852 3.748624 -3.427218 2
22.637852 3.748624 -3.427218 2
22.637852 3.748624 -3.427218 2
22.637852 3.748624 -3.427218 2
22.637852 3.748624 -3.427218 2
22.637852 3.748624 -3.427218 2
22.637852 3.748624 -3.427218 2
22.637852 3.748624 -3.427218 2
22.637852 3.748624 -3.427218 2
22.637852 3.748624 -3.427218 2
22.637852 3.748624 -3.427218 2
22.637852 3.748624 -3.427218 2
22.637852 3.748624 -3.427218 2
22.637852 3.748624 -3.427218 2
22.637852 3.748624 -3.427218 2
22.637852 3.748624 -3.427218 2
22.637852 3.748624 -3.427218 2
22.637852 3.748624 -3.427218 2
22.637852 3.748624 -3.427218 2
22.637852 3.748624 -3.427218 2
22.637852 3.748624 -3.427218 2
22.637852 3.748624 -3.427218 2
22.637852 3.748624 -3.427218 2
22.637852 3.748624 -3.427218 2
22.637852 3.748624 -3.427218 2
22.637852 3.748624 -3.427218 2
28.006046 0.515951 -3.450951 2
28.006046 0.515951 -3.450951 2
28.006046 0.515951 -3.450951 2
28.006046 0.515951 -3.450951 2
28.006046 0.515951 -3.450951 2
26.475750 -0.660932 -4.566987 2
26.475750 -0.660932 -4.566987 2
26.475750 -0.660932 -4.566987 2
26.475750 -0.660932 -4.566987 2
26.475750 -0.660932 -4.566987 2
29.376966 1.798033 -2.786453 2
29.376966 1.798033 -2.786453 2
29.376966 1.798033 -2.786453 2
29.376966 1.798033 -2.786453 2
29.376966 1.798033 -2.786453 2
27.532616 0.429071 -3.593599 2
27.532616 0.429071 -3.593599 2
27.532616 0.429071 -3.593599 2
27.532616 0.429071 -3.593599 2
27.532616 0.429071 -3.593599 2
27.532616 0.429071 -3.593599 2
27.532616 0.429071 -3.593599 2
27.532616 0.429071 -3.593599 2
27.532616 0.429071 -3.593599 2
27.532616 0.429071 -3.593599 2
27.532616 0.429071 -3.593599 2
27.880018 0.465949 -3.168827 2
27.880018 0.465949 -3.168827 2
27.880018 0.465949 -3.168827 2
27.880018 0.465949 -3.168827 2
27.880018 0.465949 -3.168827 2
27.880018 0.465949 -3.168827 2
27.880018 0.465949 -3.168827 2
27.880018 0.465949 -3.168827 2
27.880018 0.465949 -3.168827 2
27.880018 0.465949 -3.168827 2
16.748360 5.010682 -1.158654 2
16.748360 5.010682 -1.158654 2
12.092733 0.134878 -1.997382 2
12.092733 0.134878 -1.997382 2
12.092733 0.134878 -1.997382 2
12.092733 0.134878 -1.997382 2
12.092733 0.134878 -1.997382 2
-2.512115 -5.771014 -1.179798 2
-2.512115 -5.771014 -1.179798 2
-2.512115 -5.771014 -1.179798 2
2.053450 5.140748 -1.356814 2
4.396316 6.827537 0.088204 2
4.396316 6.827537 0.088204 2
4.396316 6.827537 0.088204 2
1.099778 1.892091 -3.841270 2
1.099778 1.892091 -3.841270 2
1.113489 2.632963 -1.052308 2
1.113489 2.632963 -1.052308 2
2.725782 6.381682 -2.046173 2
2.725782 6.381682 -2.046173 2
0.470540 1.715577 -0.960479 2
0.470540 1.715577 -0.960479 2
0.470540 1.715577 -0.960479 2
0.470540 1.715577 -0.960479 2
0.470540 1.715577 -0.960479 2
-0.052043 2.675534 -1.630967 2
-0.052043 2.675534 -1.630967 2
5.152173 6.467536 -0.485651 2
5.152173 6.467536 -0.485651 2
3.695403 7.741609 -2.261608 2
0.032288 1.110984 -1.250517 2
0.032288 1.110984 -1.250517 2
6.134626 7.848847 -0.605124 2
6.134626 7.848847 -0.605124 2
4.841568 8.159851 -2.786492 2
0.012409 0.816319 -1.578734 2
0.012409 0.816319 -1.578734 2
6.248549 7.803206 -0.831333 2
6.248549 7.803206 -0.831333 2
5.596038 7.049921 -1.132753 2
5.596038 7.049921 -1.132753 2
1.178335 0.841476 -1.477096 2
5.788079 7.765507 -1.344046 2
5.788079 7.765507 -1.344046 2
7.249308 5.914010 -0.693223 2
7.249308 5.914010 -0.693223 2
0.080056 0.953879 -1.276472 2
0.080056 0.953879 -1.276472 2
4.111510 3.973068 -3.115623 2
2.281960 4.296993 -2.092998 2
2.281960 4.296993 -2.092998 2
0.053895 1.089140 -1.229361 2
0.053895 1.089140 -1.229361 2
5.859371 7.867510 -0.803533 2
5.859371 7.867510 -0.803533 2
5.840686 7.847767 -0.974379 2
0.415537 1.070004 -1.471765 2
0.415537 1.070004 -1.471765 2
4.496445 5.889450 -1.197477 2
4.496445 5.889450 -1.197477 2
4.871915 5.881630 -0.358649 2
4.871915 5.881630 -0.358649 2
0.522776 1.434620 -1.594115 2
0.522776 1.434620 -1.594115 2
0.522776 1.434620 -1.594115 2
4.323940 6.721125 -1.679914 2
4.323940 6.721125 -1.679914 2
-0.203564 0.838802 -1.349698 2
-0.203564 0.838802 -1.349698 2
0.946438 2.663135 -1.402414 2
0.946438 2.663135 -1.402414 2
0.946438 2.663135 -1.402414 2
-0.156294 1.131715 -1.232622 2
-0.156294 1.131715 -1.232622 2
0.444898 1.104598 -1.187796 2
0.444898 1.104598 -1.187796 2
0.444898 1.104598 -1.187796 2
0.251530 0.801440 -1.630938 2
0.251530 0.801440 -1.630938 2
0.154506 1.903598 -1.103564 2
0.154506 1.903598 -1.103564 2
1.898484 4.807419 -2.573459 2
1.898484 4.807419 -2.573459 2
0.739621 1.333018 -1.245086 2
4.215617 4.460085 -0.589870 2
