0.264243 3.586288 -1.048391 2
2.253986 6.304938 -1.136622 2
-0.027791 6.829799 -0.433483 2
1.574828 5.335352 -0.824358 2
1.358418 5.210152 -1.304942 2
1.613319 5.540215 -1.491616 2
1.275767 5.190382 -1.189225 2
1.771646 5.586281 -1.104446 2
1.579802 5.277705 -1.370734 2
1.732276 5.258745 -0.952314 2
1.732276 5.258745 -0.952314 2
0.670674 3.891884 -1.141981 2
0.686972 3.996148 -1.658957 2
0.517322 4.775797 -0.018469 2
0.246998 3.837776 -1.145323 2
0.393893 3.728622 -1.231507 2
0.496895 3.800746 -1.240979 2
0.496895 3.800746 -1.240979 2
1.518452 6.333042 -0.252391 2
1.518452 6.333042 -0.252391 2
1.518452 6.333042 -0.252391 2
1.518452 6.333042 -0.252391 2
-0.891595 1.439985 0.563899 2
0.328192 4.000353 -1.278173 2
0.328192 4.000353 -1.278173 2
0.328192 4.000353 -1.278173 2
0.328192 4.000353 -1.278173 2
0.241197 3.856870 -0.764606 2
0.241197 3.856870 -0.764606 2
0.443001 4.939901 -0.308647 2
0.443001 4.939901 -0.308647 2
1.277730 4.450988 -0.608049 2
1.277730 4.450988 -0.608049 2
-0.461604 3.262211 -0.290635 2
-1.034125 4.305445 -0.551574 2
0.256624 3.512799 -0.174456 2
-0.779419 3.247792 -0.823172 2
0.780480 4.022912 -0.813521 2
0.780480 4.022912 -0.813521 2
-0.069644 3.699730 -0.512385 2
-0.177167 4.202222 -0.552196 2
-0.702596 4.211996 0.251994 2
0.164088 5.424263 -1.081485 2
-0.559322 3.334095 -0.922533 2
1.274187 4.294067 -0.473848 2
-0.226906 3.901485 -0.666777 2
-0.384643 3.752798 -0.261625 2
0.071982 4.651686 -1.038746 2
-0.364962 3.836820 -0.758251 2
-0.392237 2.605014 -0.878079 2
-0.220263 3.407495 -0.775603 2
-0.479145 3.966069 -0.812996 2
0.627320 3.885541 -0.537512 2
-0.985282 2.827786 -1.006878 2
-0.493312 2.538701 -0.808414 2
0.603287 4.213413 -0.838326 2
0.603287 4.213413 -0.838326 2
-0.069528 3.230560 -0.545993 2
-1.397281 2.346981 -1.014514 2
-2.424829 5.842752 -0.393938 2
0.164567 3.441919 0.203635 2
0.164567 3.441919 0.203635 2
0.394220 3.946460 -0.890128 2
0.483733 3.755494 0.134266 2
-0.072597 4.014657 -0.638565 2
-0.072597 4.014657 -0.638565 2
0.503106 4.805794 -0.796218 2
-0.156776 3.694496 -0.899855 2
-0.706945 3.036352 -0.553240 2
-0.359639 3.675284 -0.576094 2
0.274867 3.875194 -0.818947 2
-0.274605 5.104193 0.327369 2
0.138240 3.268503 -1.129209 2
-0.390404 2.381535 -0.804168 2
-0.313956 3.939077 0.490707 2
0.176446 4.249605 -0.903129 2
0.529910 4.176197 -1.279264 2
-0.741972 2.255094 -0.943802 2
-0.422844 3.524191 -0.640154 2
-0.422844 3.524191 -0.640154 2
-0.422844 3.524191 -0.640154 2
0.433655 5.771135 -0.452320 2
-0.683741 2.209277 0.127192 2
0.287861 4.000050 -0.868960 2
-0.851503 2.978826 -0.909178 2
0.337964 3.661629 -0.231579 2
-1.075573 2.711874 -1.119526 2
-1.075573 2.711874 -1.119526 2
0.019495 3.860293 -0.080805 2
-0.064703 4.183256 -0.599905 2
0.318059 3.420638 -0.649692 2
-1.315706 2.784843 -0.679826 2
-0.107371 3.155314 -0.512426 2
0.064567 3.929046 0.107361 2
0.064567 3.929046 0.107361 2
-0.496624 3.244543 -0.738326 2
-1.047726 2.668091 -0.553777 2
0.557869 4.617039 -0.571630 2
-1.019095 1.996583 -0.566667 2
1.055371 4.743318 -0.447197 2
-0.614205 2.793292 -1.240842 2
1.172863 2.884041 -0.478585 2
3.189121 5.147404 1.233786 2
3.189121 5.147404 1.233786 2
3.189121 5.147404 1.233786 2
6.427448 1.936675 -1.215337 2
7.051201 3.210274 1.076719 2
7.299846 5.113807 1.119643 2
7.299846 5.113807 1.119643 2
8.329682 3.382125 -1.340306 2
8.079828 2.784257 -1.047306 2
9.657043 7.322720 0.975813 2
8.250527 4.791041 0.462308 2
11.921064 8.242807 0.134048 2
8.109882 3.385143 -1.132571 2
7.713918 3.592512 1.020479 2
8.522107 4.372292 0.456767 2
8.522107 4.372292 0.456767 2
9.197927 5.858160 0.057278 2
8.009459 3.978427 -0.856458 2
8.529681 3.037663 1.821346 2
8.279480 4.197632 -0.117383 2
8.279480 4.197632 -0.117383 2
8.684997 4.607575 -0.498807 2
8.960478 5.465175 -0.454991 2
7.466252 3.443686 1.828342 2
8.410410 4.209312 0.089398 2
7.926236 4.961746 -0.755086 2
8.300765 4.307075 -0.203900 2
7.909264 2.751176 -0.580405 2
7.780945 4.909749 1.071500 2
9.648418 8.096457 1.806883 2
8.227882 4.612994 -0.474572 2
8.052212 3.243438 -0.870718 2
7.617810 3.843348 -0.388032 2
7.758190 4.539459 0.338405 2
8.839671 5.838247 -0.177888 2
7.456323 4.278316 -0.490502 2
8.127604 4.758430 -0.767289 2
7.727874 3.441337 1.590885 2
8.264007 4.424043 0.401702 2
8.260880 5.363629 -0.435634 2
6.974470 3.886824 0.478679 2
7.733847 2.991243 -1.214551 2
7.231822 3.206349 0.984144 2
8.155475 3.602931 0.067438 2
8.817389 5.412673 -0.047948 2
8.478118 4.415077 -0.522163 2
8.012912 3.305116 0.830242 2
8.376143 4.462532 -0.002573 2
8.376143 4.462532 -0.002573 2
8.257130 4.321252 -0.417973 2
7.821861 4.099484 -0.917802 2
8.021967 3.348955 1.414960 2
8.366804 4.431553 0.323894 2
8.366804 4.431553 0.323894 2
8.576617 4.384069 -0.395481 2
8.954886 5.379826 -0.534700 2
7.453125 3.826549 1.755433 2
7.453125 3.826549 1.755433 2
8.527061 5.496868 -0.257544 2
7.154160 4.035238 0.503562 2
8.090207 3.317620 -0.486342 2
7.934332 4.766733 1.066210 2
9.690957 7.928243 1.745784 2
8.103428 4.499754 -0.511677 2
8.176021 3.668761 -1.032843 2
7.310533 3.621134 1.111781 2
8.216282 4.313236 0.522624 2
8.682579 5.624783 -0.148962 2
7.518213 4.533011 -0.521528 2
8.050605 4.281450 -0.822695 2
7.244251 3.859068 1.403113 2
8.217380 4.467962 0.590480 2
8.217380 4.467962 0.590480 2
8.398606 4.418843 -0.612326 2
9.591856 5.914762 -0.954563 2
9.048812 6.387354 0.163618 2
8.306842 4.392300 0.517396 2
8.784802 5.446362 -0.130592 2
8.442987 4.494609 -0.501832 2
7.606931 3.231166 0.733537 2
8.740374 4.487666 0.188046 2
9.052760 8.119466 1.747555 2
8.506251 4.557275 -0.247364 2
8.029951 4.348283 -0.616053 2
8.181137 3.187260 0.045215 2
8.440843 4.391071 0.139392 2
8.233747 5.944694 -0.110665 2
8.418706 4.347244 -0.418926 2
8.418706 4.347244 -0.418926 2
8.418706 4.347244 -0.418926 2
8.237128 4.358759 0.457669 2
8.092927 5.353208 -0.623025 2
9.205674 6.899468 1.922112 2
7.824916 3.564675 -0.213989 2
10.565847 7.368432 0.728192 2
10.137863 7.077314 0.506740 2
8.622296 5.672613 -0.504698 2
9.834092 5.254407 -0.786120 2
7.727320 3.883567 -0.260520 2
7.101204 4.612369 0.488559 2
7.101204 4.612369 0.488559 2
3.152133 2.836833 -0.705423 2
3.152133 2.836833 -0.705423 2
3.152133 2.836833 -0.705423 2
3.152133 2.836833 -0.705423 2
0.010639 1.240269 -0.929352 2
1.764362 4.158359 -0.270725 2
1.764362 4.158359 -0.270725 2
-0.318579 2.859667 -0.267987 2
-0.526168 2.225592 -0.604945 2
0.397976 4.459846 -0.457489 2
-0.012482 2.785747 -0.853344 2
-0.269847 2.830019 -1.028507 2
0.301270 4.304646 -1.049672 2
-0.174035 4.244161 0.174259 2
0.454404 3.020534 -0.317585 2
-0.736699 2.988446 -1.124295 2
-0.015759 2.912257 -1.007561 2
-0.290666 3.108294 -0.327693 2
-0.290666 3.108294 -0.327693 2
-0.376660 2.820079 -0.484695 2
-0.376660 2.820079 -0.484695 2
-0.085317 3.289242 -0.345391 2
-0.085317 3.289242 -0.345391 2
-0.085317 3.289242 -0.345391 2
-0.085317 3.289242 -0.345391 2
-0.658625 2.921974 -0.719461 2
-0.556884 4.455285 0.238915 2
-0.187338 3.520245 -0.445556 2
0.618473 5.816900 -0.795583 2
-0.348471 3.407169 -0.899382 2
-0.982130 3.040761 -0.619054 2
-0.217885 3.211759 -0.248733 2
-0.112266 3.202927 -0.747553 2
-0.102733 3.371049 -0.914946 2
-0.765742 2.854759 -1.320016 2
-0.538358 2.869713 -0.392620 2
-0.293436 3.462241 -0.450903 2
-0.341965 3.417765 -0.923681 2
0.566082 3.897040 -1.051531 2
-0.240800 2.717806 -1.067226 2
-0.632287 3.110137 -0.376470 2
-0.125566 3.118554 0.635079 2
-1.428287 3.184767 0.187749 2
0.253535 3.870729 -1.248273 2
-0.660935 2.675751 -0.842881 2
-0.737873 4.512131 0.277305 2
-0.403338 2.300922 0.266449 2
-0.403338 2.300922 0.266449 2
-0.434728 2.882243 -0.997542 2
-0.562202 2.449911 -0.656244 2
-0.055361 3.432542 -0.463439 2
1.440505 5.169842 -0.484616 2
0.298002 3.500118 -0.678775 2
0.298002 3.500118 -0.678775 2
-0.253328 2.159109 -0.542883 2
-0.390051 3.619309 -0.603968 2
-0.595854 4.188127 -0.863137 2
0.699573 3.712801 -0.855301 2
-0.852224 2.835677 -0.827226 2
-2.684800 5.105387 -0.492245 2
0.570424 3.989273 -0.207908 2
0.570424 3.989273 -0.207908 2
-0.078652 3.624358 -0.902990 2
-0.561555 2.763559 -0.726423 2
0.188938 4.115066 -0.702288 2
0.008626 2.144192 0.180356 2
0.855572 4.680266 -0.874529 2
-0.270728 3.376035 -1.327023 2
-0.786235 2.878891 -0.337452 2
-0.314307 3.733582 -0.764977 2
0.227607 3.756305 -1.012633 2
1.090489 4.915507 -0.831471 2
0.041946 2.514104 -1.650503 2
-0.491555 3.432075 -0.148709 2
-0.645227 3.821026 -0.124775 2
-0.255587 3.218372 -0.773777 2
1.404070 4.311311 -0.972755 2
-0.134157 2.973975 -0.909981 2
-0.427935 4.333505 0.272240 2
-0.567161 3.477131 -0.306062 2
3.635824 9.815650 -0.361819 2
-0.646182 3.196234 -1.004624 2
-0.602188 2.495815 -0.695254 2
-0.121075 3.742298 -0.974074 2
-1.151045 2.625849 -0.512338 2
0.354087 3.455716 -0.669847 2
0.354087 3.455716 -0.669847 2
-0.338956 2.710710 -0.883060 2
0.026293 3.010034 -1.279959 2
0.026293 3.010034 -1.279959 2
1.003850 4.581988 -0.848310 2
-0.038258 2.186726 -1.466685 2
-1.557821 4.476794 -0.881801 2
-1.557821 4.476794 -0.881801 2
-1.557821 4.476794 -0.881801 2
0.520128 4.005898 -1.043935 2
-0.874873 2.751107 -0.804287 2
-0.124637 4.093394 -0.166872 2
2.056927 3.222753 -0.182309 2
1.475195 4.610979 -0.674354 2
5.223711 2.987857 -1.653591 2
5.467759 1.700455 -0.653071 2
7.306095 4.467584 0.498248 2
12.170149 6.991247 0.552875 2
9.252165 7.633055 -0.114391 2
8.114871 3.709104 -1.372618 2
6.960409 1.469094 -0.068924 2
7.910637 5.566371 1.048080 2
7.910637 5.566371 1.048080 2
9.869080 6.822874 -0.522938 2
9.869080 6.822874 -0.522938 2
9.869080 6.822874 -0.522938 2
9.869080 6.822874 -0.522938 2
9.869080 6.822874 -0.522938 2
6.898427 3.236901 0.130026 2
7.786170 3.233188 -0.128227 2
8.098015 4.058496 0.865191 2
10.690868 3.728396 -0.189370 2
8.800321 5.334610 -0.268574 2
8.654925 5.422873 -0.090073 2
7.328030 2.831744 -0.655961 2
8.498569 3.633358 -0.043302 2
7.280002 4.430367 1.435421 2
8.639992 5.207241 -0.081806 2
8.021479 3.400582 -0.511066 2
7.976116 3.728186 0.688670 2
8.826141 4.970061 0.341126 2
12.456029 7.719169 -0.289393 2
9.094956 5.401832 0.380250 2
9.094956 5.401832 0.380250 2
7.813532 3.855616 0.780719 2
8.899944 5.045866 0.323081 2
8.291921 5.966244 -0.220988 2
10.025765 5.386339 -0.091800 2
10.025765 5.386339 -0.091800 2
8.256540 4.483511 0.394686 2
9.404536 5.808660 0.932188 2
7.852154 3.153465 -0.549315 2
8.520171 3.298091 -0.662437 2
8.520171 3.298091 -0.662437 2
7.930423 3.302624 -0.177990 2
7.930423 3.302624 -0.177990 2
8.200910 3.554126 -0.704898 2
8.497242 4.981390 -0.625337 2
8.497242 4.981390 -0.625337 2
11.242115 4.416126 0.457418 2
8.802511 5.753090 -0.224172 2
8.191299 3.441954 -0.871510 2
8.191299 3.441954 -0.871510 2
7.594983 3.925047 0.807830 2
10.638140 3.819445 -0.005791 2
8.911221 5.502544 -0.146826 2
8.309566 3.374025 -0.805370 2
8.309566 3.374025 -0.805370 2
8.309566 3.374025 -0.805370 2
7.314885 4.624971 1.053160 2
8.587886 3.535754 -0.397217 2
7.975499 4.328297 -0.799736 2
7.852061 3.881581 0.594272 2
8.913997 3.335355 -0.166947 2
8.226146 6.102159 0.056945 2
8.129645 3.792090 -0.616973 2
7.821184 3.978925 -0.716875 2
8.276848 3.394780 0.692065 2
7.620798 2.982069 -0.565563 2
7.620798 2.982069 -0.565563 2
6.991197 4.685632 0.750335 2
8.216311 3.000375 -0.636826 2
7.670712 4.342791 0.896634 2
8.786379 3.398306 -0.231498 2
7.658355 2.648898 -0.664842 2
7.138395 3.131938 0.343527 2
7.481648 4.101877 0.066390 2
8.210485 4.261019 0.354982 2
9.554610 5.759626 0.865420 2
8.219675 3.477128 -0.655329 2
8.614810 5.484238 -0.673939 2
8.614810 5.484238 -0.673939 2
8.482982 4.124639 0.219233 2
8.823649 5.409283 -0.368648 2
7.720092 3.596817 -0.557105 2
9.427649 6.959237 0.072471 2
7.735042 3.832882 1.425290 2
10.384370 3.947110 -0.015675 2
8.585886 5.474070 -0.364396 2
8.206498 4.599688 -0.490365 2
8.385835 5.051270 -0.430297 2
7.819815 4.799397 0.411057 2
10.087196 3.784057 0.254157 2
8.005280 3.116244 -0.359097 2
8.906650 5.312838 -0.248649 2
6.765401 3.227089 0.498640 2
8.848693 3.656153 -0.082267 2
6.355499 5.171000 1.619531 2
8.309307 3.688987 -0.465012 2
8.114388 5.148702 -0.561911 2
7.882157 3.787425 0.672736 2
8.575884 3.184709 -0.109806 2
7.371373 2.907296 -0.480680 2
8.534435 3.700845 -0.547634 2
8.534435 3.700845 -0.547634 2
8.534435 3.700845 -0.547634 2
4.336466 4.094742 -0.326000 2
2.483478 3.445438 -0.992959 2
2.081623 4.176814 -0.513272 2
-0.079099 4.027848 -0.539059 2
0.614167 4.460091 -0.731389 2
1.084057 3.431511 -0.566185 2
-0.081839 3.719303 -0.094074 2
-0.600988 3.021252 -0.990871 2
-1.258182 2.943446 -0.872561 2
-0.025043 3.504992 -0.354201 2
0.476377 1.994138 -0.316712 2
-1.259631 4.362760 1.082439 2
-0.614917 3.373953 -1.327518 2
-0.829993 3.041001 -0.903139 2
-0.605996 3.733518 -0.979798 2
-0.131390 4.239259 -0.769018 2
0.543583 3.887255 -0.954980 2
-0.707552 2.286989 -1.523551 2
-2.518834 5.019970 -0.518556 2
-0.851867 3.659407 -0.225597 2
-0.851867 3.659407 -0.225597 2
-0.380823 3.983635 -1.190000 2
-1.285125 2.410599 -1.060315 2
-0.084300 4.602361 -0.558184 2
-0.818080 2.152174 0.464389 2
0.159736 3.334222 -0.709210 2
-0.414718 3.062843 -1.052775 2
-0.501553 2.423654 -0.603814 2
-0.129672 3.248103 -0.155817 2
-0.417123 3.457447 -0.540805 2
0.308230 3.402011 -0.673397 2
0.308230 3.402011 -0.673397 2
-0.430609 3.674113 -0.148247 2
-0.591931 3.938691 -0.636128 2
-0.240916 4.003193 -0.877492 2
0.681448 3.785559 -0.880796 2
-0.705339 2.895968 -0.620818 2
-0.012376 3.815445 -0.059531 2
-0.283089 2.986163 -0.607680 2
-0.283089 2.986163 -0.607680 2
-0.219424 3.888230 -1.096541 2
-1.047838 2.594990 -0.393817 2
-0.031592 3.064829 0.088165 2
-0.099285 3.407454 -0.749599 2
0.667159 4.395483 -0.742256 2
-0.286180 3.412490 -1.272545 2
-0.916442 2.605172 -0.575453 2
-0.432732 3.117979 -0.271246 2
-0.257668 2.917132 -0.707670 2
1.261217 5.027964 -0.921359 2
-0.058227 2.250791 -1.618830 2
-1.625294 4.492810 -0.841989 2
-0.734587 3.654497 -0.195780 2
-1.621857 4.041130 0.165554 2
0.637024 4.256938 -1.066257 2
-0.141171 2.988310 -0.932684 2
-0.171256 4.058646 -0.505728 2
-0.750356 3.466836 -0.314097 2
-0.391751 2.949149 0.302357 2
-0.646010 3.262774 -1.001446 2
-0.646010 3.262774 -1.001446 2
-0.252413 3.414437 -0.511865 2
-0.252413 3.414437 -0.511865 2
0.276257 3.452394 -0.598948 2
-0.735475 3.280383 -1.112721 2
-0.634848 2.353807 -0.734513 2
-0.071819 3.142129 -0.317436 2
1.390951 5.708412 -0.183591 2
0.540336 3.630113 -0.796044 2
-0.721673 3.116038 -1.291139 2
-0.439535 3.149268 -0.518733 2
0.346901 3.211661 -0.458522 2
0.346901 3.211661 -0.458522 2
0.309780 3.828058 -0.816593 2
-0.641865 2.911415 -0.613670 2
-0.137998 4.296903 -0.043181 2
0.067271 3.324319 -0.304499 2
0.067271 3.324319 -0.304499 2
-0.216869 3.497370 -1.032164 2
-0.995743 2.737382 -0.561810 2
-0.439614 3.144555 -0.225383 2
-0.113522 2.969529 -0.818962 2
0.490573 4.044818 -0.805509 2
-0.275066 3.322897 -1.398718 2
-0.893646 2.483954 -0.533391 2
-0.452692 3.458482 -0.154700 2
-0.061066 3.873089 -0.889982 2
0.505129 4.243456 -0.978960 2
-0.213297 2.958680 -1.134266 2
-0.900460 3.190099 -0.470651 2
-0.587338 3.718459 -0.100156 2
-1.223153 3.615427 0.189068 2
0.311745 4.231771 -0.998831 2
-0.562747 2.683758 -0.908746 2
-0.004041 4.732132 -0.331113 2
-0.259297 3.540075 -0.177306 2
-0.259297 3.540075 -0.177306 2
5.861596 4.022536 -1.550046 2
5.853718 1.890329 -1.024198 2
9.151498 4.558476 0.376901 2
9.549461 5.995685 0.376288 2
9.549461 5.995685 0.376288 2
9.549461 5.995685 0.376288 2
9.549461 5.995685 0.376288 2
9.549461 5.995685 0.376288 2
9.549461 5.995685 0.376288 2
15.298775 3.772296 -1.094418 2
14.835509 3.009620 -0.924064 2
14.835509 3.009620 -0.924064 2
15.240001 4.609777 -0.239784 2
15.240001 4.609777 -0.239784 2
15.413899 4.707970 -1.301034 2
14.917050 4.154953 -0.512810 2
15.067822 3.739183 -0.486941 2
16.088825 3.535449 -1.414922 2
15.096579 4.523789 -1.187879 2
15.910099 4.698248 -0.585467 2
15.363293 4.061460 -1.554760 2
14.953062 2.987680 -0.251768 2
14.953062 2.987680 -0.251768 2
15.334761 5.063411 -0.627568 2
16.041330 4.674608 -0.342222 2
16.041330 4.674608 -0.342222 2
14.979797 3.255589 -1.044695 2
14.979797 3.255589 -1.044695 2
14.917984 5.399299 -1.114615 2
14.966367 4.089767 -0.770832 2
14.966367 4.089767 -0.770832 2
14.772438 3.981626 -0.358914 2
14.772438 3.981626 -0.358914 2
15.367573 4.756160 -0.638471 2
15.354929 2.534995 -0.852686 2
15.918813 3.479119 -0.359682 2
14.541548 3.778509 -0.620223 2
15.186051 4.333690 -0.519096 2
15.571752 4.586915 -0.698742 2
15.629461 3.972006 -1.749188 2
15.068980 3.728125 -0.361963 2
15.068980 3.728125 -0.361963 2
15.271618 2.610635 -0.737412 2
15.789995 3.849097 -0.785277 2
15.209840 3.985879 -0.492921 2
15.150285 4.252261 -0.673766 2
15.150285 4.252261 -0.673766 2
15.201751 2.571718 -0.879038 2
14.605654 3.654506 -0.815292 2
14.605654 3.654506 -0.815292 2
15.142868 3.163286 -1.025072 2
15.142868 3.163286 -1.025072 2
14.670239 4.650465 -0.779955 2
15.360510 2.702764 -0.824448 2
15.004252 3.237492 -0.843140 2
15.862112 3.039093 -1.144127 2
15.268985 4.652023 -1.138818 2
16.133148 2.318305 -1.568685 2
14.405403 2.997823 -0.526868 2
14.850264 3.222159 -0.907705 2
15.594805 3.966852 -0.393804 2
15.477590 4.317938 -0.931263 2
16.042465 4.182276 -0.912546 2
17.122503 6.373851 0.288489 2
14.688692 3.366872 -0.804421 2
14.688692 3.366872 -0.804421 2
15.517346 2.580848 -1.268148 2
15.331687 4.236009 -1.443005 2
17.448473 6.442348 0.057994 2
14.049403 2.505829 -0.972053 2
14.049403 2.505829 -0.972053 2
15.155222 5.030180 -1.190790 2
16.051979 3.146061 -1.265158 2
14.992965 3.136404 -1.009308 2
14.695725 2.835550 -0.773563 2
15.203806 4.145695 -0.711456 2
15.782135 2.427752 -1.078833 2
14.949865 3.823843 -0.715124 2
14.955517 3.250725 -1.108830 2
14.955517 3.250725 -1.108830 2
15.339924 2.804117 -0.748530 2
15.151067 4.068371 -0.355916 2
15.151067 4.068371 -0.355916 2
15.464520 3.149469 -1.062642 2
15.464520 3.149469 -1.062642 2
15.182095 4.231563 -0.922300 2
14.427301 2.841999 -0.898321 2
15.039057 2.720491 -1.077317 2
15.737967 2.972354 -1.346240 2
15.290705 4.216241 -1.356246 2
15.866838 2.244970 -1.436875 2
15.866838 2.244970 -1.436875 2
15.024654 3.390870 -0.896718 2
14.738021 2.598364 -0.867948 2
15.364466 3.858733 -1.113465 2
15.520691 4.290512 -1.361238 2
14.755816 3.746737 -0.396816 2
14.713790 3.258673 -0.850340 2
14.713790 3.258673 -0.850340 2
15.309566 4.019483 -0.967848 2
15.434632 4.395378 -1.380392 2
15.434632 4.395378 -1.380392 2
15.434632 4.395378 -1.380392 2
11.678381 3.792803 -0.499954 2
7.353318 2.990083 -0.326481 2
5.253381 5.373971 -0.785978 2
5.253381 5.373971 -0.785978 2
2.174767 1.855828 -1.046828 2
1.582255 2.331352 0.172405 2
-1.256132 3.764138 -0.473612 2
0.276061 5.410306 -1.014229 2
0.271513 3.351220 -0.515308 2
0.024032 2.301061 -0.651569 2
0.792126 3.740635 -0.143476 2
0.057675 2.305020 -1.515881 2
0.032129 2.104157 -0.915794 2
-0.022090 3.626739 -0.470441 2
1.817136 5.929811 0.161603 2
0.220085 3.593243 -0.104771 2
-0.094145 3.205585 -1.237298 2
0.132760 2.845982 -0.661889 2
-0.214308 3.821127 -0.836016 2
0.243858 5.051436 -0.095113 2
0.401917 3.595305 -0.667343 2
-1.024501 3.168600 -0.987826 2
-0.612158 3.919060 -0.148753 2
-0.463110 3.518475 -0.191881 2
-0.463110 3.518475 -0.191881 2
-0.385486 3.442727 -1.138418 2
-0.770983 3.035320 -0.659063 2
-0.201021 4.182006 -0.466306 2
0.024890 2.326483 0.011119 2
0.297785 3.777502 -0.645199 2
-0.370448 3.274469 -1.311325 2
-0.963308 2.769708 -0.657970 2
-0.410396 3.427731 -0.214321 2
1.003938 4.465212 -0.473824 2
0.940207 4.350705 -1.058666 2
0.493216 2.060825 -1.904490 2
-1.029057 3.530400 -0.317942 2
-0.537120 3.602506 -0.236232 2
-1.544847 3.900673 0.200831 2
0.358053 4.091820 -1.151084 2
0.713220 4.910687 -1.541293 2
-0.406713 3.418858 -0.243128 2
-0.406713 3.418858 -0.243128 2
-0.406713 3.418858 -0.243128 2
-0.469452 2.789155 -1.131398 2
-0.599827 2.620731 -0.613079 2
-0.496099 3.038409 -0.413960 2
0.511913 3.639640 0.196794 2
0.286568 3.495033 -0.632284 2
-0.733613 3.350771 -1.078115 2
-0.101827 2.706218 -0.792001 2
-0.558084 3.098401 -0.821367 2
1.583935 6.114937 -0.460003 2
0.700587 3.976854 -0.765695 2
-1.024060 2.965587 -0.842832 2
-1.024060 2.965587 -0.842832 2
-0.344888 2.810615 -0.653758 2
0.640640 5.304386 -1.072885 2
0.719770 4.950241 -0.755057 2
0.803087 6.164130 -1.612524 2
0.803087 6.164130 -1.612524 2
-0.279871 3.052399 -0.561764 2
-1.077743 4.422021 0.708936 2
-0.287478 3.377486 -0.956717 2
-0.890800 2.709454 -0.515241 2
-0.266555 3.149554 -0.247867 2
1.949609 4.811442 -0.451093 2
1.405545 4.713341 -0.832979 2
-0.259975 2.980623 -1.364851 2
-0.342229 3.026003 -0.508082 2
-0.935716 4.089790 -0.082324 2
-0.935716 4.089790 -0.082324 2
0.630519 4.289083 -1.086402 2
-0.996326 2.778388 -0.873788 2
0.002421 3.303471 -0.240159 2
-0.881009 3.728549 -0.113445 2
-1.269791 3.803680 -0.741934 2
-0.091180 4.158942 -0.841823 2
-0.474186 2.705517 -1.097435 2
-0.185427 3.286331 -0.776631 2
-1.048211 2.604883 -0.415700 2
0.280517 3.384497 -0.615713 2
-0.731019 3.350759 -1.124114 2
-0.617921 2.492483 -0.787032 2
0.007968 3.517634 -0.516209 2
1.873325 5.550790 -0.303858 2
0.947208 4.318901 -0.499327 2
-0.775238 3.189213 -1.227049 2
-2.274884 5.743127 -1.114558 2
-0.455078 2.689028 -0.703476 2
-0.455078 2.689028 -0.703476 2
0.496318 3.997153 -0.827899 2
-0.414672 4.069865 -0.983310 2
-0.003788 5.392770 -0.286445 2
-0.009394 3.322920 -0.351592 2
-0.009394 3.322920 -0.351592 2
0.927195 3.155178 -1.104608 2
8.359401 8.340957 0.053669 2
5.823717 2.960263 -0.793199 2
10.779570 9.908188 0.433555 2
12.570428 8.686292 -0.187305 2
12.570428 8.686292 -0.187305 2
12.570428 8.686292 -0.187305 2
12.570428 8.686292 -0.187305 2
15.236590 3.687254 -1.387967 2
15.236590 3.687254 -1.387967 2
15.995683 2.778563 -1.942817 2
15.995683 2.778563 -1.942817 2
15.995683 2.778563 -1.942817 2
15.995683 2.778563 -1.942817 2
15.402799 3.727886 -1.678567 2
15.131062 4.250659 -0.948520 2
16.619904 3.875839 0.855479 2
14.395220 2.331282 -0.848096 2
15.914806 3.913306 -1.480880 2
15.111726 5.798824 -0.420866 2
15.111726 5.798824 -0.420866 2
15.135409 3.006069 -0.911572 2
14.577403 2.294921 -1.279612 2
16.142736 4.720971 -0.600006 2
15.772687 2.515314 -1.570062 2
16.868572 4.104007 -0.079417 2
15.537036 2.771930 -1.285705 2
14.894504 3.866875 -0.239427 2
15.469313 2.866476 -0.701320 2
15.144615 4.282389 -1.260122 2
13.959524 1.989175 -1.253830 2
15.284639 3.050146 -1.199786 2
15.284639 3.050146 -1.199786 2
14.913941 2.508502 -0.924395 2
15.447907 4.263240 -1.361124 2
15.447907 4.263240 -1.361124 2
15.447907 4.263240 -1.361124 2
15.003358 4.050420 -1.136742 2
15.744224 4.529252 -0.526763 2
15.150424 2.757471 -0.765090 2
14.527628 3.376352 -0.834330 2
15.644826 2.889099 -1.160158 2
15.150319 4.555157 -1.278736 2
15.891284 3.096240 -0.679945 2
14.282723 2.832112 -0.893214 2
15.408460 3.071252 -1.156625 2
15.408460 3.071252 -1.156625 2
15.645984 3.511968 -0.933206 2
15.350888 4.237196 -1.431731 2
14.518249 3.616098 -0.318859 2
14.518249 3.616098 -0.318859 2
14.518249 3.616098 -0.318859 2
15.453636 2.606473 -1.342878 2
15.586027 2.976941 -0.649652 2
14.359340 2.783960 -0.809208 2
14.110730 2.509072 -0.989123 2
15.212914 3.519412 -0.740498 2
15.753903 2.158690 -1.671991 2
15.682545 3.224213 -1.376788 2
14.842057 3.287042 -1.017913 2
16.491713 6.648852 2.161673 2
15.133856 4.180130 -0.646181 2
15.721499 2.814325 -0.968076 2
15.033340 3.922688 -0.533177 2
15.406423 2.999767 -1.203898 2
15.406423 2.999767 -1.203898 2
15.406423 2.999767 -1.203898 2
15.398754 3.885811 -0.888982 2
14.436840 3.321214 -0.946550 2
15.161674 3.176437 -0.995558 2
15.161674 3.176437 -0.995558 2
15.172255 5.134464 -0.304775 2
14.873175 2.887245 -0.867180 2
14.935432 3.217929 -0.195994 2
16.227371 3.087887 -0.641314 2
15.442245 4.180158 -0.994595 2
15.823649 4.662070 -0.649080 2
14.741438 2.916885 -0.985687 2
14.765724 3.136826 -0.896190 2
15.193641 2.646534 -0.820615 2
15.107091 4.316929 -1.035393 2
15.299737 5.206743 -1.185462 2
15.512420 4.244770 -0.282800 2
14.900581 3.197777 -0.870205 2
14.900581 3.197777 -0.870205 2
15.712739 3.447506 -1.182394 2
15.148108 4.028312 -0.949345 2
14.142709 3.189653 -0.574970 2
14.663831 3.306974 -0.812187 2
14.663831 3.306974 -0.812187 2
15.328175 4.775046 -0.789915 2
15.558661 3.129924 -0.845537 2
14.702305 3.127275 -0.946717 2
14.092448 2.524324 -0.947401 2
15.581571 3.852779 -0.673227 2
14.967569 5.110181 -1.162331 2
15.891087 3.403783 -1.275231 2
15.040573 3.176327 -1.174531 2
13.999423 4.575583 -0.620123 2
13.999423 4.575583 -0.620123 2
13.999423 4.575583 -0.620123 2
13.999423 4.575583 -0.620123 2
7.376779 1.582283 -0.768483 2
2.647581 2.032514 1.286281 2
1.902349 5.304796 -0.591032 2
1.351251 3.335356 -1.974647 2
1.351251 3.335356 -1.974647 2
-0.363674 0.645758 -0.684846 2
2.104003 2.189661 -0.912848 2
-1.368579 4.825229 -0.894494 2
-0.562836 3.179448 -0.328487 2
0.398108 3.486762 -0.676776 2
0.398108 3.486762 -0.676776 2
0.426606 5.417700 -0.075426 2
-0.217929 4.145096 -1.532373 2
-0.006136 5.031203 -0.027937 2
0.155247 3.837597 -0.549001 2
-1.112552 2.997659 0.404491 2
0.271112 3.925368 -0.958041 2
-0.666883 3.865631 -0.248811 2
-0.666883 3.865631 -0.248811 2
-0.462346 2.969402 -0.125557 2
-0.024464 3.291341 -0.311010 2
-0.018891 3.175371 -1.476890 2
-0.732870 3.884235 -0.830651 2
-0.390616 3.595534 -0.220168 2
0.576361 3.850202 -1.070199 2
0.576361 3.850202 -1.070199 2
0.654198 4.836577 -1.567619 2
-0.554209 3.584064 -0.756977 2
-1.016916 2.778497 -0.085441 2
-1.161095 3.516302 0.100501 2
0.428385 4.155105 -1.130772 2
0.046029 3.840738 0.306488 2
0.046029 3.840738 0.306488 2
-0.338244 3.499497 -0.211423 2
-0.107815 4.611866 -0.340731 2
-0.777088 3.244005 -1.045099 2
-0.775545 2.817433 -0.769436 2
-0.055371 3.298023 -0.172697 2
0.374358 3.918235 -0.732392 2
0.374358 3.918235 -0.732392 2
-0.880719 3.322952 -1.233115 2
-0.236539 2.434541 -0.872388 2
-0.236539 2.434541 -0.872388 2
-0.236539 2.434541 -0.872388 2
-0.236539 2.434541 -0.872388 2
-0.475244 3.373749 -0.245811 2
-0.475244 3.373749 -0.245811 2
0.144842 3.219900 -0.509063 2
0.144842 3.219900 -0.509063 2
0.080079 4.368055 -1.058318 2
-0.441983 4.181705 -1.204352 2
-0.441983 4.181705 -1.204352 2
-0.274776 3.099373 -0.532539 2
-0.274776 3.099373 -0.532539 2
-0.274776 3.099373 -0.532539 2
-0.882090 2.928761 -0.577025 2
-0.882090 2.928761 -0.577025 2
0.072356 3.666933 -0.680165 2
1.213662 5.080127 -0.902812 2
-0.378432 2.907368 -0.483719 2
-0.378432 2.907368 -0.483719 2
-0.620683 3.336501 -0.745783 2
-0.620683 3.336501 -0.745783 2
-0.343712 3.578630 -0.677203 2
-0.240667 3.014789 -1.042513 2
-0.613708 2.687681 -0.708711 2
-0.613708 2.687681 -0.708711 2
-0.613708 2.687681 -0.708711 2
0.184430 4.895671 -0.917383 2
-0.742790 2.564217 -1.311962 2
0.551031 3.524582 0.160242 2
-0.554885 2.053598 0.485739 2
-0.193474 3.386469 -0.301463 2
-0.469287 2.912173 -0.763035 2
-0.469287 2.912173 -0.763035 2
-0.309883 3.255963 -0.633965 2
0.328339 4.492496 -0.219072 2
0.620813 4.359207 -0.443492 2
0.620813 4.359207 -0.443492 2
-0.126491 2.557438 -0.746514 2
0.248061 4.537397 -0.614560 2
0.248061 4.537397 -0.614560 2
1.216685 4.279864 -0.840587 2
-0.274322 4.550932 -1.427713 2
-2.441565 5.678922 -1.065879 2
-0.190701 3.549101 -0.520563 2
-0.190701 3.549101 -0.520563 2
-0.548468 3.187213 -0.565938 2
-0.548468 3.187213 -0.565938 2
-0.309014 4.449216 -0.310919 2
-0.702464 3.084856 -0.111468 2
0.156421 4.200164 -0.938477 2
-0.408577 3.347108 -1.101511 2
-0.999261 2.852566 -0.550279 2
-0.999261 2.852566 -0.550279 2
-0.999261 2.852566 -0.550279 2
-0.999261 2.852566 -0.550279 2
-0.999261 2.852566 -0.550279 2
-0.999261 2.852566 -0.550279 2
6.671994 3.862562 0.159866 2
9.421590 8.007983 0.205805 2
10.418104 4.996450 -0.018012 2
15.001094 -0.160893 -2.301996 2
16.241529 2.319975 0.102719 2
16.241529 2.319975 0.102719 2
16.241529 2.319975 0.102719 2
23.652906 10.716616 1.888688 2
25.733791 4.176214 -0.713484 2
25.733791 4.176214 -0.713484 2
25.733791 4.176214 -0.713484 2
25.733791 4.176214 -0.713484 2
25.733791 4.176214 -0.713484 2
25.733791 4.176214 -0.713484 2
25.733791 4.176214 -0.713484 2
25.733791 4.176214 -0.713484 2
25.733791 4.176214 -0.713484 2
25.733791 4.176214 -0.713484 2
25.733791 4.176214 -0.713484 2
25.733791 4.176214 -0.713484 2
24.143593 4.188735 -0.531817 2
25.533642 6.549964 0.821400 2
25.533642 6.549964 0.821400 2
25.533642 6.549964 0.821400 2
25.533642 6.549964 0.821400 2
25.533642 6.549964 0.821400 2
25.533642 6.549964 0.821400 2
25.533642 6.549964 0.821400 2
25.533642 6.549964 0.821400 2
25.533642 6.549964 0.821400 2
23.233515 4.420459 0.120670 2
23.233515 4.420459 0.120670 2
23.233515 4.420459 0.120670 2
23.233515 4.420459 0.120670 2
23.233515 4.420459 0.120670 2
23.233515 4.420459 0.120670 2
24.601933 6.331031 0.859231 2
24.601933 6.331031 0.859231 2
24.601933 6.331031 0.859231 2
24.601933 6.331031 0.859231 2
24.601933 6.331031 0.859231 2
23.170582 4.544104 -1.717226 2
23.170582 4.544104 -1.717226 2
25.317945 5.657798 0.460678 2
23.911371 5.573812 1.223526 2
23.911371 5.573812 1.223526 2
24.462612 4.972945 -0.404784 2
24.462612 4.972945 -0.404784 2
23.846449 4.020603 0.052222 2
24.989044 5.196442 0.519782 2
24.823612 5.494149 0.210617 2
25.044243 6.008464 0.374162 2
25.044243 6.008464 0.374162 2
25.044243 6.008464 0.374162 2
25.044243 6.008464 0.374162 2
25.044243 6.008464 0.374162 2
25.044243 6.008464 0.374162 2
25.044243 6.008464 0.374162 2
25.044243 6.008464 0.374162 2
25.044243 6.008464 0.374162 2
22.985033 3.982601 -0.382188 2
22.985033 3.982601 -0.382188 2
25.225218 5.582383 0.377473 2
25.225218 5.582383 0.377473 2
25.225218 5.582383 0.377473 2
24.125526 4.728695 -0.814055 2
24.125526 4.728695 -0.814055 2
24.125526 4.728695 -0.814055 2
24.125526 4.728695 -0.814055 2
24.125526 4.728695 -0.814055 2
24.125526 4.728695 -0.814055 2
24.125526 4.728695 -0.814055 2
24.125526 4.728695 -0.814055 2
24.125526 4.728695 -0.814055 2
24.125526 4.728695 -0.814055 2
24.434851 6.402391 0.586721 2
24.434851 6.402391 0.586721 2
24.434851 6.402391 0.586721 2
24.236250 5.615208 -0.063422 2
24.371349 4.639394 -0.735100 2
24.371349 4.639394 -0.735100 2
24.621571 5.370554 -0.192160 2
24.621571 5.370554 -0.192160 2
24.621571 5.370554 -0.192160 2
24.389210 4.637457 -0.763570 2
24.389210 4.637457 -0.763570 2
24.389210 4.637457 -0.763570 2
24.389210 4.637457 -0.763570 2
24.389210 4.637457 -0.763570 2
24.389210 4.637457 -0.763570 2
24.389210 4.637457 -0.763570 2
24.389210 4.637457 -0.763570 2
24.913626 5.473340 0.532356 2
24.942360 5.567596 0.214119 2
24.942360 5.567596 0.214119 2
24.942360 5.567596 0.214119 2
24.942360 5.567596 0.214119 2
24.942360 5.567596 0.214119 2
24.942360 5.567596 0.214119 2
24.942360 5.567596 0.214119 2
16.802895 3.243045 -1.406775 2
16.802895 3.243045 -1.406775 2
10.003533 6.274849 -0.066719 2
10.003533 6.274849 -0.066719 2
10.003533 6.274849 -0.066719 2
10.003533 6.274849 -0.066719 2
3.117488 -0.682622 -1.177038 2
3.282385 -0.749480 -1.750297 2
3.282385 -0.749480 -1.750297 2
1.590692 2.985969 -1.052123 2
1.590692 2.985969 -1.052123 2
-1.444698 0.290335 0.205955 2
-1.444698 0.290335 0.205955 2
-0.481021 2.989788 -1.215056 2
-0.481021 2.989788 -1.215056 2
0.150696 3.057935 -0.034231 2
1.523921 3.149209 -0.830338 2
1.523921 3.149209 -0.830338 2
0.618433 3.641562 -0.428732 2
0.618433 3.641562 -0.428732 2
-0.646477 4.240757 -0.312851 2
-0.313194 2.995907 -0.692374 2
-0.313194 2.995907 -0.692374 2
0.071486 5.399050 -0.393319 2
0.071486 5.399050 -0.393319 2
-0.561630 3.244030 -0.265822 2
-0.561630 3.244030 -0.265822 2
-0.688634 3.456934 -0.768308 2
-0.559861 3.882171 -0.484108 2
-0.559861 3.882171 -0.484108 2
0.293950 3.770866 -0.778904 2
0.293950 3.770866 -0.778904 2
-0.574584 3.643502 -0.784653 2
-0.574584 3.643502 -0.784653 2
-0.394610 2.858331 -0.463622 2
0.618919 4.494927 -0.975108 2
0.618919 4.494927 -0.975108 2
-0.373914 3.733515 -1.335333 2
-0.373914 3.733515 -1.335333 2
3.333811 7.997372 -0.434471 2
3.333811 7.997372 -0.434471 2
-0.215922 3.630352 -1.169157 2
0.102065 5.220116 -0.534221 2
0.102065 5.220116 -0.534221 2
0.760144 4.432415 -0.693738 2
0.760144 4.432415 -0.693738 2
-0.524385 2.644865 -0.706051 2
-0.524385 2.644865 -0.706051 2
-0.369962 3.700036 -0.448125 2
2.832724 6.966366 -0.278688 2
2.832724 6.966366 -0.278688 2
-0.855442 3.303910 -1.268729 2
-0.855442 3.303910 -1.268729 2
-0.675264 4.091138 -0.377281 2
-0.675264 4.091138 -0.377281 2
-0.211218 4.339618 -1.192107 2
-0.458545 4.883202 -0.578689 2
-0.458545 4.883202 -0.578689 2
-0.002979 3.651258 -0.504134 2
-0.002979 3.651258 -0.504134 2
0.092305 3.809809 -1.033582 2
0.092305 3.809809 -1.033582 2
-0.166959 2.060160 0.419935 2
-0.864660 4.706248 0.831743 2
-0.864660 4.706248 0.831743 2
-1.164365 2.765455 -0.396804 2
-1.164365 2.765455 -0.396804 2
1.405409 4.924459 -0.423632 2
1.405409 4.924459 -0.423632 2
-0.405118 3.085286 -1.441332 2
-0.405118 3.085286 -1.441332 2
-0.405118 3.085286 -1.441332 2
0.512016 4.237311 -0.599855 2
0.512016 4.237311 -0.599855 2
0.331376 4.127284 -1.615080 2
0.331376 4.127284 -1.615080 2
-0.627965 3.894349 -0.252673 2
0.059822 4.646614 -0.825905 2
0.101113 4.766693 -1.084908 2
-0.681585 2.834408 -0.926188 2
-0.681585 2.834408 -0.926188 2
-0.607700 2.129835 0.456295 2
-0.607700 2.129835 0.456295 2
-0.868530 3.351731 -1.265788 2
-0.868530 3.351731 -1.265788 2
-0.868530 3.351731 -1.265788 2
0.643026 4.768296 -0.316650 2
0.643026 4.768296 -0.316650 2
0.003239 4.325170 -0.967701 2
0.003239 4.325170 -0.967701 2
0.003239 4.325170 -0.967701 2
0.003239 4.325170 -0.967701 2
0.003239 4.325170 -0.967701 2
-0.290705 3.964728 -1.297155 2
-0.290705 3.964728 -1.297155 2
-0.290705 3.964728 -1.297155 2
-0.290705 3.964728 -1.297155 2
-0.321705 3.640826 -0.722934 2
-0.312267 3.435303 -0.573972 2
-0.312267 3.435303 -0.573972 2
2.720163 5.026457 1.231974 2
2.720163 5.026457 1.231974 2
9.405492 5.679817 -1.516597 2
9.405492 5.679817 -1.516597 2
15.497648 4.368255 0.695636 2
16.579947 5.759406 1.298762 2
16.579947 5.759406 1.298762 2
23.287809 4.111682 -1.679166 2
23.287809 4.111682 -1.679166 2
23.287809 4.111682 -1.679166 2
23.287809 4.111682 -1.679166 2
24.713385 5.511359 2.804830 2
23.556734 4.040428 0.528235 2
23.556734 4.040428 0.528235 2
23.556734 4.040428 0.528235 2
23.556734 4.040428 0.528235 2
24.458433 5.518740 0.095932 2
24.458433 5.518740 0.095932 2
24.458433 5.518740 0.095932 2
24.458433 5.518740 0.095932 2
24.458433 5.518740 0.095932 2
24.458433 5.518740 0.095932 2
24.458433 5.518740 0.095932 2
21.537329 3.483727 -2.332500 2
21.537329 3.483727 -2.332500 2
23.427460 7.162980 1.093891 2
23.427460 7.162980 1.093891 2
23.427460 7.162980 1.093891 2
23.427460 7.162980 1.093891 2
23.427460 7.162980 1.093891 2
23.427460 7.162980 1.093891 2
23.427460 7.162980 1.093891 2
23.427460 7.162980 1.093891 2
25.202793 5.658858 -0.235284 2
25.202793 5.658858 -0.235284 2
23.455793 5.547927 1.279592 2
23.455793 5.547927 1.279592 2
25.689938 5.870742 0.114091 2
25.689938 5.870742 0.114091 2
24.426456 5.637790 0.742271 2
24.604631 6.286107 0.970007 2
24.442331 6.435963 0.628489 2
24.442331 6.435963 0.628489 2
24.442331 6.435963 0.628489 2
24.442331 6.435963 0.628489 2
24.442331 6.435963 0.628489 2
23.486040 5.770248 0.848099 2
23.486040 5.770248 0.848099 2
23.486040 5.770248 0.848099 2
23.486040 5.770248 0.848099 2
23.486040 5.770248 0.848099 2
23.395685 2.758869 -1.517050 2
23.395685 2.758869 -1.517050 2
23.930670 5.560885 1.214525 2
23.930670 5.560885 1.214525 2
23.930670 5.560885 1.214525 2
25.312119 5.617721 0.307452 2
25.312119 5.617721 0.307452 2
23.555466 5.498270 1.047081 2
23.555466 5.498270 1.047081 2
23.555466 5.498270 1.047081 2
23.555466 5.498270 1.047081 2
23.555466 5.498270 1.047081 2
23.555466 5.498270 1.047081 2
23.555466 5.498270 1.047081 2
23.555466 5.498270 1.047081 2
23.555466 5.498270 1.047081 2
23.555466 5.498270 1.047081 2
23.555466 5.498270 1.047081 2
23.555466 5.498270 1.047081 2
23.555466 5.498270 1.047081 2
23.555466 5.498270 1.047081 2
23.490788 5.507082 1.140522 2
23.490788 5.507082 1.140522 2
23.490788 5.507082 1.140522 2
23.490788 5.507082 1.140522 2
23.490788 5.507082 1.140522 2
25.041222 3.981132 0.326768 2
25.041222 3.981132 0.326768 2
24.250729 6.480734 0.728699 2
24.250729 6.480734 0.728699 2
24.250729 6.480734 0.728699 2
24.250729 6.480734 0.728699 2
24.250729 6.480734 0.728699 2
24.990261 5.554371 0.437876 2
24.990261 5.554371 0.437876 2
24.990261 5.554371 0.437876 2
24.990261 5.554371 0.437876 2
23.326887 3.819821 -0.557773 2
23.326887 3.819821 -0.557773 2
23.326887 3.819821 -0.557773 2
24.104292 4.462736 0.097562 2
24.104292 4.462736 0.097562 2
24.404385 4.782823 -0.630881 2
24.404385 4.782823 -0.630881 2
24.404385 4.782823 -0.630881 2
24.404385 4.782823 -0.630881 2
24.404385 4.782823 -0.630881 2
24.404385 4.782823 -0.630881 2
24.404385 4.782823 -0.630881 2
22.378168 3.877517 0.177390 2
22.378168 3.877517 0.177390 2
13.999861 2.684747 -1.013339 2
11.858433 4.613831 -1.249578 2
11.858433 4.613831 -1.249578 2
8.865385 6.492922 0.605203 2
8.865385 6.492922 0.605203 2
2.951926 4.703899 -0.024795 2
2.951926 4.703899 -0.024795 2
3.206035 8.052434 -2.117410 2
1.528448 3.592657 -0.784020 2
1.348821 3.621225 0.100125 2
0.956337 1.902000 -1.542774 2
0.956337 1.902000 -1.542774 2
0.569233 3.172860 -0.765487 2
0.569233 3.172860 -0.765487 2
1.378436 2.408630 -0.426302 2
-0.453962 2.968666 -1.247160 2
-0.453962 2.968666 -1.247160 2
-0.091297 3.874278 -1.024575 2
-0.091297 3.874278 -1.024575 2
-2.090410 3.047957 1.430527 2
-2.090410 3.047957 1.430527 2
-0.880764 2.857376 -1.328934 2
-0.758341 3.963971 -0.765906 2
-0.758341 3.963971 -0.765906 2
0.975102 3.762872 -0.663667 2
0.975102 3.762872 -0.663667 2
-0.561681 5.221743 -0.023943 2
-0.561681 5.221743 -0.023943 2
-0.561681 5.221743 -0.023943 2
-0.561681 5.221743 -0.023943 2
0.464743 4.057684 -1.067997 2
0.464743 4.057684 -1.067997 2
0.464743 4.057684 -1.067997 2
-1.188764 2.942915 0.033836 2
-1.188764 2.942915 0.033836 2
-0.773353 3.368097 -0.823871 2
-0.421023 3.430591 -0.327355 2
-0.611988 2.837703 -0.386028 2
0.707796 4.558186 -0.947898 2
0.707796 4.558186 -0.947898 2
-0.725509 3.780313 -0.474604 2
-0.725509 3.780313 -0.474604 2
0.027182 3.652098 -0.090276 2
0.027182 3.652098 -0.090276 2
-0.156569 4.264862 -1.315073 2
0.170381 5.011621 -0.378169 2
0.170381 5.011621 -0.378169 2
0.789463 5.941650 -0.553265 2
0.789463 5.941650 -0.553265 2
0.246130 2.921904 -0.757661 2
-0.060749 3.841810 -0.544243 2
-1.131862 2.346292 -0.238885 2
1.181457 4.864240 -0.341443 2
1.181457 4.864240 -0.341443 2
-0.226870 3.041730 -0.978201 2
-0.226870 3.041730 -0.978201 2
1.622410 4.973866 -0.632115 2
-1.700762 3.994834 0.882107 2
-0.889807 3.298680 -1.158233 2
-0.202238 3.359867 -0.589062 2
-0.202238 3.359867 -0.589062 2
1.155350 4.789650 -0.956738 2
1.155350 4.789650 -0.956738 2
-0.201677 4.619086 -1.296602 2
0.056578 5.022324 -0.696391 2
0.056578 5.022324 -0.696391 2
0.257677 4.759284 -0.201757 2
0.257677 4.759284 -0.201757 2
-0.587568 3.278619 -0.605639 2
-0.587568 3.278619 -0.605639 2
-0.604065 2.591846 -0.731197 2
-1.404103 3.261097 0.159691 2
-0.519150 3.320743 -1.190412 2
-0.573291 3.190637 -0.449542 2
-0.573291 3.190637 -0.449542 2
1.835758 5.240284 -0.441043 2
1.835758 5.240284 -0.441043 2
-0.459511 3.079024 -1.308713 2
-0.467509 3.453480 -0.497290 2
-0.052961 3.260546 -0.219097 2
1.011528 5.436412 -0.631237 2
-0.035864 3.644612 -0.823934 2
1.098770 5.617657 -1.824254 2
1.098770 5.617657 -1.824254 2
-0.411635 3.603448 -0.328531 2
1.758121 7.110920 -0.425823 2
-0.105973 4.421467 -1.033628 2
0.015919 2.815706 -1.042225 2
0.015919 2.815706 -1.042225 2
-0.078829 3.280141 -0.374518 2
-0.078829 3.280141 -0.374518 2
-0.705459 3.590895 -1.329262 2
-0.784404 2.474755 -0.794937 2
-0.302408 3.273331 -0.254829 2
-0.479249 3.620795 -0.697309 2
-0.479249 3.620795 -0.697309 2
-0.469068 3.398779 -1.302606 2
-0.469068 3.398779 -1.302606 2
3.688365 3.089287 -0.775320 2
8.985703 6.861900 -0.091526 2
9.221878 3.273487 -1.329267 2
9.221878 3.273487 -1.329267 2
9.221878 3.273487 -1.329267 2
16.394960 2.262264 -0.129935 2
16.394960 2.262264 -0.129935 2
16.394960 2.262264 -0.129935 2
16.394960 2.262264 -0.129935 2
16.394960 2.262264 -0.129935 2
16.394960 2.262264 -0.129935 2
16.394960 2.262264 -0.129935 2
16.394960 2.262264 -0.129935 2
16.394960 2.262264 -0.129935 2
30.059797 5.681201 2.353609 2
30.059797 5.681201 2.353609 2
30.059797 5.681201 2.353609 2
29.737900 7.146502 1.188862 2
29.737900 7.146502 1.188862 2
30.132223 5.544719 2.501219 2
30.132223 5.544719 2.501219 2
30.132223 5.544719 2.501219 2
30.132223 5.544719 2.501219 2
30.132223 5.544719 2.501219 2
30.712742 5.800058 2.261461 2
30.712742 5.800058 2.261461 2
30.712742 5.800058 2.261461 2
30.712742 5.800058 2.261461 2
30.355299 5.257856 1.879389 2
30.059523 5.864479 2.310457 2
30.288954 5.795901 1.963316 2
29.142757 8.148469 2.352766 2
29.142757 8.148469 2.352766 2
29.142757 8.148469 2.352766 2
29.142757 8.148469 2.352766 2
31.210173 5.108178 2.076667 2
31.210173 5.108178 2.076667 2
29.465219 6.030439 2.710194 2
29.465219 6.030439 2.710194 2
29.465219 6.030439 2.710194 2
30.775475 6.563450 1.880892 2
30.775475 6.563450 1.880892 2
30.580021 4.963804 1.770881 2
29.807211 5.941863 2.562484 2
29.807211 5.941863 2.562484 2
30.613596 6.099338 1.438337 2
30.431816 5.190878 1.724100 2
30.431816 5.190878 1.724100 2
30.431816 5.190878 1.724100 2
30.431816 5.190878 1.724100 2
29.934805 5.213180 1.947966 2
29.934805 5.213180 1.947966 2
29.934805 5.213180 1.947966 2
29.935467 6.079415 2.510414 2
30.750164 5.163291 1.817219 2
30.750164 5.163291 1.817219 2
30.790827 6.525930 1.570893 2
30.790827 6.525930 1.570893 2
30.790827 6.525930 1.570893 2
30.361221 5.209994 1.674404 2
30.361221 5.209994 1.674404 2
29.888271 6.096333 2.516877 2
29.888271 6.096333 2.516877 2
29.888271 6.096333 2.516877 2
29.888271 6.096333 2.516877 2
30.430725 5.335926 1.848812 2
30.430725 5.335926 1.848812 2
30.430725 5.335926 1.848812 2
29.779369 6.000979 2.567506 2
29.779369 6.000979 2.567506 2
29.482214 7.761165 2.045291 2
29.482214 7.761165 2.045291 2
29.482214 7.761165 2.045291 2
30.398314 5.293168 1.866854 2
30.398314 5.293168 1.866854 2
31.320431 5.005025 1.389375 2
31.320431 5.005025 1.389375 2
30.449133 5.309611 1.949771 2
31.161301 5.079078 1.761176 2
29.489113 5.964623 2.423521 2
29.489113 5.964623 2.423521 2
29.489113 5.964623 2.423521 2
29.489113 5.964623 2.423521 2
29.489113 5.964623 2.423521 2
30.467588 5.037347 1.654785 2
30.467588 5.037347 1.654785 2
30.467588 5.037347 1.654785 2
30.467588 5.037347 1.654785 2
30.467588 5.037347 1.654785 2
30.659950 6.097548 1.361742 2
30.659950 6.097548 1.361742 2
30.618292 5.047938 1.750475 2
30.618292 5.047938 1.750475 2
30.548321 6.106661 1.366143 2
29.438501 6.158592 2.371423 2
29.438501 6.158592 2.371423 2
31.057243 4.969477 1.513674 2
31.057243 4.969477 1.513674 2
31.057243 4.969477 1.513674 2
28.395880 5.492653 0.810047 2
28.395880 5.492653 0.810047 2
28.395880 5.492653 0.810047 2
28.395880 5.492653 0.810047 2
19.656664 5.200504 1.267405 2
19.656664 5.200504 1.267405 2
14.191289 8.147020 1.636294 2
14.191289 8.147020 1.636294 2
6.090478 -0.293928 -0.818490 2
6.090478 -0.293928 -0.818490 2
6.090478 -0.293928 -0.818490 2
1.962862 2.156809 0.131363 2
1.962862 2.156809 0.131363 2
0.624856 2.870874 -0.487536 2
0.624856 2.870874 -0.487536 2
-0.813589 3.435589 -1.069138 2
-2.237552 5.567809 -0.392467 2
0.377434 3.746491 -1.378311 2
0.377434 3.746491 -1.378311 2
0.377434 3.746491 -1.378311 2
0.115606 2.597147 -1.325948 2
0.014844 3.029257 -0.819472 2
-0.882351 4.931131 -0.009479 2
-0.882351 4.931131 -0.009479 2
-0.882351 4.931131 -0.009479 2
-0.208814 3.343580 -1.644992 2
-0.208814 3.343580 -1.644992 2
-0.221553 5.276783 -1.010422 2
-0.221553 5.276783 -1.010422 2
-0.428400 2.478776 -1.955139 2
-1.074651 3.080457 -0.519198 2
-1.074651 3.080457 -0.519198 2
0.110416 4.344995 -0.547599 2
0.110416 4.344995 -0.547599 2
-0.895872 2.653722 -1.885978 2
-0.742857 3.782972 -0.766703 2
-0.187042 4.315627 -0.361265 2
1.724166 6.395192 -0.714889 2
1.724166 6.395192 -0.714889 2
-0.418343 2.968671 -1.180831 2
-0.418343 2.968671 -1.180831 2
-0.058678 4.072698 -0.491539 2
-0.058678 4.072698 -0.491539 2
1.652927 5.623268 -0.783578 2
-0.967316 3.305670 -0.964902 2
-0.967316 3.305670 -0.964902 2
0.225837 4.012208 -0.058870 2
0.225837 4.012208 -0.058870 2
0.225837 4.012208 -0.058870 2
-0.647724 3.085071 -1.491916 2
-0.647724 3.085071 -1.491916 2
0.231507 4.156819 -1.039911 2
0.231507 4.156819 -1.039911 2
-0.630401 3.530893 -1.196302 2
-0.630401 3.530893 -1.196302 2
0.717225 4.328584 -0.722188 2
0.717225 4.328584 -0.722188 2
0.665832 5.786059 -0.582441 2
0.665832 5.786059 -0.582441 2
-0.375123 3.728897 0.413813 2
0.190671 4.071998 -1.036535 2
0.190671 4.071998 -1.036535 2
1.046365 4.532629 -0.704196 2
-0.567949 2.837015 -0.876040 2
-0.567949 2.837015 -0.876040 2
0.360611 3.971529 -0.100806 2
0.360611 3.971529 -0.100806 2
-0.157435 5.040182 0.696974 2
-0.157435 5.040182 0.696974 2
0.110609 4.011955 -0.163989 2
2.934710 7.799872 -0.871133 2
0.347093 5.930305 -1.029569 2
-0.099092 3.274670 -1.089863 2
-0.788528 3.121514 -0.077087 2
0.520246 4.675780 -0.315839 2
0.520246 4.675780 -0.315839 2
0.852194 4.796929 -0.678636 2
-0.013298 3.470356 -1.558777 2
-0.649260 2.591038 -0.493028 2
0.556816 4.525983 -0.555369 2
1.066318 5.338215 -0.591043 2
1.066318 5.338215 -0.591043 2
1.066318 5.338215 -0.591043 2
-0.891859 3.989040 -1.110858 2
0.019560 3.960114 -0.204386 2
0.019560 3.960114 -0.204386 2
0.019560 3.960114 -0.204386 2
-0.219262 3.185877 -0.405785 2
0.526944 4.344037 -0.954998 2
-0.133844 4.371637 -0.266128 2
-0.133844 4.371637 -0.266128 2
-0.469709 3.887629 -0.865130 2
0.606758 3.968376 -0.673885 2
0.261769 4.131533 -0.600991 2
1.560575 7.042558 -0.247894 2
-0.413761 5.594690 0.777076 2
-0.413761 5.594690 0.777076 2
-0.395314 3.375829 -0.834648 2
0.657553 4.642366 -0.784699 2
0.657553 4.642366 -0.784699 2
-0.269625 3.799906 1.582707 2
3.576071 2.448667 -1.119144 2
3.576071 2.448667 -1.119144 2
3.576071 2.448667 -1.119144 2
10.717118 8.581235 0.515980 2
10.717118 8.581235 0.515980 2
10.717118 8.581235 0.515980 2
10.717118 8.581235 0.515980 2
10.717118 8.581235 0.515980 2
10.717118 8.581235 0.515980 2
10.717118 8.581235 0.515980 2
10.717118 8.581235 0.515980 2
10.717118 8.581235 0.515980 2
10.717118 8.581235 0.515980 2
10.717118 8.581235 0.515980 2
10.717118 8.581235 0.515980 2
10.717118 8.581235 0.515980 2
10.717118 8.581235 0.515980 2
10.717118 8.581235 0.515980 2
10.717118 8.581235 0.515980 2
30.137085 6.372737 0.128211 2
30.137085 6.372737 0.128211 2
30.137085 6.372737 0.128211 2
30.137085 6.372737 0.128211 2
30.137085 6.372737 0.128211 2
30.137085 6.372737 0.128211 2
29.478979 6.082061 1.759947 2
29.617401 5.961377 1.812439 2
29.617401 5.961377 1.812439 2
27.803701 7.481200 2.066480 2
28.501579 6.817322 2.691477 2
28.501579 6.817322 2.691477 2
28.501579 6.817322 2.691477 2
28.501579 6.817322 2.691477 2
28.480347 7.605535 2.064291 2
30.354389 5.315219 1.276999 2
30.354389 5.315219 1.276999 2
30.354389 5.315219 1.276999 2
30.354389 5.315219 1.276999 2
30.354389 5.315219 1.276999 2
28.638241 6.936505 2.398177 2
28.638241 6.936505 2.398177 2
28.638241 6.936505 2.398177 2
31.415997 6.310641 2.280091 2
29.629839 5.488596 1.599002 2
29.629839 5.488596 1.599002 2
30.215734 5.567656 1.163053 2
30.215734 5.567656 1.163053 2
30.951031 6.279758 1.664997 2
30.951031 6.279758 1.664997 2
30.876516 5.098703 0.675433 2
29.404844 5.943472 1.576761 2
29.404844 5.943472 1.576761 2
29.404844 5.943472 1.576761 2
27.812218 5.368114 0.583958 2
27.812218 5.368114 0.583958 2
29.976686 5.556167 1.433379 2
29.976686 5.556167 1.433379 2
29.976686 5.556167 1.433379 2
27.853670 5.469047 0.625561 2
27.853670 5.469047 0.625561 2
27.853670 5.469047 0.625561 2
27.853670 5.469047 0.625561 2
31.042732 6.793546 2.044214 2
28.577127 5.734027 0.935536 2
28.577127 5.734027 0.935536 2
28.577127 5.734027 0.935536 2
28.491407 4.363744 -0.587853 2
29.889339 5.634945 1.570331 2
28.872410 5.802056 1.041856 2
28.872410 5.802056 1.041856 2
30.413902 5.829318 1.967727 2
30.406763 6.029898 1.217920 2
30.406763 6.029898 1.217920 2
29.688835 6.047079 1.370046 2
29.652775 5.601569 1.631095 2
29.652775 5.601569 1.631095 2
29.652775 5.601569 1.631095 2
28.768957 6.614807 2.585253 2
28.768957 6.614807 2.585253 2
28.768957 6.614807 2.585253 2
28.768957 6.614807 2.585253 2
29.974731 5.827960 1.170168 2
29.731833 5.827304 1.546809 2
29.731833 5.827304 1.546809 2
29.715767 5.737625 1.516453 2
29.715767 5.737625 1.516453 2
29.715767 5.737625 1.516453 2
30.258377 5.490274 1.086188 2
30.258377 5.490274 1.086188 2
30.258377 5.490274 1.086188 2
30.430321 5.521453 1.468197 2
28.573685 5.475610 0.922390 2
29.424425 6.111640 1.977222 2
29.424425 6.111640 1.977222 2
30.036600 6.221714 1.458062 2
30.036600 6.221714 1.458062 2
29.542587 4.924369 0.716615 2
29.542587 4.924369 0.716615 2
29.757315 5.479887 1.625016 2
29.757315 5.479887 1.625016 2
29.757315 5.479887 1.625016 2
21.758533 5.377141 0.643017 2
21.758533 5.377141 0.643017 2
21.758533 5.377141 0.643017 2
16.289196 2.147202 -0.912564 2
12.627295 3.757243 0.764833 2
12.627295 3.757243 0.764833 2
0.904428 1.976510 -0.667920 2
0.714809 2.460470 -1.552934 2
0.714809 2.460470 -1.552934 2
-0.053497 4.722397 -1.228681 2
-0.053497 4.722397 -1.228681 2
-0.547247 4.139366 -0.649205 2
-0.547247 4.139366 -0.649205 2
-1.006899 2.609524 -0.247699 2
0.518137 4.456676 -0.629589 2
2.574739 6.986769 -1.270040 2
0.250918 3.733426 -0.510888 2
0.250918 3.733426 -0.510888 2
-0.304461 3.162077 -0.649871 2
-0.180265 3.136854 -0.846983 2
-0.180265 3.136854 -0.846983 2
0.669557 4.554209 -1.053233 2
0.669557 4.554209 -1.053233 2
-0.522609 3.471052 -1.344393 2
-0.457621 3.529977 -1.019429 2
-0.457621 3.529977 -1.019429 2
0.641877 4.528408 -1.065793 2
0.641877 4.528408 -1.065793 2
-0.465033 3.009359 -0.921918 2
-0.465033 3.009359 -0.921918 2
1.474420 5.765780 -1.163366 2
1.474420 5.765780 -1.163366 2
1.474420 5.765780 -1.163366 2
-1.452711 3.108777 -0.398538 2
-1.452711 3.108777 -0.398538 2
0.548255 4.095996 -0.599320 2
0.548255 4.095996 -0.599320 2
0.016248 3.709797 -0.800686 2
-1.166379 3.764400 -0.401840 2
-1.166379 3.764400 -0.401840 2
0.531472 4.153614 -0.631701 2
0.531472 4.153614 -0.631701 2
-0.292457 3.547512 -1.301148 2
-0.292457 3.547512 -1.301148 2
-0.027631 4.289642 -0.290923 2
0.392334 4.586890 -0.551102 2
0.392334 4.586890 -0.551102 2
0.149840 3.196172 -0.935430 2
0.149840 3.196172 -0.935430 2
-0.133430 3.648422 -0.219080 2
