0.358435 3.654622 -0.797775 2
0.358435 3.654622 -0.797775 2
0.075205 2.453354 -1.179743 2
-0.611100 2.290837 -2.228856 2
-0.634783 0.675057 -1.256627 2
0.731338 2.426471 -1.321911 2
0.690395 3.240565 -1.638273 2
0.690395 3.240565 -1.638273 2
-0.843480 1.152829 -1.615976 2
3.710279 6.372495 -1.249595 2
0.882158 4.226609 -2.217212 2
-0.008595 2.551990 -1.303016 2
-0.000627 2.770772 -1.687108 2
0.695539 3.521902 -1.658378 2
0.695539 3.521902 -1.658378 2
0.804834 3.474755 -1.175595 2
0.804834 3.474755 -1.175595 2
0.804834 3.474755 -1.175595 2
0.804834 3.474755 -1.175595 2
0.804834 3.474755 -1.175595 2
2.284238 6.023118 -0.893389 2
-0.031865 2.851388 -1.116593 2
-0.031865 2.851388 -1.116593 2
-0.031865 2.851388 -1.116593 2
-0.031865 2.851388 -1.116593 2
-0.031865 2.851388 -1.116593 2
-0.879746 4.476079 -0.572221 2
-0.879746 4.476079 -0.572221 2
1.025137 5.627274 -0.963400 2
1.025137 5.627274 -0.963400 2
0.927488 4.923853 -1.152775 2
0.236776 3.798531 -0.983057 2
0.778602 4.088885 -1.344719 2
1.937092 5.881910 -1.231331 2
1.937092 5.881910 -1.231331 2
-0.057582 3.227083 -1.085897 2
-1.231032 5.012339 -0.554299 2
-1.231032 5.012339 -0.554299 2
0.662815 3.647871 -1.254651 2
-0.143850 2.847869 -1.094411 2
-0.013523 3.441125 -0.902519 2
-0.013523 3.441125 -0.902519 2
1.685462 4.044025 -0.813472 2
1.685462 4.044025 -0.813472 2
1.685462 4.044025 -0.813472 2
1.685462 4.044025 -0.813472 2
0.162062 4.228420 -1.044223 2
-0.421021 3.140594 -0.720007 2
-0.421021 3.140594 -0.720007 2
0.339035 3.650593 -1.114292 2
0.339035 3.650593 -1.114292 2
-0.310258 2.902613 -0.602714 2
0.953217 4.851834 -0.865198 2
0.877667 4.177994 -1.080748 2
0.744468 2.483022 -1.368423 2
0.744468 2.483022 -1.368423 2
-0.127503 3.036618 -0.730769 2
-0.127503 3.036618 -0.730769 2
1.648910 5.749897 -1.010044 2
1.648910 5.749897 -1.010044 2
-0.749352 5.544888 -2.193608 2
-0.048601 3.734477 -0.837839 2
-0.048601 3.734477 -0.837839 2
-0.017553 3.333889 -1.069184 2
-0.017553 3.333889 -1.069184 2
-0.017553 3.333889 -1.069184 2
2.020868 6.337240 -0.989105 2
1.550885 7.696799 -1.603869 2
-0.851409 6.599797 -1.045416 2
-0.851409 6.599797 -1.045416 2
2.443835 7.128122 -0.646999 2
2.443835 7.128122 -0.646999 2
-0.471822 5.030414 0.087146 2
0.524654 4.021508 -1.233745 2
-0.447178 2.567375 -0.742255 2
0.715948 5.075728 -0.859418 2
0.715948 5.075728 -0.859418 2
0.234404 2.054321 -1.461112 2
0.234404 2.054321 -1.461112 2
-0.010853 2.890031 -0.698686 2
0.960375 5.622146 -0.615294 2
0.960375 5.622146 -0.615294 2
-0.568459 3.375454 -0.328696 2
-0.568459 3.375454 -0.328696 2
2.563586 7.005582 -0.927617 2
2.563586 7.005582 -0.927617 2
2.563586 7.005582 -0.927617 2
-0.816767 2.240574 -1.192534 2
-0.843436 4.319505 -0.447410 2
-0.763141 8.446314 -0.322441 2
-0.763141 8.446314 -0.322441 2
0.394759 3.917933 -0.777542 2
0.394759 3.917933 -0.777542 2
0.984666 4.195805 -0.970373 2
0.958421 3.799282 -1.218950 2
0.612974 4.694878 -0.037399 2
4.133169 3.929760 -1.234937 2
4.909620 2.186759 -0.158306 2
6.329792 5.392808 0.405659 2
6.329792 5.392808 0.405659 2
7.596370 4.215654 -1.469718 2
7.856342 1.004864 -1.732776 2
9.324998 5.802694 0.253546 2
8.723114 5.384722 -1.183030 2
8.723114 5.384722 -1.183030 2
7.395343 2.902218 1.060363 2
7.395343 2.902218 1.060363 2
9.127066 7.455337 1.137290 2
9.127066 7.455337 1.137290 2
8.760994 4.564139 -0.660895 2
7.299908 3.191083 0.694292 2
7.299908 3.191083 0.694292 2
9.513343 3.451371 -0.691079 2
9.513343 3.451371 -0.691079 2
8.333191 4.211982 -0.806693 2
8.333191 4.211982 -0.806693 2
9.842468 7.308437 1.095386 2
9.842468 7.308437 1.095386 2
8.123631 4.176217 -0.753549 2
7.303127 2.971417 -0.141204 2
7.303127 2.971417 -0.141204 2
7.303127 2.971417 -0.141204 2
7.303127 2.971417 -0.141204 2
7.303127 2.971417 -0.141204 2
10.084406 5.943474 -0.663640 2
10.084406 5.943474 -0.663640 2
8.548160 4.540090 -0.704573 2
8.548160 4.540090 -0.704573 2
7.482575 2.833554 0.754232 2
7.482575 2.833554 0.754232 2
7.482575 2.833554 0.754232 2
8.258426 3.877693 -0.960751 2
8.258426 3.877693 -0.960751 2
10.131892 6.026923 -0.249314 2
10.131892 6.026923 -0.249314 2
9.341558 4.045301 -0.403414 2
9.341558 4.045301 -0.403414 2
7.649957 2.564302 0.651474 2
7.649957 2.564302 0.651474 2
7.649957 2.564302 0.651474 2
8.367266 3.743048 -1.034003 2
8.367266 3.743048 -1.034003 2
9.699252 5.956793 -0.766436 2
9.699252 5.956793 -0.766436 2
9.403695 5.339678 -0.388322 2
8.111822 4.101480 -1.307489 2
8.111822 4.101480 -1.307489 2
8.111822 4.101480 -1.307489 2
8.111822 4.101480 -1.307489 2
9.133529 5.035613 -0.591665 2
9.133529 5.035613 -0.591665 2
7.368564 2.417263 -1.239955 2
8.495255 6.531035 0.689437 2
8.495255 6.531035 0.689437 2
8.178152 4.229677 -0.604362 2
8.178152 4.229677 -0.604362 2
9.971036 6.285563 -0.172281 2
9.971036 6.285563 -0.172281 2
8.334830 3.646594 -1.656941 2
10.548048 6.870501 -0.439360 2
9.983621 4.200660 1.815377 2
9.983621 4.200660 1.815377 2
8.922922 4.195464 -1.077819 2
8.922922 4.195464 -1.077819 2
9.737846 6.124890 -0.622018 2
9.737846 6.124890 -0.622018 2
8.275422 3.750442 -0.878858 2
9.334321 5.649271 -0.500133 2
0.956755 3.152922 -1.241129 2
1.035490 5.389179 -0.653451 2
1.035490 5.389179 -0.653451 2
0.267599 2.766043 -1.541577 2
0.267599 2.766043 -1.541577 2
1.075892 4.818183 -1.289743 2
1.075892 4.818183 -1.289743 2
0.399371 3.222197 -1.208071 2
1.021645 4.597463 -1.326384 2
1.021645 4.597463 -1.326384 2
1.021645 4.597463 -1.326384 2
1.021645 4.597463 -1.326384 2
-0.053966 2.360523 -1.063662 2
-0.053966 2.360523 -1.063662 2
1.541392 6.184390 -0.898353 2
0.783209 3.387750 -1.362172 2
0.783209 3.387750 -1.362172 2
1.923053 6.848322 -0.976670 2
1.923053 6.848322 -0.976670 2
1.923053 6.848322 -0.976670 2
1.923053 6.848322 -0.976670 2
-1.073680 4.396868 -0.723225 2
-1.073680 4.396868 -0.723225 2
0.232569 4.425162 -1.130527 2
0.232569 4.425162 -1.130527 2
0.232569 4.425162 -1.130527 2
0.232569 4.425162 -1.130527 2
0.232569 4.425162 -1.130527 2
0.175990 3.943903 -1.266028 2
0.250044 3.622782 -1.041371 2
0.250044 3.622782 -1.041371 2
1.565151 6.084725 -0.701953 2
1.565151 6.084725 -0.701953 2
0.435297 3.845388 -0.787354 2
0.435297 3.845388 -0.787354 2
-1.440371 5.039203 -0.591002 2
-1.440371 5.039203 -0.591002 2
-1.440371 5.039203 -0.591002 2
0.035487 3.697029 -1.535713 2
0.035487 3.697029 -1.535713 2
1.069430 4.369368 -1.121277 2
1.069430 4.369368 -1.121277 2
-0.313936 3.205299 -1.040088 2
0.437743 3.621610 -1.054836 2
0.437743 3.621610 -1.054836 2
0.823320 5.517746 -0.476561 2
0.823320 5.517746 -0.476561 2
2.279914 8.181664 -1.680260 2
2.279914 8.181664 -1.680260 2
0.945854 4.379959 -0.710057 2
0.888283 3.916941 -1.081290 2
0.888283 3.916941 -1.081290 2
0.645402 3.669832 -1.086795 2
0.645402 3.669832 -1.086795 2
1.827676 6.563169 -0.605755 2
1.827676 6.563169 -0.605755 2
0.680714 3.315190 -1.554581 2
1.456104 3.905611 -0.740945 2
1.456104 3.905611 -0.740945 2
1.476429 6.937560 0.394281 2
1.476429 6.937560 0.394281 2
0.147193 3.763824 -1.359072 2
0.147193 3.763824 -1.359072 2
2.504991 6.973327 -0.986425 2
0.092447 4.326686 -1.088293 2
0.092447 4.326686 -1.088293 2
-0.213450 2.140782 -1.046450 2
-0.213450 2.140782 -1.046450 2
-0.213450 2.140782 -1.046450 2
-0.213450 2.140782 -1.046450 2
0.208007 4.148415 -1.301838 2
0.208007 4.148415 -1.301838 2
-0.604353 2.573193 -0.766360 2
-0.217294 4.205173 0.245441 2
-0.217294 4.205173 0.245441 2
0.034079 2.388834 -1.271056 2
0.034079 2.388834 -1.271056 2
-1.816105 1.614561 -0.695832 2
-1.816105 1.614561 -0.695832 2
-1.816105 1.614561 -0.695832 2
0.895514 3.792683 -1.798556 2
0.895514 3.792683 -1.798556 2
0.147386 3.898720 -0.852149 2
0.147386 3.898720 -0.852149 2
0.023884 4.436718 -1.309337 2
-0.855617 4.244578 -0.706335 2
1.947146 6.262895 -1.388417 2
1.947146 6.262895 -1.388417 2
1.947146 6.262895 -1.388417 2
5.465083 3.202884 -0.580460 2
5.465083 3.202884 -0.580460 2
6.378514 2.784210 -0.416890 2
8.669230 8.178267 -0.784851 2
9.201489 4.448773 -0.786867 2
8.045953 3.393889 0.932813 2
8.045953 3.393889 0.932813 2
10.463346 8.262375 -0.384458 2
10.463346 8.262375 -0.384458 2
7.683022 1.961714 -1.443935 2
7.683022 1.961714 -1.443935 2
7.683022 1.961714 -1.443935 2
8.930784 4.625054 -1.181540 2
8.930784 4.625054 -1.181540 2
6.965693 2.694482 -0.963272 2
6.965693 2.694482 -0.963272 2
9.366195 5.103387 -0.179440 2
8.575426 4.388541 -1.075603 2
8.575426 4.388541 -1.075603 2
7.850192 2.655936 -0.104887 2
7.850192 2.655936 -0.104887 2
9.100203 7.551394 1.005297 2
9.100203 7.551394 1.005297 2
7.442879 2.886720 -0.876063 2
9.799438 5.724346 -0.477944 2
9.799438 5.724346 -0.477944 2
8.493121 4.628556 -1.067633 2
8.493121 4.628556 -1.067633 2
7.633537 2.802452 0.670783 2
7.633537 2.802452 0.670783 2
7.633537 2.802452 0.670783 2
8.557101 4.080440 -1.049438 2
8.557101 4.080440 -1.049438 2
7.325288 2.208441 -1.292183 2
7.325288 2.208441 -1.292183 2
8.703881 4.550270 -0.476324 2
8.703881 4.550270 -0.476324 2
7.772343 2.942783 -0.454150 2
8.448875 6.480927 0.664569 2
8.448875 6.480927 0.664569 2
8.589116 3.917060 -0.863421 2
8.589116 3.917060 -0.863421 2
7.659094 3.291462 0.116622 2
7.659094 3.291462 0.116622 2
8.783356 5.023652 -0.723903 2
8.709388 3.780052 -0.882887 2
8.709388 3.780052 -0.882887 2
8.965368 3.607375 -0.484596 2
8.965368 3.607375 -0.484596 2
9.416047 3.891783 -0.366041 2
9.416047 3.891783 -0.366041 2
7.166431 2.999856 1.054049 2
8.016058 6.642191 0.797672 2
8.016058 6.642191 0.797672 2
8.452695 3.745270 -1.001504 2
8.452695 3.745270 -1.001504 2
9.920211 6.582020 -0.345552 2
9.288085 6.763628 1.243728 2
8.801243 4.589611 -0.437758 2
8.067643 3.017864 -1.773062 2
8.067643 3.017864 -1.773062 2
9.539458 6.665905 -0.509838 2
9.539458 6.665905 -0.509838 2
8.401968 3.837686 -0.912943 2
8.401968 3.837686 -0.912943 2
9.950902 5.804749 -0.507505 2
9.950902 5.804749 -0.507505 2
9.907130 7.124372 0.310780 2
9.907130 7.124372 0.310780 2
8.062950 4.823185 -1.106203 2
7.124166 2.113019 -0.361063 2
9.257922 6.259069 -0.407472 2
8.277378 4.043759 -0.794205 2
8.277378 4.043759 -0.794205 2
7.587794 2.986837 1.107406 2
9.179900 6.523428 0.009804 2
9.179900 6.523428 0.009804 2
8.292393 3.856216 -0.817198 2
8.292393 3.856216 -0.817198 2
7.534911 1.425558 -0.507777 2
7.534911 1.425558 -0.507777 2
8.092103 5.057300 -0.537252 2
8.933596 5.360327 -0.426347 2
7.527763 3.529474 -1.194607 2
9.353718 6.403732 -0.433660 2
9.353718 6.403732 -0.433660 2
8.506251 5.505103 -0.046833 2
7.294961 3.654660 -0.527323 2
7.294961 3.654660 -0.527323 2
10.092505 7.094531 0.274179 2
10.092505 7.094531 0.274179 2
7.781527 3.171165 -1.110752 2
7.781527 3.171165 -1.110752 2
8.160656 6.107148 0.455978 2
9.715020 4.534122 -0.374318 2
9.715020 4.534122 -0.374318 2
6.882083 4.948443 -1.136050 2
6.882083 4.948443 -1.136050 2
6.559439 7.037494 0.816082 2
6.559439 7.037494 0.816082 2
2.272332 3.281091 -1.153590 2
2.451056 6.505404 -1.023383 2
2.451056 6.505404 -1.023383 2
1.174111 2.492831 -0.911436 2
1.174111 2.492831 -0.911436 2
1.394862 7.110741 -1.318915 2
1.394862 7.110741 -1.318915 2
0.602342 2.395007 -1.426435 2
-0.181064 4.618305 0.203182 2
-0.181064 4.618305 0.203182 2
1.102766 4.981783 -0.597533 2
1.102766 4.981783 -0.597533 2
2.711318 6.760940 -1.214262 2
2.711318 6.760940 -1.214262 2
-0.413475 2.194594 -1.162158 2
-0.369766 2.871343 0.096372 2
-0.369766 2.871343 0.096372 2
-0.785451 3.085012 -0.388113 2
-0.785451 3.085012 -0.388113 2
-0.485831 3.307468 -1.016308 2
-0.485831 3.307468 -1.016308 2
-0.266988 3.482447 -0.821290 2
0.473319 2.767234 -1.254481 2
0.473319 2.767234 -1.254481 2
0.075149 1.934617 -1.317713 2
0.075149 1.934617 -1.317713 2
0.075149 1.934617 -1.317713 2
0.075149 1.934617 -1.317713 2
1.428220 3.939398 -1.211769 2
0.888970 5.225212 -0.832200 2
0.888970 5.225212 -0.832200 2
0.888970 5.225212 -0.832200 2
0.888970 5.225212 -0.832200 2
-0.442897 3.186297 0.156649 2
-0.442897 3.186297 0.156649 2
0.504878 3.820526 -1.040367 2
0.067899 3.478733 -1.711632 2
0.067899 3.478733 -1.711632 2
-0.776540 6.700257 -0.161330 2
-0.776540 6.700257 -0.161330 2
1.124212 5.008779 0.281229 2
1.124212 5.008779 0.281229 2
-0.371252 3.410912 0.334321 2
-0.371252 3.410912 0.334321 2
1.796065 5.723059 -0.388016 2
0.170232 4.260942 -0.932075 2
0.170232 4.260942 -0.932075 2
1.584969 4.981487 -0.855958 2
1.584969 4.981487 -0.855958 2
0.509709 7.062564 -0.179640 2
0.383127 4.006768 -1.020264 2
0.383127 4.006768 -1.020264 2
1.353030 4.855993 -0.319193 2
1.353030 4.855993 -0.319193 2
1.353030 4.855993 -0.319193 2
1.353030 4.855993 -0.319193 2
-0.372954 3.090770 0.220569 2
-0.360390 3.790789 -0.247807 2
-0.360390 3.790789 -0.247807 2
0.803109 3.948835 -1.517355 2
0.803109 3.948835 -1.517355 2
0.803109 3.948835 -1.517355 2
0.803109 3.948835 -1.517355 2
0.887050 3.703815 -1.414950 2
-0.209389 2.303412 -1.514598 2
-0.209389 2.303412 -1.514598 2
0.614550 4.057984 -0.838754 2
0.614550 4.057984 -0.838754 2
0.833474 3.619936 -1.055801 2
0.833474 3.619936 -1.055801 2
1.707083 2.355334 -0.479238 2
0.478581 3.491619 -0.321572 2
0.478581 3.491619 -0.321572 2
0.104740 3.567473 -1.122357 2
0.104740 3.567473 -1.122357 2
-0.055341 4.043350 -0.625468 2
-0.055341 4.043350 -0.625468 2
-1.777837 4.308414 1.696113 2
-0.175247 2.493646 -1.566543 2
-0.175247 2.493646 -1.566543 2
-0.084384 3.993066 0.020051 2
-0.084384 3.993066 0.020051 2
0.087307 3.778884 -1.140634 2
0.087307 3.778884 -1.140634 2
0.722889 3.876373 -0.486885 2
-0.143628 4.132798 -0.772112 2
-0.143628 4.132798 -0.772112 2
-0.243339 3.005291 -1.381012 2
-0.243339 3.005291 -1.381012 2
0.458192 3.604977 -0.341142 2
0.458192 3.604977 -0.341142 2
0.830833 3.753174 -1.125230 2
-0.646871 2.992962 -0.655429 2
-0.646871 2.992962 -0.655429 2
0.198704 3.796287 -0.993977 2
0.198704 3.796287 -0.993977 2
-0.146114 3.027585 -1.399127 2
-0.146114 3.027585 -1.399127 2
0.905945 3.896481 -1.068684 2
2.854298 4.387619 -0.714390 2
7.274036 5.391880 -1.213019 2
9.557714 1.321542 -1.347075 2
9.557714 1.321542 -1.347075 2
11.481729 5.430062 -0.169413 2
11.481729 5.430062 -0.169413 2
14.744695 3.887769 -1.687553 2
17.688423 -0.848958 -3.398034 2
17.688423 -0.848958 -3.398034 2
17.688423 -0.848958 -3.398034 2
17.688423 -0.848958 -3.398034 2
15.280957 2.614310 -1.866042 2
15.280957 2.614310 -1.866042 2
15.280957 2.614310 -1.866042 2
15.280957 2.614310 -1.866042 2
15.280957 2.614310 -1.866042 2
14.237819 4.029620 -1.086832 2
14.237819 4.029620 -1.086832 2
14.237819 4.029620 -1.086832 2
14.237819 4.029620 -1.086832 2
15.819437 4.226807 -0.907284 2
15.819437 4.226807 -0.907284 2
15.819437 4.226807 -0.907284 2
15.819437 4.226807 -0.907284 2
15.819437 4.226807 -0.907284 2
15.870883 4.404267 -0.841737 2
15.870883 4.404267 -0.841737 2
15.870883 4.404267 -0.841737 2
15.870883 4.404267 -0.841737 2
15.870883 4.404267 -0.841737 2
15.414605 3.640335 -1.317719 2
15.414605 3.640335 -1.317719 2
14.894858 2.998147 -0.840332 2
15.673467 3.920366 -1.062869 2
15.715429 3.946421 -0.883500 2
15.715429 3.946421 -0.883500 2
15.715429 3.946421 -0.883500 2
15.715429 3.946421 -0.883500 2
15.715429 3.946421 -0.883500 2
15.025690 3.578198 -0.710971 2
15.025690 3.578198 -0.710971 2
15.025690 3.578198 -0.710971 2
15.376738 4.011050 -1.031013 2
15.376738 4.011050 -1.031013 2
16.099936 4.085701 -0.891700 2
16.099936 4.085701 -0.891700 2
16.099936 4.085701 -0.891700 2
16.099936 4.085701 -0.891700 2
15.075822 3.834547 -1.056514 2
15.075822 3.834547 -1.056514 2
15.075822 3.834547 -1.056514 2
15.397566 3.535987 -0.849823 2
15.397566 3.535987 -0.849823 2
14.900627 3.271723 -1.298087 2
14.900627 3.271723 -1.298087 2
15.029302 3.399336 -0.962411 2
15.029302 3.399336 -0.962411 2
15.029302 3.399336 -0.962411 2
16.020531 3.922553 -0.854132 2
16.020531 3.922553 -0.854132 2
16.020531 3.922553 -0.854132 2
16.020531 3.922553 -0.854132 2
14.972493 3.630610 -0.640203 2
14.972493 3.630610 -0.640203 2
15.098174 3.997804 -1.540382 2
15.268912 4.176205 -0.675782 2
15.268912 4.176205 -0.675782 2
16.092810 3.976283 -1.068464 2
16.092810 3.976283 -1.068464 2
16.092810 3.976283 -1.068464 2
15.474839 4.199993 -1.133098 2
15.474839 4.199993 -1.133098 2
15.072121 3.852092 -1.111676 2
15.072121 3.852092 -1.111676 2
15.320757 3.763272 -0.976961 2
15.320757 3.763272 -0.976961 2
15.700245 4.032261 -0.820310 2
15.700245 4.032261 -0.820310 2
15.700245 4.032261 -0.820310 2
15.700245 4.032261 -0.820310 2
14.193792 3.749687 -0.419469 2
14.193792 3.749687 -0.419469 2
14.193792 3.749687 -0.419469 2
14.889119 3.713497 -1.207880 2
16.140972 3.868054 -0.968758 2
16.140972 3.868054 -0.968758 2
16.140972 3.868054 -0.968758 2
16.140972 3.868054 -0.968758 2
15.410892 4.030561 -0.853589 2
15.410892 4.030561 -0.853589 2
15.410892 4.030561 -0.853589 2
15.410892 4.030561 -0.853589 2
15.410892 4.030561 -0.853589 2
14.856544 4.144239 -0.893237 2
15.427488 4.033689 -1.522083 2
14.845605 3.372411 -0.662565 2
14.845605 3.372411 -0.662565 2
15.462598 3.729205 -0.735540 2
15.687207 3.751519 -0.787152 2
15.687207 3.751519 -0.787152 2
15.687207 3.751519 -0.787152 2
15.687207 3.751519 -0.787152 2
5.579392 2.025358 0.770132 2
5.579392 2.025358 0.770132 2
3.156210 5.492521 -0.102421 2
3.859539 2.802435 -0.086777 2
0.955523 0.677446 -0.433206 2
0.551609 4.720740 0.313428 2
-0.414337 5.154511 -0.748144 2
0.063750 3.345322 -1.540113 2
0.063750 3.345322 -1.540113 2
0.791953 2.296509 -1.598979 2
-0.011022 2.978542 -1.356589 2
-0.309743 2.784723 -1.063048 2
-0.338430 3.675687 -1.785183 2
0.588002 4.966202 -0.936166 2
0.965988 4.685410 -0.891054 2
0.965988 4.685410 -0.891054 2
-0.056562 3.763088 -1.646498 2
-0.056562 3.763088 -1.646498 2
-0.011058 4.630652 -0.877559 2
-0.237722 2.416497 -1.328813 2
-0.119927 2.614798 -1.143550 2
0.151000 3.954955 -1.250909 2
0.151000 3.954955 -1.250909 2
1.192218 4.334450 -0.545454 2
-0.348762 3.034269 -1.378108 2
-0.092316 2.798677 -1.003352 2
0.256683 4.196349 -0.961299 2
0.256683 4.196349 -0.961299 2
1.153755 3.945613 -0.575058 2
1.153755 3.945613 -0.575058 2
0.313387 4.346848 -0.236671 2
2.010262 6.248521 -0.650932 2
-0.183289 4.746540 -1.287912 2
0.066585 3.411326 -1.270378 2
-0.757710 2.997533 -0.538284 2
0.455865 4.550244 -0.725721 2
0.455865 4.550244 -0.725721 2
-0.951280 5.118095 1.188927 2
2.422596 7.099131 0.980437 2
-0.618841 3.170109 -0.541313 2
0.335362 4.258874 -0.229244 2
0.335362 4.258874 -0.229244 2
0.745565 4.476317 -1.421619 2
-0.091852 3.017707 -0.949736 2
0.187266 4.004318 -0.415138 2
2.299011 7.533304 -0.476640 2
1.989905 6.204512 -1.167212 2
-0.022007 2.694508 -1.011131 2
-0.167904 2.782306 -0.958852 2
0.418048 3.895739 -0.951740 2
0.185680 4.473002 -0.745621 2
1.205675 4.199845 -0.878022 2
-0.783425 2.734988 -1.428465 2
-0.007712 2.966274 -0.525524 2
0.801852 4.003438 -0.562810 2
0.801852 4.003438 -0.562810 2
0.357869 3.957932 -0.827883 2
0.357869 3.957932 -0.827883 2
0.404765 4.097905 -0.591826 2
2.068632 6.320488 -0.797766 2
-0.480622 5.465226 1.440771 2
0.057288 2.188509 -1.785285 2
-0.671520 2.513783 -0.500892 2
0.283302 4.346625 -0.890262 2
0.283302 4.346625 -0.890262 2
0.852177 3.943432 -1.285124 2
-0.011324 2.974404 -1.159897 2
-0.126376 2.570253 -0.768969 2
0.362792 4.459729 0.019575 2
0.362792 4.459729 0.019575 2
0.496387 4.564911 -0.890041 2
0.496387 4.564911 -0.890041 2
0.260025 3.884093 -0.824537 2
2.012017 7.165582 -0.516125 2
1.119718 4.375670 -0.550105 2
-0.370069 3.079101 -1.367584 2
-0.129381 2.913701 -0.939398 2
-0.038196 4.146060 -0.921151 2
-0.038196 4.146060 -0.921151 2
1.180883 4.107639 -0.855487 2
-0.546139 2.704202 -1.150341 2
-0.026995 2.766075 -0.989793 2
1.023928 4.234799 -0.588760 2
1.023928 4.234799 -0.588760 2
-0.171405 3.371530 -0.637677 2
-0.171405 3.371530 -0.637677 2
0.074884 3.740390 -0.934836 2
0.146079 3.544392 -1.056105 2
0.691923 4.009137 -0.630697 2
0.691923 4.009137 -0.630697 2
0.691923 4.009137 -0.630697 2
-0.435499 3.437232 -0.893633 2
-0.435499 3.437232 -0.893633 2
0.215968 4.454505 -0.801138 2
0.155834 3.886261 -0.608277 2
0.160328 3.962448 -0.652844 2
1.467875 6.428907 -0.706961 2
2.270050 6.604812 0.119049 2
3.041882 2.659856 -1.483784 2
3.041882 2.659856 -1.483784 2
8.595626 3.511460 0.024199 2
10.457298 8.036957 0.061130 2
10.457298 8.036957 0.061130 2
14.259575 3.436827 1.002413 2
14.259575 3.436827 1.002413 2
14.259575 3.436827 1.002413 2
13.692726 10.008073 0.762161 2
15.804542 3.227874 -1.989121 2
15.804542 3.227874 -1.989121 2
15.804542 3.227874 -1.989121 2
15.804542 3.227874 -1.989121 2
15.288715 3.970414 -1.652216 2
15.936584 4.148806 -1.213589 2
15.936584 4.148806 -1.213589 2
15.936584 4.148806 -1.213589 2
15.936584 4.148806 -1.213589 2
15.936584 4.148806 -1.213589 2
15.936584 4.148806 -1.213589 2
15.936584 4.148806 -1.213589 2
15.936584 4.148806 -1.213589 2
15.936584 4.148806 -1.213589 2
15.936584 4.148806 -1.213589 2
15.936584 4.148806 -1.213589 2
15.936584 4.148806 -1.213589 2
15.936584 4.148806 -1.213589 2
15.936584 4.148806 -1.213589 2
15.936584 4.148806 -1.213589 2
15.936584 4.148806 -1.213589 2
15.936584 4.148806 -1.213589 2
15.936584 4.148806 -1.213589 2
15.936584 4.148806 -1.213589 2
15.936584 4.148806 -1.213589 2
15.936584 4.148806 -1.213589 2
15.936584 4.148806 -1.213589 2
15.936584 4.148806 -1.213589 2
15.936584 4.148806 -1.213589 2
15.936584 4.148806 -1.213589 2
15.936584 4.148806 -1.213589 2
15.936584 4.148806 -1.213589 2
15.936584 4.148806 -1.213589 2
15.936584 4.148806 -1.213589 2
15.936584 4.148806 -1.213589 2
15.936584 4.148806 -1.213589 2
15.936584 4.148806 -1.213589 2
15.936584 4.148806 -1.213589 2
15.936584 4.148806 -1.213589 2
15.936584 4.148806 -1.213589 2
15.936584 4.148806 -1.213589 2
15.936584 4.148806 -1.213589 2
15.936584 4.148806 -1.213589 2
15.936584 4.148806 -1.213589 2
15.936584 4.148806 -1.213589 2
15.936584 4.148806 -1.213589 2
15.936584 4.148806 -1.213589 2
15.936584 4.148806 -1.213589 2
15.936584 4.148806 -1.213589 2
15.936584 4.148806 -1.213589 2
15.936584 4.148806 -1.213589 2
15.936584 4.148806 -1.213589 2
15.936584 4.148806 -1.213589 2
15.936584 4.148806 -1.213589 2
15.936584 4.148806 -1.213589 2
15.936584 4.148806 -1.213589 2
15.936584 4.148806 -1.213589 2
15.936584 4.148806 -1.213589 2
14.668427 3.802941 -0.486901 2
14.749535 4.379433 -0.868818 2
14.650330 3.881604 -0.913548 2
15.328159 3.697155 -0.900353 2
15.328159 3.697155 -0.900353 2
15.310797 4.336679 -1.040598 2
15.842329 4.016744 -1.107037 2
15.842329 4.016744 -1.107037 2
15.842329 4.016744 -1.107037 2
15.842329 4.016744 -1.107037 2
14.945596 4.304386 -1.180653 2
14.945596 4.304386 -1.180653 2
15.252362 3.745319 -1.548687 2
14.246014 3.748163 -0.704765 2
14.919213 4.053660 -0.686369 2
15.886948 4.088696 -0.726398 2
15.886948 4.088696 -0.726398 2
15.886948 4.088696 -0.726398 2
15.886948 4.088696 -0.726398 2
15.056825 4.256645 -0.661611 2
14.359060 3.928150 -0.455209 2
15.052952 3.733053 -0.574513 2
15.102593 4.050730 -1.299208 2
15.193933 4.280010 -1.110131 2
16.037573 4.225671 -0.999138 2
16.037573 4.225671 -0.999138 2
16.037573 4.225671 -0.999138 2
16.037573 4.225671 -0.999138 2
14.813560 4.228822 -1.109526 2
15.213142 3.994357 -1.407084 2
15.213142 3.994357 -1.407084 2
15.213142 3.994357 -1.407084 2
15.213142 3.994357 -1.407084 2
12.071834 3.929538 -1.419653 2
12.071834 3.929538 -1.419653 2
4.398969 4.063687 1.055978 2
4.398969 4.063687 1.055978 2
3.152598 2.988793 -0.035646 2
1.950514 4.089013 -0.661736 2
1.950514 4.089013 -0.661736 2
2.715028 2.429462 -0.736341 2
1.636470 4.210139 -0.777108 2
2.317977 0.297628 -1.526744 2
-2.125640 4.521217 -0.358579 2
-0.120204 3.347264 -1.629968 2
0.194084 2.991356 -1.290385 2
0.194084 2.991356 -1.290385 2
3.249246 -0.735185 -2.724267 2
3.249246 -0.735185 -2.724267 2
0.330548 3.776406 -0.275029 2
0.619388 5.639780 -1.340795 2
0.082005 3.907832 -0.251652 2
0.259551 3.234352 -0.561622 2
0.259551 3.234352 -0.561622 2
-0.427771 4.271741 -0.834159 2
0.811468 4.297088 -0.388820 2
-0.249196 2.643753 -1.551116 2
-0.008817 2.302864 -1.223597 2
-0.267049 4.482898 -0.232339 2
-0.267049 4.482898 -0.232339 2
-0.061566 3.807123 -0.736750 2
-0.719713 2.924078 -1.005957 2
-0.116403 3.621999 -1.135617 2
-0.190837 3.582228 -0.848850 2
0.095624 3.655030 -0.998302 2
-0.090177 3.041706 -1.584248 2
-0.292632 2.801924 -0.597737 2
-0.276916 4.413294 -1.075263 2
0.197467 4.598398 -1.154491 2
0.197467 4.598398 -1.154491 2
-0.064224 2.988470 -0.984146 2
0.096880 3.839000 -0.606356 2
0.096880 3.839000 -0.606356 2
0.205778 3.417824 -1.264511 2
0.205778 3.417824 -1.264511 2
-0.169408 3.658342 -0.829798 2
0.109266 3.699598 -1.374258 2
-0.294489 4.193976 -1.046633 2
0.666926 3.390823 -1.074889 2
-0.385934 2.865330 -0.883917 2
0.090516 3.862111 -0.443247 2
0.090516 3.862111 -0.443247 2
0.052149 3.998092 -1.566659 2
-0.164008 3.316643 -1.398111 2
-0.682836 2.896020 -0.597347 2
0.009153 3.781980 -0.938359 2
0.403019 4.200429 -1.162474 2
0.607631 3.924024 -1.103578 2
0.607631 3.924024 -1.103578 2
-0.053616 3.559043 0.248757 2
0.445967 4.090283 0.248454 2
-0.491206 4.238886 -1.134397 2
-0.293099 2.744549 -1.250800 2
-0.236393 3.039121 -0.838580 2
0.281557 3.834637 -0.760699 2
0.281557 3.834637 -0.760699 2
0.701057 3.584613 -1.158328 2
-0.690765 2.719813 -1.179447 2
-2.258883 5.678551 -0.822693 2
0.824826 3.504081 -0.502067 2
-0.577868 4.785351 -1.757286 2
-0.088281 3.216892 -1.027722 2
-0.088281 3.216892 -1.027722 2
-0.174699 3.705606 -1.069008 2
0.164761 3.393037 -1.149933 2
0.027700 4.028234 -1.443566 2
-0.207504 2.555488 -1.346077 2
-2.521953 5.959489 -0.442554 2
0.087666 3.949959 -0.200391 2
0.087666 3.949959 -0.200391 2
-0.416060 3.229558 -1.052863 2
-0.179133 3.167787 -0.814945 2
0.083257 3.618712 -1.186521 2
-0.560018 3.640522 -0.817451 2
0.539069 3.781432 -0.997221 2
-0.316734 2.826005 -1.592260 2
-0.316734 2.826005 -1.592260 2
0.717129 3.719306 -0.266980 2
0.717129 3.719306 -0.266980 2
-0.205762 3.508214 -1.069738 2
-0.444867 3.329080 -0.486043 2
-0.167487 3.750389 -1.125979 2
0.136027 3.249009 -1.173177 2
0.136027 3.249009 -1.173177 2
0.005635 2.839912 -1.698454 2
0.473876 3.508518 0.147925 2
0.077299 3.847166 -0.146152 2
0.077299 3.847166 -0.146152 2
-0.051966 4.001940 -0.828473 2
0.050458 3.411585 -0.907155 2
-0.041054 3.686913 -1.037369 2
-0.431612 3.268564 -0.622189 2
-0.431612 3.268564 -0.622189 2
2.930221 2.699780 -1.514902 2
7.246111 3.131958 -0.853353 2
8.341161 3.978205 -0.099357 2
11.307493 7.971334 -0.205014 2
11.307493 7.971334 -0.205014 2
19.684753 1.540905 -0.788414 2
19.684753 1.540905 -0.788414 2
24.074512 3.061508 -0.355542 2
24.074512 3.061508 -0.355542 2
24.074512 3.061508 -0.355542 2
24.074512 3.061508 -0.355542 2
24.074512 3.061508 -0.355542 2
24.074512 3.061508 -0.355542 2
24.074512 3.061508 -0.355542 2
24.074512 3.061508 -0.355542 2
24.074512 3.061508 -0.355542 2
24.074512 3.061508 -0.355542 2
24.776613 5.391757 -0.486072 2
24.776613 5.391757 -0.486072 2
24.776613 5.391757 -0.486072 2
24.776613 5.391757 -0.486072 2
24.776613 5.391757 -0.486072 2
24.776613 5.391757 -0.486072 2
24.776613 5.391757 -0.486072 2
24.776613 5.391757 -0.486072 2
24.776613 5.391757 -0.486072 2
24.776613 5.391757 -0.486072 2
24.776613 5.391757 -0.486072 2
25.359638 5.320678 -0.271427 2
25.359638 5.320678 -0.271427 2
25.359638 5.320678 -0.271427 2
25.359638 5.320678 -0.271427 2
25.359638 5.320678 -0.271427 2
25.359638 5.320678 -0.271427 2
25.359638 5.320678 -0.271427 2
25.428911 5.296016 0.235020 2
25.428911 5.296016 0.235020 2
25.428911 5.296016 0.235020 2
25.428911 5.296016 0.235020 2
25.428911 5.296016 0.235020 2
25.428911 5.296016 0.235020 2
25.428911 5.296016 0.235020 2
25.428911 5.296016 0.235020 2
25.428911 5.296016 0.235020 2
25.428911 5.296016 0.235020 2
25.428911 5.296016 0.235020 2
25.428911 5.296016 0.235020 2
25.428911 5.296016 0.235020 2
25.428911 5.296016 0.235020 2
25.428911 5.296016 0.235020 2
25.428911 5.296016 0.235020 2
25.428911 5.296016 0.235020 2
25.428911 5.296016 0.235020 2
25.428911 5.296016 0.235020 2
25.428911 5.296016 0.235020 2
25.428911 5.296016 0.235020 2
25.428911 5.296016 0.235020 2
25.428911 5.296016 0.235020 2
25.428911 5.296016 0.235020 2
25.428911 5.296016 0.235020 2
25.428911 5.296016 0.235020 2
25.428911 5.296016 0.235020 2
25.428911 5.296016 0.235020 2
25.428911 5.296016 0.235020 2
25.428911 5.296016 0.235020 2
25.428911 5.296016 0.235020 2
25.428911 5.296016 0.235020 2
25.428911 5.296016 0.235020 2
25.428911 5.296016 0.235020 2
25.428911 5.296016 0.235020 2
25.428911 5.296016 0.235020 2
25.428911 5.296016 0.235020 2
25.428911 5.296016 0.235020 2
25.428911 5.296016 0.235020 2
25.428911 5.296016 0.235020 2
25.428911 5.296016 0.235020 2
25.428911 5.296016 0.235020 2
25.428911 5.296016 0.235020 2
25.428911 5.296016 0.235020 2
25.428911 5.296016 0.235020 2
25.428911 5.296016 0.235020 2
25.428911 5.296016 0.235020 2
25.428911 5.296016 0.235020 2
25.428911 5.296016 0.235020 2
25.428911 5.296016 0.235020 2
25.428911 5.296016 0.235020 2
25.428911 5.296016 0.235020 2
25.428911 5.296016 0.235020 2
25.428911 5.296016 0.235020 2
25.428911 5.296016 0.235020 2
25.428911 5.296016 0.235020 2
25.428911 5.296016 0.235020 2
25.428911 5.296016 0.235020 2
25.428911 5.296016 0.235020 2
25.296545 5.307156 0.122767 2
25.296545 5.307156 0.122767 2
25.296545 5.307156 0.122767 2
25.296545 5.307156 0.122767 2
25.296545 5.307156 0.122767 2
25.296545 5.307156 0.122767 2
21.199694 4.499985 0.022638 2
21.199694 4.499985 0.022638 2
21.199694 4.499985 0.022638 2
21.199694 4.499985 0.022638 2
11.921550 4.465662 0.667149 2
7.433315 8.256639 0.361662 2
8.884166 11.541856 -0.975076 2
5.810768 3.378667 0.145317 2
5.810768 3.378667 0.145317 2
5.810768 3.378667 0.145317 2
-0.650556 5.762196 -1.250245 2
-0.650556 5.762196 -1.250245 2
0.753254 2.115602 -1.837927 2
0.753254 2.115602 -1.837927 2
3.510283 -1.221792 -2.942151 2
-2.661111 5.890621 -0.812040 2
0.484711 3.790082 -0.288911 2
0.839449 5.968119 -1.425709 2
0.018156 3.778818 0.318057 2
-0.088714 3.794772 -0.375473 2
-0.207956 3.410980 -1.686768 2
-0.630117 4.280731 -1.142278 2
0.915773 4.103483 1.374000 2
-0.465444 2.707826 -1.738761 2
0.136022 2.369897 -1.403315 2
0.295022 3.490834 -0.229922 2
0.295022 3.490834 -0.229922 2
0.474786 3.578049 -0.601870 2
-0.337093 2.711819 -0.994739 2
0.026664 4.006164 -1.192429 2
0.026664 4.006164 -1.192429 2
0.116284 3.853333 -1.427010 2
-0.067933 3.196290 -1.510635 2
-0.480792 3.092545 -0.812939 2
-0.367474 4.003312 -1.187037 2
0.262815 4.223722 -0.974656 2
0.853759 3.718883 -0.784064 2
-0.051833 2.871977 -1.082049 2
-0.186949 3.873128 -0.824255 2
-0.186949 3.873128 -0.824255 2
-1.524901 3.640530 1.361520 2
-0.440264 2.933761 -1.427181 2
-0.556528 2.404757 -0.835216 2
0.332672 3.285055 -0.271894 2
-0.487575 4.150434 -1.041361 2
0.646937 3.477960 -0.993339 2
-0.514492 2.982034 -0.903385 2
-0.419020 5.287987 0.447083 2
0.359140 3.147594 -0.601768 2
0.359140 3.147594 -0.601768 2
-0.084317 3.338569 -1.222288 2
-1.123185 2.773790 -0.715457 2
-0.244381 4.148911 -0.085483 2
0.379799 3.495500 -1.034791 2
0.155785 3.220349 -1.204237 2
-0.952832 2.801300 -1.140377 2
-3.710394 6.643968 -0.619063 2
-0.350907 4.058767 -0.027331 2
-0.930507 3.180027 -0.008272 2
-0.319880 2.934060 -1.244908 2
-0.654111 3.560333 -0.563196 2
-0.084075 3.390377 -0.571040 2
-0.369185 3.674650 -0.960781 2
0.338646 3.587893 -0.882623 2
-0.925478 2.749301 -1.654148 2
-2.488697 5.205572 -0.694145 2
0.548577 3.606648 -0.146705 2
-0.684308 5.490571 0.227095 2
-0.142497 3.365695 -1.144461 2
-0.685766 3.431741 -0.328591 2
-0.319864 4.192004 -0.014757 2
-0.012972 3.138493 -0.987504 2
-0.069634 3.425753 -1.613168 2
-0.679373 2.767864 -1.356078 2
0.188308 3.350950 0.363374 2
-0.540482 3.739632 -0.494462 2
-0.540482 3.739632 -0.494462 2
-0.250496 3.544100 -1.131913 2
-0.699106 3.592007 -0.353707 2
-0.699106 3.592007 -0.353707 2
-0.592665 3.381467 -0.791983 2
0.491814 3.604081 -0.944900 2
-0.632809 3.024548 -1.356158 2
-0.632809 3.024548 -1.356158 2
-0.632809 3.024548 -1.356158 2
-1.834715 3.828981 -0.067485 2
0.076668 3.492960 -0.681309 2
-1.172261 2.966499 -0.978614 2
-0.349294 4.024978 -0.307516 2
-0.562264 2.481586 -0.978117 2
-1.879747 1.908867 0.681109 2
-0.233978 3.143497 -1.408688 2
-0.650560 4.338363 -0.047676 2
-0.701036 3.924707 -0.504300 2
-0.606474 2.809993 -1.129325 2
0.263947 2.566998 -1.164928 2
-0.732854 2.768262 -1.017492 2
0.547326 4.363727 0.132327 2
-0.333445 2.144203 0.090644 2
0.323595 4.067117 1.155835 2
2.773133 2.324145 -1.462304 2
5.718717 1.453865 -1.186559 2
8.641322 4.934453 0.319994 2
10.893828 7.799219 1.301087 2
16.455750 6.729706 -0.681808 2
19.429007 1.677895 -1.486966 2
19.429007 1.677895 -1.486966 2
19.429007 1.677895 -1.486966 2
19.429007 1.677895 -1.486966 2
19.429007 1.677895 -1.486966 2
24.610401 1.614561 -3.230521 2
24.610401 1.614561 -3.230521 2
24.610401 1.614561 -3.230521 2
24.610401 1.614561 -3.230521 2
23.564114 3.026214 -1.294646 2
23.564114 3.026214 -1.294646 2
23.564114 3.026214 -1.294646 2
24.737612 6.264874 0.069868 2
24.737612 6.264874 0.069868 2
24.737612 6.264874 0.069868 2
24.737612 6.264874 0.069868 2
24.737612 6.264874 0.069868 2
24.737612 6.264874 0.069868 2
24.737612 6.264874 0.069868 2
24.737612 6.264874 0.069868 2
24.737612 6.264874 0.069868 2
24.737612 6.264874 0.069868 2
24.737612 6.264874 0.069868 2
24.737612 6.264874 0.069868 2
24.737612 6.264874 0.069868 2
24.737612 6.264874 0.069868 2
24.737612 6.264874 0.069868 2
23.527309 6.444415 0.248524 2
23.527309 6.444415 0.248524 2
23.527309 6.444415 0.248524 2
23.527309 6.444415 0.248524 2
23.527309 6.444415 0.248524 2
23.527309 6.444415 0.248524 2
23.527309 6.444415 0.248524 2
23.527309 6.444415 0.248524 2
23.527309 6.444415 0.248524 2
23.527309 6.444415 0.248524 2
23.527309 6.444415 0.248524 2
23.527309 6.444415 0.248524 2
23.527309 6.444415 0.248524 2
23.527309 6.444415 0.248524 2
24.372442 4.847431 -0.693016 2
24.372442 4.847431 -0.693016 2
24.372442 4.847431 -0.693016 2
24.372442 4.847431 -0.693016 2
24.372442 4.847431 -0.693016 2
24.372442 4.847431 -0.693016 2
24.372442 4.847431 -0.693016 2
24.372442 4.847431 -0.693016 2
24.372442 4.847431 -0.693016 2
24.758038 4.499792 -1.088883 2
24.758038 4.499792 -1.088883 2
24.758038 4.499792 -1.088883 2
24.758038 4.499792 -1.088883 2
24.758038 4.499792 -1.088883 2
24.758038 4.499792 -1.088883 2
24.758038 4.499792 -1.088883 2
24.758038 4.499792 -1.088883 2
24.758038 4.499792 -1.088883 2
24.337400 4.059657 -1.464522 2
24.337400 4.059657 -1.464522 2
26.575624 6.530786 0.794878 2
24.502485 5.350710 0.185369 2
24.502485 5.350710 0.185369 2
24.502485 5.350710 0.185369 2
24.502485 5.350710 0.185369 2
24.502485 5.350710 0.185369 2
24.502485 5.350710 0.185369 2
24.687056 4.226497 -1.313778 2
24.687056 4.226497 -1.313778 2
25.884775 6.903793 1.296623 2
25.774279 6.442978 0.600610 2
25.774279 6.442978 0.600610 2
25.774279 6.442978 0.600610 2
25.774279 6.442978 0.600610 2
25.774279 6.442978 0.600610 2
25.684464 6.440873 0.968374 2
25.684464 6.440873 0.968374 2
25.684464 6.440873 0.968374 2
25.684464 6.440873 0.968374 2
24.724047 5.748006 0.332343 2
24.724047 5.748006 0.332343 2
24.724047 5.748006 0.332343 2
24.724047 5.748006 0.332343 2
24.724047 5.748006 0.332343 2
24.724047 5.748006 0.332343 2
24.724047 5.748006 0.332343 2
24.724047 5.748006 0.332343 2
24.724047 5.748006 0.332343 2
24.724047 5.748006 0.332343 2
24.724047 5.748006 0.332343 2
24.715282 5.003242 -0.638729 2
24.715282 5.003242 -0.638729 2
24.715282 5.003242 -0.638729 2
24.715282 5.003242 -0.638729 2
24.715282 5.003242 -0.638729 2
18.411089 4.293798 -0.214050 2
16.770037 6.566649 0.578929 2
16.770037 6.566649 0.578929 2
16.770037 6.566649 0.578929 2
7.479095 3.889241 -1.018644 2
3.355474 5.758698 0.546758 2
10.106115 -1.466905 0.118601 2
-0.295619 -2.819560 -1.233261 2
-0.295619 -2.819560 -1.233261 2
1.299816 0.288989 -1.616295 2
0.170103 2.254056 -0.536878 2
0.366854 3.141437 0.526772 2
-0.226993 3.433780 -0.217296 2
1.229296 2.638688 -0.941258 2
-1.033134 3.000773 -0.863863 2
0.125071 3.660394 -0.370682 2
0.087614 2.259096 0.034903 2
-2.386793 4.547809 0.886348 2
-0.387232 2.893632 -1.562351 2
-0.752487 2.228378 -0.957991 2
-0.841947 3.519640 -0.574410 2
-0.177577 4.134587 -0.703713 2
0.078639 3.247751 -0.756642 2
-0.377041 2.575298 -1.281093 2
-2.241207 4.507018 -0.620126 2
-0.718193 3.380158 -0.246720 2
-0.115711 4.637817 -0.703282 2
0.218240 2.937321 -1.204654 2
0.218240 2.937321 -1.204654 2
0.252467 3.302779 -0.256458 2
-0.539165 4.127908 -0.643366 2
0.455160 3.897499 -0.899421 2
-0.599998 3.015324 -1.569730 2
-0.803821 3.727513 -0.306735 2
0.361932 3.723999 0.002559 2
0.361932 3.723999 0.002559 2
-0.190472 3.276562 -0.979361 2
-1.191972 2.947681 -0.792551 2
-0.310313 3.423502 -0.532414 2
-0.713364 2.494677 -0.593617 2
0.034669 3.586400 -0.831365 2
-0.278646 3.256270 -1.485549 2
-0.237062 2.651530 -0.496464 2
-0.713128 3.649752 -0.607133 2
-0.713128 3.649752 -0.607133 2
0.507954 4.034530 -1.429548 2
-0.248661 2.905384 -1.072426 2
0.320897 3.611667 0.130052 2
-0.401891 2.158176 0.105781 2
0.783330 2.529671 -0.252333 2
-0.606400 3.143228 -1.407493 2
-0.232934 2.738980 -0.756660 2
-0.498159 3.836201 -0.649209 2
-0.604224 3.607889 -0.747584 2
0.774260 3.939056 -1.075238 2
-0.356761 2.955981 -0.913364 2
-0.492751 4.306723 0.169879 2
-0.041184 3.502806 -0.552558 2
-2.114296 4.016896 -0.024518 2
-0.220342 3.398151 -1.227742 2
-0.791920 2.517583 -0.583714 2
-0.183750 3.504544 -0.525470 2
-0.001105 3.435565 -0.799066 2
0.415944 3.355004 -1.003707 2
-0.549622 2.567470 -1.223159 2
-2.693208 5.161695 -0.701642 2
-0.189141 3.651519 0.167286 2
-1.562822 3.846754 0.031774 2
-0.581041 3.376844 -1.242139 2
-0.060689 3.380111 -1.052030 2
-0.437072 3.461037 -0.603085 2
-0.844137 2.790086 -0.692125 2
-1.188461 3.849233 0.042162 2
-0.698551 2.983623 -1.277651 2
0.437900 2.591231 -0.277989 2
-0.431161 3.773751 -0.685788 2
-1.934676 3.603701 -0.126238 2
0.471765 3.742031 -1.111530 2
-0.784198 2.932825 -0.822043 2
0.576073 4.089614 -0.071587 2
0.332010 3.859206 -0.306035 2
0.332010 3.859206 -0.306035 2
-0.252117 3.224939 -1.419560 2
-0.299227 3.186242 -0.186406 2
-0.491944 3.883200 -0.441832 2
0.066768 3.742650 -1.069036 2
0.395635 3.924567 -1.030668 2
-0.322450 2.869664 -1.020222 2
-0.543589 4.278647 0.069933 2
-0.367456 4.124627 0.012228 2
-0.786442 2.718793 -0.509353 2
-0.444983 3.069827 -1.274850 2
-0.272710 2.948313 -1.015850 2
-0.110048 3.435244 -0.545282 2
-0.603656 3.477499 -0.813298 2
0.508053 3.553550 -1.009311 2
-0.943640 2.687031 -1.165080 2
-3.003987 6.184297 -0.350542 2
1.330348 3.486705 -0.871112 2
2.099437 4.742775 -0.693573 2
8.431210 5.126036 -0.928623 2
12.801643 5.330032 -1.776938 2
12.801643 5.330032 -1.776938 2
14.639911 7.173357 0.763136 2
14.639911 7.173357 0.763136 2
14.639911 7.173357 0.763136 2
14.639911 7.173357 0.763136 2
14.639911 7.173357 0.763136 2
26.229958 5.295803 1.102132 2
26.229958 5.295803 1.102132 2
26.229958 5.295803 1.102132 2
26.229958 5.295803 1.102132 2
26.229958 5.295803 1.102132 2
26.229958 5.295803 1.102132 2
26.229958 5.295803 1.102132 2
26.229958 5.295803 1.102132 2
29.538080 5.828415 2.869919 2
29.538080 5.828415 2.869919 2
29.538080 5.828415 2.869919 2
29.538080 5.828415 2.869919 2
29.538080 5.828415 2.869919 2
29.538080 5.828415 2.869919 2
29.538080 5.828415 2.869919 2
29.538080 5.828415 2.869919 2
29.538080 5.828415 2.869919 2
29.538080 5.828415 2.869919 2
29.538080 5.828415 2.869919 2
29.538080 5.828415 2.869919 2
29.538080 5.828415 2.869919 2
31.688782 4.112144 0.814379 2
30.734869 5.047979 1.637491 2
30.734869 5.047979 1.637491 2
30.734869 5.047979 1.637491 2
30.689875 5.109918 1.440453 2
30.689875 5.109918 1.440453 2
30.916483 5.009202 1.495914 2
30.501776 5.801095 2.065878 2
30.501776 5.801095 2.065878 2
29.970264 5.968884 2.229735 2
29.970264 5.968884 2.229735 2
29.970264 5.968884 2.229735 2
29.970264 5.968884 2.229735 2
30.841963 5.017516 1.214126 2
30.841963 5.017516 1.214126 2
30.019308 5.727749 2.228756 2
30.019308 5.727749 2.228756 2
30.402658 4.882509 1.475796 2
30.735611 4.903426 1.371351 2
30.735611 4.903426 1.371351 2
29.945583 5.921661 2.163144 2
30.872198 5.100541 1.486675 2
30.036577 5.927415 2.208237 2
29.810774 6.045007 2.054097 2
29.810774 6.045007 2.054097 2
29.810774 6.045007 2.054097 2
29.810774 6.045007 2.054097 2
30.985212 4.897792 1.460684 2
30.985212 4.897792 1.460684 2
29.789179 5.960965 2.232697 2
29.789179 5.960965 2.232697 2
30.285416 4.994349 0.985645 2
30.761518 5.230731 1.345485 2
30.761518 5.230731 1.345485 2
30.606062 5.213511 1.619712 2
30.606062 5.213511 1.619712 2
30.606062 5.213511 1.619712 2
29.998848 6.011553 2.019567 2
29.998848 6.011553 2.019567 2
29.998848 6.011553 2.019567 2
29.998848 6.011553 2.019567 2
30.862947 4.959115 1.337435 2
29.958549 5.704973 2.184474 2
29.958549 5.704973 2.184474 2
29.958549 5.704973 2.184474 2
29.958549 5.704973 2.184474 2
30.454567 5.205219 1.538036 2
30.454567 5.205219 1.538036 2
31.220367 4.799581 1.050320 2
30.082548 5.862367 2.166569 2
30.082548 5.862367 2.166569 2
29.771799 6.103676 2.057895 2
29.771799 6.103676 2.057895 2
29.771799 6.103676 2.057895 2
29.771799 6.103676 2.057895 2
30.924103 5.188606 1.524237 2
30.924103 5.188606 1.524237 2
30.897102 4.802440 1.402665 2
30.897102 4.802440 1.402665 2
30.897102 4.802440 1.402665 2
30.846394 4.948742 1.358430 2
30.846394 4.948742 1.358430 2
30.950766 4.919562 1.422013 2
30.950766 4.919562 1.422013 2
30.327061 4.954858 1.254201 2
30.327061 4.954858 1.254201 2
30.327061 4.954858 1.254201 2
30.327061 4.954858 1.254201 2
30.327061 4.954858 1.254201 2
29.080160 5.123123 0.385323 2
29.080160 5.123123 0.385323 2
29.080160 5.123123 0.385323 2
21.183487 3.679596 0.486797 2
19.163729 3.004675 -0.155621 2
13.124014 6.578254 -0.706030 2
13.124014 6.578254 -0.706030 2
13.124014 6.578254 -0.706030 2
8.710771 2.681606 -0.918360 2
5.191990 5.667964 2.676532 2
2.810402 1.671262 -0.881571 2
1.572371 2.317906 -0.792393 2
1.533266 2.808207 0.106033 2
1.533266 2.808207 0.106033 2
1.259089 2.923210 -1.093786 2
-1.396353 3.537955 -0.791797 2
-1.111597 4.536381 -0.224333 2
2.322593 0.185120 0.798254 2
2.322593 0.185120 0.798254 2
2.322593 0.185120 0.798254 2
2.322593 0.185120 0.798254 2
-0.239498 3.498670 -0.858640 2
-0.380796 3.445407 -1.102977 2
0.259546 3.140257 -0.854012 2
-0.281240 2.495131 -1.073933 2
-2.704448 4.878812 -0.663334 2
-1.097859 3.613142 -0.328579 2
-1.775908 4.306007 0.247460 2
-0.327280 3.123315 -1.022710 2
0.080644 2.481041 -0.604910 2
-0.081052 3.296747 -0.646828 2
-0.752283 3.480369 -0.719195 2
0.463075 3.954836 -0.739557 2
-0.494888 2.915316 -1.370416 2
-0.144609 2.756402 -0.537140 2
0.158748 3.607628 0.037674 2
-1.948646 3.788527 -0.099022 2
-0.132992 3.337182 -0.872161 2
-0.607022 2.731929 -1.068468 2
-0.357556 4.539027 -0.098487 2
-0.024077 2.055313 0.159710 2
-0.024077 2.055313 0.159710 2
-0.213415 3.246684 -1.434771 2
-0.541777 3.146134 -0.413778 2
-0.541777 3.146134 -0.413778 2
-0.541777 3.146134 -0.413778 2
1.323390 4.183931 -1.114941 2
-0.629613 2.814074 -1.063194 2
-0.612543 4.341484 0.049012 2
-0.388429 3.612891 -0.516935 2
-0.692280 2.692347 -0.469437 2
-0.352130 3.024134 -1.273540 2
0.007906 3.706441 -0.602892 2
0.007906 3.706441 -0.602892 2
-0.717871 3.020255 -0.779885 2
0.418398 3.761263 -1.003056 2
-0.461594 3.260657 -1.372618 2
-0.103347 3.688625 -0.676775 2
-0.103347 3.688625 -0.676775 2
-1.698779 3.553857 -0.127034 2
-0.185594 3.519951 -1.049875 2
-0.982668 3.200652 -0.865471 2
-0.187613 3.873800 -0.392072 2
0.011699 3.325955 -0.996943 2
0.039661 3.530224 -0.899768 2
-0.249767 3.209184 -1.433607 2
-0.591104 3.494728 -0.343224 2
-0.670820 3.851002 -0.626727 2
-0.125203 2.933537 -0.965199 2
1.333712 4.226396 -1.232857 2
-0.389317 2.851973 -1.077233 2
-0.817801 4.605096 0.124929 2
-0.310063 2.201704 0.068053 2
0.964910 2.407786 -0.206834 2
-0.520753 3.131366 -1.423097 2
-0.428525 2.265743 -0.819058 2
-0.062261 3.329119 -0.544165 2
-0.505637 4.004503 -0.978650 2
0.696476 3.730135 -1.008661 2
-0.580744 2.835561 -1.118008 2
-2.540796 4.937137 -0.668511 2
-0.207366 3.432381 -0.760953 2
-2.161250 3.771147 0.037361 2
-0.185407 3.433214 -1.128268 2
-1.038702 3.018201 -0.622802 2
-0.022199 3.410097 -0.830308 2
-0.022199 3.410097 -0.830308 2
0.406145 3.649371 -0.883531 2
-0.237631 3.103448 -1.467206 2
-0.128945 2.881860 -0.321142 2
-0.332343 3.892298 -0.468886 2
-1.401112 3.772361 -0.047629 2
-0.449771 2.661175 -1.179453 2
-0.449771 2.661175 -1.179453 2
0.506573 3.911780 -0.077214 2
-0.291680 2.243555 0.076452 2
-0.291680 2.243555 0.076452 2
-0.291680 2.243555 0.076452 2
-0.150777 2.902951 -1.051222 2
0.279580 3.336558 -0.943896 2
0.279580 3.336558 -0.943896 2
4.490581 4.629023 -0.693651 2
6.890912 2.183812 -0.910596 2
9.035566 3.450137 1.329363 2
13.016273 6.117319 -0.967247 2
13.849922 8.134797 -0.134584 2
13.849922 8.134797 -0.134584 2
25.740452 1.485438 -1.105434 2
25.740452 1.485438 -1.105434 2
25.740452 1.485438 -1.105434 2
25.740452 1.485438 -1.105434 2
25.740452 1.485438 -1.105434 2
25.740452 1.485438 -1.105434 2
25.740452 1.485438 -1.105434 2
25.740452 1.485438 -1.105434 2
25.740452 1.485438 -1.105434 2
25.740452 1.485438 -1.105434 2
25.740452 1.485438 -1.105434 2
29.791716 5.801603 2.420866 2
29.791716 5.801603 2.420866 2
29.791716 5.801603 2.420866 2
29.791716 5.801603 2.420866 2
29.791716 5.801603 2.420866 2
29.791716 5.801603 2.420866 2
29.791716 5.801603 2.420866 2
29.791716 5.801603 2.420866 2
29.791716 5.801603 2.420866 2
30.194750 5.702806 2.056913 2
30.359900 5.227104 1.652441 2
30.374054 5.461150 1.641739 2
30.374054 5.461150 1.641739 2
31.003647 5.204647 1.360358 2
31.003647 5.204647 1.360358 2
30.356258 5.116656 1.489358 2
30.356258 5.116656 1.489358 2
30.419205 5.192685 1.539765 2
30.662558 5.288149 1.630296 2
31.069462 5.193810 1.436827 2
30.722845 5.095293 1.566272 2
30.722845 5.095293 1.566272 2
30.687635 4.925305 1.490957 2
30.589937 5.030024 1.429156 2
30.589937 5.030024 1.429156 2
30.589937 5.030024 1.429156 2
31.441263 4.857255 1.170139 2
29.967043 5.870037 2.103365 2
30.398170 5.260523 1.556728 2
30.398170 5.260523 1.556728 2
30.398170 5.260523 1.556728 2
30.398170 5.260523 1.556728 2
30.398170 5.260523 1.556728 2
30.722733 5.203206 1.666038 2
30.722733 5.203206 1.666038 2
29.809431 5.876226 2.236368 2
29.809431 5.876226 2.236368 2
30.849987 5.168252 1.452787 2
30.849987 5.168252 1.452787 2
30.849987 5.168252 1.452787 2
30.658300 5.188488 1.559836 2
30.658300 5.188488 1.559836 2
28.775099 4.765812 0.765558 2
28.775099 4.765812 0.765558 2
28.775099 4.765812 0.765558 2
28.775099 4.765812 0.765558 2
28.775099 4.765812 0.765558 2
17.904665 2.922746 -0.141528 2
13.566193 5.062296 -1.425308 2
11.795248 5.051713 0.490117 2
11.795248 5.051713 0.490117 2
4.167761 3.008034 -0.379464 2
4.167761 3.008034 -0.379464 2
2.848942 6.153477 -1.618090 2
2.349955 1.362169 -0.672907 2
0.239749 0.160151 -1.530618 2
1.342125 0.578931 -2.134221 2
1.342125 0.578931 -2.134221 2
0.723425 1.855813 -0.597739 2
0.723425 1.855813 -0.597739 2
0.992401 2.804626 -0.713363 2
0.992401 2.804626 -0.713363 2
-0.807731 3.027925 -0.889968 2
1.596188 1.810002 0.398327 2
1.596188 1.810002 0.398327 2
-0.197471 3.213465 -1.432261 2
-0.197471 3.213465 -1.432261 2
-0.221588 2.694517 -0.964420 2
-0.762008 2.968193 -0.651727 2
-0.762008 2.968193 -0.651727 2
-0.310252 2.941180 -1.489236 2
-0.310252 2.941180 -1.489236 2
-1.070315 3.609087 -0.457200 2
-1.070315 3.609087 -0.457200 2
-0.093750 4.193559 -0.750471 2
-0.649247 2.594508 -1.260223 2
-0.649247 2.594508 -1.260223 2
-0.873415 3.526760 -0.294732 2
-0.873415 3.526760 -0.294732 2
-0.364601 3.112128 -1.187560 2
-0.364601 3.112128 -1.187560 2
-0.134213 3.284595 -1.243736 2
-0.929695 2.743976 -0.435766 2
-0.929695 2.743976 -0.435766 2
-0.607469 2.988810 -1.379828 2
-0.607469 2.988810 -1.379828 2
-0.314004 3.632575 -0.744959 2
-0.314004 3.632575 -0.744959 2
-0.589146 3.355468 -1.146531 2
-0.566239 2.972836 -0.961749 2
-0.566239 2.972836 -0.961749 2
-0.004635 3.432097 -0.503307 2
-0.004635 3.432097 -0.503307 2
-0.166576 3.410435 -1.229918 2
-0.166576 3.410435 -1.229918 2
-1.253186 3.056047 -0.748150 2
0.145673 3.285154 -0.880611 2
0.145673 3.285154 -0.880611 2
0.053224 3.851022 -1.184444 2
0.053224 3.851022 -1.184444 2
-0.577043 3.530262 -0.316500 2
-0.577043 3.530262 -0.316500 2
-0.178095 2.888692 -0.819172 2
1.200518 4.103395 -1.333618 2
-0.735933 2.797492 -1.090505 2
-0.254023 3.631626 -0.632467 2
-0.254023 3.631626 -0.632467 2
-0.379221 3.097256 -1.155288 2
-0.379221 3.097256 -1.155288 2
-0.725757 3.136975 -0.845031 2
-0.559413 3.207665 -0.939910 2
-0.559413 3.207665 -0.939910 2
-0.605359 3.224980 -1.353183 2
-0.605359 3.224980 -1.353183 2
0.252366 3.169791 -0.521179 2
0.252366 3.169791 -0.521179 2
-0.604464 3.133349 -0.932719 2
-0.743239 2.804526 -0.966457 2
-0.743239 2.804526 -0.966457 2
0.497247 3.392306 -0.151292 2
0.497247 3.392306 -0.151292 2
-0.120144 3.407991 -1.214704 2
-0.120144 3.407991 -1.214704 2
-0.065981 3.324176 -0.650880 2
0.142998 3.475855 -0.836187 2
0.142998 3.475855 -0.836187 2
-0.152511 3.048092 -1.552870 2
-0.152511 3.048092 -1.552870 2
-0.362724 3.667528 -0.479582 2
-0.362724 3.667528 -0.479582 2
-0.362724 3.667528 -0.479582 2
1.242893 4.187181 -1.289998 2
-0.689134 2.860573 -1.088905 2
-0.204159 2.252717 0.139057 2
-0.204159 2.252717 0.139057 2
