0.443068 4.020540 -0.842560 2
0.443068 4.020540 -0.842560 2
1.159739 3.953546 -1.248670 2
0.930634 3.997899 -1.572247 2
1.332215 4.200124 -1.301686 2
0.988925 3.935201 -1.450128 2
0.825468 3.953486 -1.461698 2
0.754921 3.637070 -1.363797 2
0.628956 3.514472 -1.572298 2
0.591138 3.330502 -1.348196 2
0.802109 3.588363 -1.050375 2
0.357334 4.264637 0.997008 2
0.149424 2.936664 -1.503353 2
0.149424 2.936664 -1.503353 2
0.536479 3.318631 -1.098820 2
0.225358 2.968481 -1.266921 2
0.948614 3.616931 -1.138428 2
1.140587 3.517087 -1.019127 2
-1.136851 4.036602 -0.376186 2
-1.136851 4.036602 -0.376186 2
-0.499174 2.252332 -0.001072 2
-0.499174 2.252332 -0.001072 2
-0.017250 4.191868 -0.955902 2
0.330219 3.073396 -1.187509 2
0.330219 3.073396 -1.187509 2
2.032426 6.065416 -0.782960 2
0.451951 3.955966 -1.014444 2
0.801421 4.177849 -0.914166 2
-0.087896 3.590949 -0.314189 2
-0.087896 3.590949 -0.314189 2
0.407918 3.655631 0.676268 2
0.616780 3.051344 1.041339 2
-0.525646 3.122729 -1.007484 2
0.040438 2.562818 -0.857051 2
-0.555555 3.095495 -0.823918 2
-0.555555 3.095495 -0.823918 2
-0.706165 3.205093 -0.763158 2
0.198418 3.209046 0.978815 2
0.198418 3.209046 0.978815 2
-2.822601 1.636418 0.611936 2
-0.583750 3.097831 -1.361129 2
-0.962896 1.906685 -0.443897 2
0.207030 2.123399 0.990075 2
-0.891837 1.913175 -0.488583 2
-2.609691 2.093325 0.150182 2
-0.299970 3.407003 -1.223666 2
-0.754187 3.801315 0.742926 2
-0.968202 2.354885 -0.836991 2
-0.968202 2.354885 -0.836991 2
0.183749 3.716738 -1.116744 2
0.183749 3.716738 -1.116744 2
0.183749 3.716738 -1.116744 2
0.161385 3.466188 0.809678 2
0.161385 3.466188 0.809678 2
-0.433456 2.570872 -0.901756 2
-0.446530 1.864452 -1.334312 2
0.075696 3.886223 -0.863951 2
-0.118698 4.254993 0.847484 2
-0.359397 2.939361 -0.429845 2
-0.877890 2.912219 -1.197721 2
-0.468584 4.013309 0.597610 2
-0.468584 4.013309 0.597610 2
-1.335603 2.092266 -0.463862 2
-0.395134 3.021253 -0.670203 2
-0.700926 3.343280 -1.135186 2
-0.549105 2.717265 -0.883702 2
0.832138 3.435769 0.322689 2
0.837946 3.845819 -0.470510 2
0.837946 3.845819 -0.470510 2
-0.917431 2.071295 -1.048263 2
0.072541 4.007391 -0.799319 2
0.518954 3.992974 0.785152 2
-1.925671 3.677638 0.267332 2
-0.285203 3.551793 -1.047043 2
-1.014743 2.195452 -0.079352 2
-0.176321 3.532614 -0.486065 2
-1.378532 1.270019 -0.421530 2
-2.047094 2.641561 -0.061150 2
-0.697482 2.240830 -1.350778 2
-1.010934 5.244380 -1.700835 2
0.183695 3.520475 0.428419 2
3.270024 1.178041 1.863014 2
-0.732042 3.320885 -1.168405 2
-0.732042 3.320885 -1.168405 2
0.058975 3.440078 -0.913143 2
0.121068 3.763386 0.712584 2
-2.077922 1.649369 1.182290 2
-0.904554 2.934151 -1.154028 2
0.065844 2.300707 0.533180 2
0.065844 2.300707 0.533180 2
0.065844 2.300707 0.533180 2
0.065844 2.300707 0.533180 2
-1.258103 2.195738 -0.470471 2
-1.258103 2.195738 -0.470471 2
-1.258103 2.195738 -0.470471 2
-3.353164 2.950417 0.877337 2
-2.379494 1.817602 0.583955 2
-2.379494 1.817602 0.583955 2
-0.109442 3.418920 -0.856061 2
-0.306910 2.626693 -0.886247 2
1.674489 3.072406 0.368174 2
2.698005 2.385291 -1.737291 2
4.722173 2.502097 -0.619323 2
5.043597 2.819768 -0.407723 2
7.514482 7.305789 -0.079634 2
7.633957 6.978830 1.151057 2
7.633957 6.978830 1.151057 2
7.710655 4.007592 -0.129320 2
7.973015 5.173974 0.726204 2
7.973015 5.173974 0.726204 2
8.726887 3.968672 -1.065624 2
8.483141 3.680129 -0.227692 2
9.241068 4.355054 0.939849 2
8.556660 3.864280 1.050071 2
8.566375 4.439753 -0.449940 2
8.707788 5.716459 -0.568037 2
8.814876 4.693702 0.054011 2
8.996006 3.069906 -0.123148 2
8.996006 3.069906 -0.123148 2
9.162913 5.123870 -0.397764 2
8.761654 4.737539 -0.357977 2
8.451492 4.481315 0.181029 2
9.017836 4.145498 0.317144 2
8.790979 5.785243 -0.242881 2
6.811385 4.402717 0.731266 2
8.521483 4.062268 -0.059477 2
8.795352 3.422631 0.189298 2
9.087266 4.764346 -0.275535 2
8.726191 4.942785 -0.120925 2
8.810411 4.975020 -0.451870 2
8.397194 4.269004 -0.268389 2
8.083285 3.179228 0.652484 2
9.298959 5.951703 -0.224674 2
7.389007 4.059860 0.591266 2
8.680280 5.334929 -0.527858 2
6.898026 4.122488 1.497473 2
8.348678 4.766908 0.645813 2
8.976377 4.922579 -0.082616 2
9.346452 5.045505 -0.275284 2
8.486430 3.903602 -0.348633 2
8.603891 3.300850 -0.116951 2
8.326403 4.958756 -0.085448 2
8.803079 4.613948 -0.044298 2
8.345459 4.800820 -0.605982 2
8.345459 4.800820 -0.605982 2
8.787818 4.703523 0.231248 2
8.110415 5.522558 -0.236569 2
9.041677 4.749361 -0.224930 2
8.841046 5.613663 -0.260124 2
7.546797 3.902409 0.923854 2
9.296946 4.405469 0.280781 2
8.344115 5.240885 -0.097070 2
9.112186 4.893261 -0.299361 2
8.160111 4.583216 0.343926 2
8.797776 3.355365 -0.084650 2
9.533583 5.529920 0.379076 2
8.369784 4.196888 -0.450210 2
8.861498 5.075173 -0.547917 2
8.586259 3.726137 0.027701 2
8.425296 4.218912 0.340009 2
9.208488 5.635911 -0.187704 2
8.502497 4.331888 0.353630 2
9.281107 5.674183 -0.560634 2
7.209329 4.065916 1.559895 2
7.209329 4.065916 1.559895 2
7.209329 4.065916 1.559895 2
7.209329 4.065916 1.559895 2
7.209329 4.065916 1.559895 2
7.209329 4.065916 1.559895 2
7.524771 2.760140 -0.314311 2
9.005600 4.629450 0.022156 2
8.298536 4.770834 -0.521656 2
8.607570 4.041064 -0.100968 2
8.550529 4.583060 0.349615 2
8.929361 6.182227 -0.355149 2
9.242592 4.921701 -0.221431 2
8.758774 5.608031 -0.215551 2
8.165236 4.261147 1.028975 2
9.173309 4.369524 0.367247 2
8.716175 5.561896 -0.178094 2
9.162386 4.739882 -0.314200 2
7.699274 3.647773 -0.265486 2
8.281825 2.846621 -0.374907 2
8.891849 5.150548 -0.234087 2
8.513111 4.820117 -0.237106 2
8.924431 5.111602 -0.667231 2
8.416322 3.635417 -0.302086 2
8.511193 4.727342 0.678624 2
9.175620 5.603240 -0.144479 2
7.300319 4.157102 0.620848 2
8.613985 4.763022 -0.410259 2
8.088283 4.266929 0.518015 2
9.332340 3.528953 0.546554 2
9.130219 5.651691 0.151274 2
9.249903 5.064363 -0.272043 2
8.490018 4.722506 -0.136589 2
7.714777 3.113506 -0.051314 2
8.266261 5.418171 -0.211718 2
8.810079 4.565543 0.013469 2
7.847528 3.607930 -0.271145 2
6.774517 3.849762 0.072916 2
5.536407 4.004539 0.040386 2
5.536407 4.004539 0.040386 2
2.139646 3.193125 -0.718728 2
0.113735 3.904588 -0.321937 2
1.111638 4.084305 -0.641090 2
1.369069 3.615118 0.203828 2
-0.453301 2.814889 -0.422868 2
0.159014 4.712669 -0.529858 2
-0.946187 2.976854 -0.705900 2
0.572934 2.672548 -0.971800 2
-0.264201 1.770743 -0.212526 2
-1.787569 3.044420 0.931762 2
0.002777 3.544351 -1.154800 2
-0.278058 2.170949 -1.440383 2
0.177309 3.006190 0.954757 2
0.530092 4.189917 -0.115589 2
0.930814 3.181227 -0.922666 2
0.930814 3.181227 -0.922666 2
0.231137 4.654296 -0.969777 2
0.083973 4.263678 0.473482 2
-0.192674 4.400517 -0.030166 2
-0.438124 2.870129 -1.277736 2
-0.539927 4.141635 0.515366 2
-1.272300 3.345697 0.495853 2
-0.474285 3.741143 -0.390502 2
-0.802465 2.710924 -0.501885 2
-0.678705 3.079498 -1.295241 2
-0.678705 3.079498 -1.295241 2
0.664456 3.586425 0.290028 2
1.461850 2.517663 1.138426 2
-0.408494 2.063968 -0.919416 2
-1.264858 2.360013 -0.442832 2
0.168059 4.278399 -0.739085 2
0.168059 4.278399 -0.739085 2
-2.114527 3.381301 0.098053 2
-0.372872 3.162614 -1.265922 2
-0.811413 2.444554 -0.612087 2
-0.111301 3.804480 -0.555542 2
0.146300 3.791932 -1.144694 2
-2.136301 2.599499 -0.023317 2
-2.136301 2.599499 -0.023317 2
-2.136301 2.599499 -0.023317 2
0.051663 2.882895 0.105067 2
3.090993 0.566862 1.359884 2
-0.443697 2.537526 -1.129189 2
-0.443697 2.537526 -1.129189 2
0.023707 3.538221 -0.855286 2
0.023707 3.538221 -0.855286 2
-2.496179 1.915419 1.377598 2
-0.532375 3.246498 -1.068592 2
-0.168707 2.794375 -1.084090 2
0.037125 3.447998 -1.207904 2
-0.398394 3.767201 -0.638771 2
0.387899 3.140603 -0.701099 2
0.387899 3.140603 -0.701099 2
0.387899 3.140603 -0.701099 2
0.587437 3.753310 0.689408 2
0.587437 3.753310 0.689408 2
0.587437 3.753310 0.689408 2
-0.414575 2.966589 -0.666516 2
-0.103055 3.534081 -0.861338 2
0.354791 4.083362 0.633525 2
0.354791 4.083362 0.633525 2
-0.328110 3.348067 -1.070065 2
-0.615937 2.588733 -0.739296 2
-0.323026 3.513513 -0.967618 2
0.089901 3.558663 -0.931097 2
0.183775 3.421937 -1.119265 2
-0.890003 2.255960 -1.005746 2
-0.698192 2.771697 -0.795891 2
-0.698192 2.771697 -0.795891 2
-0.698192 2.771697 -0.795891 2
-0.584148 2.893425 -0.711302 2
-0.584148 2.893425 -0.711302 2
0.100565 3.621699 -0.888021 2
-0.882739 2.838605 -0.620390 2
-3.462742 1.491027 1.899279 2
-0.665745 3.090803 -1.370635 2
-0.772926 2.800477 -1.013244 2
-0.024798 3.024743 -1.183218 2
-0.280342 3.788679 -0.867189 2
0.558196 3.701177 -0.454653 2
0.558196 3.701177 -0.454653 2
0.558196 3.701177 -0.454653 2
0.508654 3.838861 0.602235 2
0.508654 3.838861 0.602235 2
-0.468438 3.128221 -0.816115 2
-0.468438 3.128221 -0.816115 2
-0.118038 3.551319 -0.927988 2
-0.131801 3.022150 -0.824107 2
-2.058730 3.104070 0.300639 2
-0.410526 3.286581 -1.409562 2
-0.509397 2.492084 -0.815268 2
-0.449127 3.497933 -0.995971 2
0.180987 3.758862 -1.081701 2
0.456306 3.870776 -0.768356 2
0.456306 3.870776 -0.768356 2
0.456306 3.870776 -0.768356 2
0.171334 3.959931 0.776813 2
0.171334 3.959931 0.776813 2
3.987060 4.401478 -1.141708 2
4.872933 2.697688 -0.915897 2
6.552704 4.540650 0.156483 2
6.088114 3.870943 0.156239 2
10.132985 8.930073 0.333601 2
7.618264 1.495837 -1.614514 2
7.275294 2.631029 -0.673630 2
8.251778 3.252988 0.250922 2
7.665206 6.469408 0.066129 2
8.740388 4.368217 -0.405120 2
7.696336 2.640392 -0.694798 2
7.129861 3.473278 0.922841 2
8.257988 4.388104 0.594691 2
8.257988 4.388104 0.594691 2
9.446004 4.962263 -0.559859 2
7.862818 3.862359 0.016522 2
8.914656 3.309709 0.156243 2
9.914724 5.008870 0.230258 2
8.228984 4.935761 -0.607081 2
8.616376 5.235354 -0.549843 2
8.249960 3.847191 -0.073947 2
8.694263 3.016645 -0.216720 2
9.122352 5.590511 -0.279797 2
6.915793 4.195097 0.947733 2
7.975070 2.717212 -1.013030 2
8.114035 4.666817 -0.015885 2
8.297230 2.936028 -0.221349 2
9.102950 5.242478 0.009919 2
6.768830 4.404019 1.015968 2
7.943870 4.028563 -0.358552 2
8.676061 3.362799 -0.260926 2
8.514544 5.604537 -0.196015 2
8.788738 4.673071 -0.005738 2
8.472518 4.897102 -0.294730 2
8.955173 3.745344 -0.453259 2
8.569620 4.749833 0.472836 2
7.289412 2.742232 -0.754471 2
8.826711 4.446631 0.413297 2
8.775661 5.883193 -0.262610 2
7.848480 3.732390 0.626762 2
8.453249 4.181216 0.228089 2
8.423876 5.134118 -0.298139 2
8.804546 4.675162 -0.416602 2
8.227938 4.307019 0.251833 2
8.772979 3.205731 0.137863 2
8.703481 5.184052 -0.172890 2
8.276065 4.718452 -0.400637 2
8.819513 4.886302 -0.728531 2
8.647057 3.794247 -0.259581 2
8.760747 4.441137 0.354177 2
9.543175 5.190952 0.192127 2
8.433123 4.302227 0.310739 2
8.662739 4.856109 -0.370754 2
8.542336 4.376900 0.545337 2
8.257178 4.776608 0.391013 2
9.490670 5.408510 -0.004033 2
8.941808 5.014627 -0.363646 2
8.182740 4.563619 -0.266581 2
8.680855 3.107101 0.203133 2
7.280280 2.840616 -0.422997 2
8.987628 4.734665 0.039109 2
8.987628 4.734665 0.039109 2
8.661612 4.805584 0.165164 2
8.495470 4.559230 0.414750 2
8.366297 5.842931 -0.215782 2
7.502129 4.084676 0.765988 2
8.058400 2.673742 -0.743683 2
8.299632 4.433690 0.271800 2
9.746564 5.168907 0.851176 2
8.530378 5.293162 -0.278081 2
9.103159 4.699589 -0.284587 2
8.238769 4.224673 -0.099438 2
8.891699 3.117098 -0.099052 2
9.385051 5.449098 -0.239712 2
8.535320 4.806211 -0.219903 2
8.170009 5.055678 -0.544772 2
7.830530 4.106311 -0.171629 2
8.429899 3.104509 0.095650 2
8.914203 5.764013 -0.279436 2
7.336045 4.006753 0.583533 2
8.830657 4.849944 -0.384045 2
8.131160 4.134277 0.343691 2
9.111001 5.392126 0.990456 2
8.796703 4.671723 -0.056346 2
8.202301 4.361302 -0.636521 2
7.696683 3.963573 -0.542262 2
8.895728 4.663455 0.192742 2
7.854189 2.966107 -0.382368 2
8.304514 4.769876 -0.097689 2
7.626193 5.125948 -0.480446 2
8.446664 4.367310 -0.203324 2
8.850430 4.640947 0.217842 2
8.244162 5.828044 -0.376608 2
7.481277 4.149996 0.695177 2
8.166320 3.215416 -0.615687 2
8.776785 4.358128 0.446641 2
8.683559 4.890121 -0.220093 2
8.281568 4.820878 -0.209325 2
8.694920 4.767198 -0.581250 2
8.090418 4.200260 0.031787 2
8.973676 4.449703 0.429953 2
8.973676 4.449703 0.429953 2
9.561375 6.778106 0.342021 2
3.575966 3.084028 -0.962447 2
2.694384 5.197870 -1.155124 2
2.694384 5.197870 -1.155124 2
1.923875 3.475187 0.315887 2
1.159031 4.039261 -0.408073 2
0.599185 4.215247 -0.136602 2
0.599185 4.215247 -0.136602 2
1.545553 2.222906 0.881437 2
-0.329356 3.932845 0.475948 2
-0.087659 4.413919 -0.738077 2
-0.433149 3.568363 -1.181356 2
0.506871 3.285004 -1.094147 2
-1.048904 2.379490 -0.309530 2
-2.371871 2.870460 1.532566 2
-0.376680 2.859267 -1.447131 2
-0.022638 2.219036 -0.942047 2
0.010319 4.577610 0.210629 2
-0.575385 4.031238 -0.467152 2
0.464819 3.894457 -0.656066 2
0.464819 3.894457 -0.656066 2
-0.492827 3.224156 -1.015566 2
0.540901 4.265682 0.522652 2
-0.109938 3.434559 0.696163 2
-0.684938 3.026562 -1.182478 2
-0.893621 2.677301 -0.303910 2
-0.186623 3.573965 -0.955199 2
-0.515589 2.658286 -0.735159 2
-2.201702 3.030830 0.401269 2
-0.449686 3.467287 -1.324603 2
-0.525798 3.085089 -0.694933 2
-0.398904 3.471174 -0.921289 2
-0.241942 3.378367 -0.977496 2
0.200633 3.504265 -1.455450 2
-0.458557 1.397339 -0.303872 2
-0.458557 1.397339 -0.303872 2
0.255495 3.581650 0.699382 2
0.255495 3.581650 0.699382 2
-0.231186 3.357973 -1.378768 2
-0.231186 3.357973 -1.378768 2
-0.055111 4.128650 -0.880526 2
-0.055111 4.128650 -0.880526 2
-1.012714 3.528828 -0.588162 2
-0.637378 3.417160 -1.219632 2
-0.173334 2.880413 -1.098421 2
0.153979 3.497455 -1.005349 2
-0.401688 3.640323 -0.720008 2
-2.154854 2.564922 1.118895 2
-0.593311 3.423490 -1.144563 2
-0.201613 2.246986 -1.223430 2
0.331618 4.348225 0.652971 2
-0.858319 3.475110 -0.942143 2
-0.017776 3.545791 -0.999938 2
-0.017776 3.545791 -0.999938 2
-1.119186 3.618925 -0.805341 2
0.481470 4.131607 0.497910 2
-0.328531 5.092183 -0.108738 2
-0.459010 2.902104 -0.852561 2
-1.264498 2.242777 -0.331267 2
-0.175562 3.297124 -0.918610 2
-0.359173 2.904383 -0.916222 2
-2.178960 2.755894 0.264028 2
-0.422422 3.253714 -1.391055 2
-0.628860 2.688281 -0.883531 2
-0.160411 3.523707 -0.992278 2
-0.615047 2.093024 -0.773642 2
0.006371 3.185368 -0.614024 2
-0.576260 1.467746 -0.249497 2
-0.576260 1.467746 -0.249497 2
-0.560394 3.089411 -0.471055 2
-0.560394 3.089411 -0.471055 2
0.059725 3.421689 -1.331248 2
0.059725 3.421689 -1.331248 2
-0.080104 3.997694 -0.946580 2
-0.123966 4.155236 0.724722 2
-0.895684 3.681031 -0.477606 2
-0.486263 3.372342 -1.143712 2
-0.106554 2.908855 -1.191165 2
0.276387 3.491957 -0.954376 2
-0.728258 3.376346 -0.699997 2
-0.094116 3.105099 -0.446768 2
-0.653207 3.220866 -1.436909 2
-0.176994 2.324825 -0.910918 2
0.056738 4.155226 0.246116 2
-0.775719 3.474826 -0.874391 2
0.444123 3.497351 -1.117313 2
0.444123 3.497351 -1.117313 2
0.444123 3.497351 -1.117313 2
0.500925 4.055850 0.639681 2
-0.288416 4.688143 -0.004565 2
-0.383016 3.130052 -0.851542 2
-0.913774 2.215272 -0.146612 2
-0.041506 3.641749 -0.838618 2
-0.386855 2.903221 -0.951864 2
-2.165271 2.609251 0.272692 2
-0.217934 3.332413 -1.372861 2
-0.313581 3.141460 -0.791740 2
0.173121 3.534976 -0.982635 2
0.173121 3.534976 -0.982635 2
-0.611475 3.597144 0.254511 2
3.508197 2.733422 -1.141520 2
3.508197 2.733422 -1.141520 2
7.842510 4.455833 0.326737 2
9.804690 6.511672 -0.577834 2
9.804690 6.511672 -0.577834 2
15.017741 2.675687 -2.130188 2
15.017741 2.675687 -2.130188 2
15.017741 2.675687 -2.130188 2
15.634184 6.431818 -0.050368 2
15.363252 3.127781 -1.997595 2
15.261532 1.777661 -0.728785 2
15.261532 1.777661 -0.728785 2
15.969268 5.582994 0.036611 2
15.807871 4.252027 -1.473269 2
15.800384 4.072767 -0.915273 2
15.800384 4.072767 -0.915273 2
15.800384 4.072767 -0.915273 2
15.800384 4.072767 -0.915273 2
15.754599 4.702114 -0.804156 2
14.480993 4.286944 -0.848953 2
14.480993 4.286944 -0.848953 2
14.480993 4.286944 -0.848953 2
15.351040 3.793817 -1.150415 2
15.863894 4.957168 -0.215189 2
14.361893 3.695277 -0.264566 2
14.361893 3.695277 -0.264566 2
15.213331 3.127499 -1.187380 2
14.981453 4.229050 -1.276112 2
16.732405 5.154548 -0.043336 2
16.732405 5.154548 -0.043336 2
16.732405 5.154548 -0.043336 2
16.732405 5.154548 -0.043336 2
15.174865 4.516022 -0.785422 2
16.188736 4.164743 -0.721025 2
16.188736 4.164743 -0.721025 2
16.188736 4.164743 -0.721025 2
16.188736 4.164743 -0.721025 2
15.337169 4.236429 -1.107300 2
15.383787 3.833202 -1.282121 2
15.383787 3.833202 -1.282121 2
15.383787 3.833202 -1.282121 2
14.775902 2.680089 -1.224309 2
14.703877 4.119056 -1.086112 2
14.791940 3.092164 -1.248093 2
14.921270 3.148897 -0.692447 2
14.025943 3.359513 -0.222734 2
15.766067 4.322247 -1.078748 2
15.766067 4.322247 -1.078748 2
15.908706 3.916679 -0.824263 2
15.908706 3.916679 -0.824263 2
15.908706 3.916679 -0.824263 2
15.908706 3.916679 -0.824263 2
15.047314 3.491392 -1.037768 2
15.047314 3.491392 -1.037768 2
15.047314 3.491392 -1.037768 2
15.047314 3.491392 -1.037768 2
15.602942 4.124279 -0.834878 2
14.996353 3.488400 -0.896720 2
14.996353 3.488400 -0.896720 2
15.261050 3.669664 -0.682205 2
14.881552 3.729823 -1.246532 2
15.534113 4.629576 -1.343203 2
15.534113 4.629576 -1.343203 2
15.534113 4.629576 -1.343203 2
15.534113 4.629576 -1.343203 2
15.198616 4.121935 -1.275656 2
16.053663 4.182452 -0.782314 2
16.053663 4.182452 -0.782314 2
16.053663 4.182452 -0.782314 2
16.053663 4.182452 -0.782314 2
16.053663 4.182452 -0.782314 2
14.984409 3.776707 -0.992043 2
14.984409 3.776707 -0.992043 2
14.984409 3.776707 -0.992043 2
15.005669 3.050680 -0.923256 2
14.753668 4.036591 -1.130601 2
15.880670 2.815675 -1.604016 2
14.774940 2.736329 -0.829700 2
15.079167 3.930027 -0.929160 2
15.079167 3.930027 -0.929160 2
15.812060 4.062945 -0.814984 2
15.812060 4.062945 -0.814984 2
15.812060 4.062945 -0.814984 2
15.812060 4.062945 -0.814984 2
15.812060 4.062945 -0.814984 2
13.227022 1.089058 -1.619818 2
13.227022 1.089058 -1.619818 2
13.227022 1.089058 -1.619818 2
14.600440 3.381480 -0.970469 2
15.241693 4.647034 0.457070 2
14.454635 3.403965 -0.636331 2
15.132455 3.725017 -0.655279 2
17.495010 3.957762 0.139816 2
14.476577 3.508389 -1.136225 2
14.476577 3.508389 -1.136225 2
14.476577 3.508389 -1.136225 2
14.476577 3.508389 -1.136225 2
14.476577 3.508389 -1.136225 2
14.925316 3.642772 -0.819947 2
14.186232 3.885665 -0.886272 2
14.186232 3.885665 -0.886272 2
10.618777 4.262242 0.283091 2
7.639573 1.321945 0.138203 2
3.628978 1.389149 -0.455496 2
1.648317 4.503010 -0.495074 2
1.747790 3.659144 -0.503901 2
0.962554 4.735444 1.320516 2
0.962554 4.735444 1.320516 2
1.373886 5.746632 -0.350709 2
0.613845 4.682317 -1.182977 2
0.118525 3.658427 -1.589406 2
0.910922 4.117894 -0.582707 2
0.910922 4.117894 -0.582707 2
-1.032060 2.988536 -0.869299 2
-0.056366 2.783060 -1.549683 2
-0.056366 2.783060 -1.549683 2
-0.474938 4.287292 -0.493464 2
0.237449 3.256961 0.329066 2
-0.351726 2.898456 -1.304809 2
-0.230662 2.039859 -1.496015 2
-0.716077 4.052712 -1.248755 2
-0.222823 4.108752 -0.554691 2
1.781465 4.360591 -0.054857 2
1.781465 4.360591 -0.054857 2
1.781465 4.360591 -0.054857 2
1.781465 4.360591 -0.054857 2
1.781465 4.360591 -0.054857 2
-0.542089 3.400479 -1.283755 2
-0.542089 3.400479 -1.283755 2
1.360720 5.982300 -0.425679 2
0.299595 3.253690 -1.319337 2
0.125872 3.143110 -0.172772 2
-0.030020 3.633964 -1.042488 2
-0.230117 2.382982 0.198634 2
-0.361577 3.566963 -0.476460 2
-0.361577 3.566963 -0.476460 2
0.349107 3.606114 -1.451335 2
0.373588 1.576671 -1.457583 2
0.373588 1.576671 -1.457583 2
-0.010788 3.671531 -0.540669 2
-0.010788 3.671531 -0.540669 2
0.642755 4.206190 -1.277222 2
0.642755 4.206190 -1.277222 2
0.849597 4.907651 -0.723731 2
0.849597 4.907651 -0.723731 2
0.849597 4.907651 -0.723731 2
-0.158494 3.932667 -1.046556 2
-0.423322 2.680221 -1.115563 2
0.022667 4.846225 0.352046 2
-0.531891 3.279240 -1.031627 2
0.955340 4.513978 -0.240267 2
-0.132313 3.850299 -0.921888 2
0.235413 2.544670 -1.043203 2
-0.439300 3.282625 -1.152552 2
-0.272596 4.087764 -1.026307 2
1.144577 4.776202 -0.406945 2
1.144577 4.776202 -0.406945 2
1.144577 4.776202 -0.406945 2
0.344114 4.511003 -0.298806 2
0.344114 4.511003 -0.298806 2
-0.134519 4.689878 -1.123874 2
-0.201833 4.334033 -0.024514 2
0.009001 3.135736 -0.019537 2
0.339890 3.494092 -0.898912 2
0.401969 4.016716 -1.168986 2
0.172831 3.883116 -0.996116 2
-0.697744 2.204293 -0.315293 2
-0.342257 3.389522 -0.561957 2
-0.342257 3.389522 -0.561957 2
1.883291 5.334225 -0.752957 2
1.883291 5.334225 -0.752957 2
-0.836773 3.269737 0.123982 2
-0.206422 3.550688 -0.165324 2
-0.206422 3.550688 -0.165324 2
-0.351281 3.789557 -0.999154 2
0.885288 4.791174 -1.656081 2
1.677479 6.016249 -0.883405 2
-0.632213 3.240072 -0.579702 2
-0.632213 3.240072 -0.579702 2
-0.049724 4.018171 -0.949577 2
-0.338411 2.653556 -1.095617 2
2.805745 7.301656 -1.081530 2
0.361359 4.020745 -0.750820 2
0.706028 4.368339 -0.230859 2
-0.309308 3.667612 -0.839461 2
-0.200920 2.756516 -0.961048 2
0.382422 4.326162 -0.460384 2
0.230697 5.207947 -1.057650 2
0.666287 4.446360 -0.581866 2
0.605972 3.708843 -0.192691 2
0.605972 3.708843 -0.192691 2
1.846395 5.876458 -0.065018 2
-0.495897 4.276395 -0.868183 2
0.434552 4.238864 -0.845091 2
-0.925181 2.436742 -0.768668 2
1.402678 5.747284 -0.183683 2
0.307722 4.145971 -0.858360 2
0.307722 4.145971 -0.858360 2
0.393872 3.805082 -0.878954 2
1.060442 1.919287 -0.562611 2
3.905509 4.842236 1.197878 2
8.534321 9.014355 -0.184043 2
7.256217 7.100701 -1.328992 2
7.256217 7.100701 -1.328992 2
12.397341 4.556839 -0.128958 2
12.397341 4.556839 -0.128958 2
12.397341 4.556839 -0.128958 2
15.044794 3.689549 0.138134 2
17.334690 2.507810 -1.221716 2
15.460865 3.280286 -0.518152 2
15.460865 3.280286 -0.518152 2
15.726131 3.970020 -0.923377 2
15.249787 3.261751 -0.950139 2
16.024424 3.571066 0.080070 2
16.024424 3.571066 0.080070 2
15.685740 3.671851 0.113295 2
15.685740 3.671851 0.113295 2
14.735481 4.069013 -0.706330 2
16.031557 3.143247 -0.779202 2
16.031557 3.143247 -0.779202 2
15.766310 3.774677 0.127277 2
15.766310 3.774677 0.127277 2
14.984751 3.907467 -0.615524 2
14.984751 3.907467 -0.615524 2
16.952515 7.242929 1.994342 2
16.286455 4.107312 -0.054245 2
16.286455 4.107312 -0.054245 2
16.108318 3.379489 -0.063266 2
16.108318 3.379489 -0.063266 2
17.314123 3.980688 0.113018 2
15.511976 3.939794 -0.901604 2
15.366286 3.814205 -0.811330 2
15.739730 4.144470 0.172608 2
15.739730 4.144470 0.172608 2
14.899117 3.596665 -0.726905 2
14.899117 3.596665 -0.726905 2
15.512760 3.329080 -0.760000 2
15.399065 2.700240 0.807708 2
15.752360 4.137882 0.500155 2
15.597190 3.639517 -0.196529 2
15.597190 3.639517 -0.196529 2
17.986849 5.193550 0.702107 2
17.986849 5.193550 0.702107 2
17.986849 5.193550 0.702107 2
15.209599 3.184992 -1.341615 2
15.219634 3.736896 -0.771574 2
16.137819 3.363682 -0.058175 2
16.137819 3.363682 -0.058175 2
17.405487 5.580428 0.050651 2
17.405487 5.580428 0.050651 2
15.270810 3.730291 -0.854845 2
15.270810 3.730291 -0.854845 2
16.368284 3.669369 -0.012208 2
15.475501 4.436880 0.308467 2
15.475501 4.436880 0.308467 2
15.571308 3.052969 0.030665 2
15.571308 3.052969 0.030665 2
17.205301 3.981032 0.291904 2
15.220267 3.079416 -0.947375 2
15.819779 3.986775 0.176688 2
16.303694 3.729975 0.132146 2
16.303694 3.729975 0.132146 2
15.525431 3.658409 -0.936744 2
15.525431 3.658409 -0.936744 2
15.933411 3.661888 -0.630644 2
14.243421 3.011250 -0.833652 2
15.696076 4.021015 0.281780 2
15.557689 3.819862 0.024974 2
15.557689 3.819862 0.024974 2
15.484587 3.527498 -0.999888 2
15.484587 3.527498 -0.999888 2
15.561832 4.126173 0.419961 2
16.205765 4.052355 -0.753215 2
15.763752 3.729628 -0.140885 2
15.322182 2.724543 0.269328 2
15.322182 2.724543 0.269328 2
15.344751 3.000555 -1.338720 2
15.344751 3.000555 -1.338720 2
15.143481 3.648245 -0.818947 2
16.570942 3.825532 -0.335902 2
15.885649 3.635620 -0.045446 2
17.345472 5.569581 0.141628 2
17.345472 5.569581 0.141628 2
15.128586 3.766190 -0.816063 2
15.128586 3.766190 -0.816063 2
17.889572 6.042127 -0.500256 2
17.889572 6.042127 -0.500256 2
15.543559 4.276334 0.303788 2
15.415348 2.827813 0.132170 2
15.415348 2.827813 0.132170 2
15.316793 3.275383 -0.888542 2
15.316793 3.275383 -0.888542 2
15.487939 4.247587 0.239310 2
15.302793 3.942106 -0.588085 2
16.171743 3.624240 -0.003318 2
15.487501 3.505692 -1.127373 2
15.487501 3.505692 -1.127373 2
14.273098 3.288977 -0.645453 2
14.273098 3.288977 -0.645453 2
13.956255 3.981730 -0.544935 2
14.086144 4.149493 0.054175 2
10.320901 4.209338 -0.472536 2
5.373510 6.736392 -0.471772 2
5.373510 6.736392 -0.471772 2
3.425781 3.775425 0.366368 2
3.425781 3.775425 0.366368 2
-1.496431 1.172608 1.266285 2
-2.446344 9.082270 -1.496517 2
-0.022861 3.615993 -0.494591 2
1.746650 2.904146 0.081152 2
1.746650 2.904146 0.081152 2
0.675706 4.411560 0.391647 2
0.675706 4.411560 0.391647 2
0.675706 4.411560 0.391647 2
0.467196 5.328714 -0.208782 2
0.180799 4.658310 0.900957 2
-0.378826 3.378897 -0.342296 2
-0.378826 3.378897 -0.342296 2
-0.319350 3.993407 -0.366142 2
-0.319350 3.993407 -0.366142 2
1.016164 4.065881 0.214367 2
0.480988 3.711762 -1.177238 2
-0.133891 2.422150 -1.435767 2
-0.068992 3.627126 -1.078843 2
-0.068992 3.627126 -1.078843 2
-0.683939 1.623762 -1.457103 2
-0.683939 1.623762 -1.457103 2
-0.683939 1.623762 -1.457103 2
-0.683939 1.623762 -1.457103 2
-0.683939 1.623762 -1.457103 2
-0.683939 1.623762 -1.457103 2
-0.683939 1.623762 -1.457103 2
-0.240046 4.251942 0.377830 2
-0.240046 4.251942 0.377830 2
0.227491 4.435408 -0.838652 2
0.572055 4.673578 -1.056216 2
-0.633310 2.708917 -0.812943 2
-0.147104 4.353137 0.254052 2
-0.147104 4.353137 0.254052 2
0.245456 3.856305 -1.237216 2
0.245456 3.856305 -1.237216 2
-0.350475 2.201440 -0.928255 2
-0.453410 3.611480 -0.382796 2
-0.453410 3.611480 -0.382796 2
0.519759 4.260221 -0.875946 2
0.519759 4.260221 -0.875946 2
0.169427 4.789516 -0.071539 2
0.169427 4.789516 -0.071539 2
-0.462609 3.899481 -0.606907 2
-0.462609 3.899481 -0.606907 2
0.746853 4.064146 -1.157278 2
-0.475890 3.255052 -1.016733 2
-0.475890 3.255052 -1.016733 2
-1.008374 2.426218 -1.409358 2
-1.008374 2.426218 -1.409358 2
-0.230478 2.589256 -0.923129 2
1.931497 6.208547 -0.415561 2
1.931497 6.208547 -0.415561 2
0.123390 3.721618 -0.958775 2
0.123390 3.721618 -0.958775 2
-0.252748 3.017443 -1.062694 2
-0.252748 3.017443 -1.062694 2
-0.252748 3.017443 -1.062694 2
1.027120 3.983446 -0.317257 2
-1.005217 6.125124 -1.069267 2
0.198329 3.871630 -0.341330 2
0.198329 3.871630 -0.341330 2
-0.092230 5.108342 -0.878756 2
-0.092230 5.108342 -0.878756 2
-0.698589 2.766339 -0.671139 2
-0.265621 3.202413 -0.168456 2
-0.265621 3.202413 -0.168456 2
-0.580798 2.946454 -1.371711 2
-0.580798 2.946454 -1.371711 2
0.195335 3.910353 0.367303 2
0.195335 3.910353 0.367303 2
0.195335 3.910353 0.367303 2
0.708964 4.190493 -1.349277 2
-0.384927 2.160067 -1.344283 2
-0.016754 3.740137 0.047344 2
-0.016754 3.740137 0.047344 2
-0.081105 3.936304 -0.057289 2
-0.081105 3.936304 -0.057289 2
-0.604343 2.385400 -0.581729 2
-0.546882 5.142128 0.270994 2
-0.447245 3.769824 0.086753 2
-0.881596 2.804948 -1.350805 2
-0.881596 2.804948 -1.350805 2
-0.382899 2.694129 -0.964889 2
-0.382899 2.694129 -0.964889 2
0.022872 4.045776 -0.216215 2
0.022872 4.045776 -0.216215 2
-0.417867 3.796189 -0.526927 2
-0.130415 3.389628 -0.331744 2
-0.130415 3.389628 -0.331744 2
-0.275552 4.564110 -1.021709 2
-0.275552 4.564110 -1.021709 2
-0.275552 4.564110 -1.021709 2
0.290684 3.632865 -0.627176 2
-1.177139 5.221028 -1.422850 2
1.531748 3.759542 0.054807 2
1.531748 3.759542 0.054807 2
12.869589 3.795373 0.243719 2
12.869589 3.795373 0.243719 2
13.542966 5.600995 0.846080 2
13.688179 1.762791 -0.494865 2
13.688179 1.762791 -0.494865 2
27.158005 -1.173003 -4.655960 2
27.158005 -1.173003 -4.655960 2
27.158005 -1.173003 -4.655960 2
27.158005 -1.173003 -4.655960 2
24.257675 3.201553 -0.601171 2
24.257675 3.201553 -0.601171 2
24.257675 3.201553 -0.601171 2
24.257675 3.201553 -0.601171 2
24.257675 3.201553 -0.601171 2
22.987349 3.296092 -1.207859 2
22.987349 3.296092 -1.207859 2
22.987349 3.296092 -1.207859 2
22.987349 3.296092 -1.207859 2
22.987349 3.296092 -1.207859 2
22.987349 3.296092 -1.207859 2
22.987349 3.296092 -1.207859 2
22.987349 3.296092 -1.207859 2
22.987349 3.296092 -1.207859 2
22.987349 3.296092 -1.207859 2
22.987349 3.296092 -1.207859 2
22.987349 3.296092 -1.207859 2
22.987349 3.296092 -1.207859 2
26.942032 6.560026 1.194752 2
26.942032 6.560026 1.194752 2
26.942032 6.560026 1.194752 2
26.942032 6.560026 1.194752 2
26.942032 6.560026 1.194752 2
26.942032 6.560026 1.194752 2
23.481041 3.421216 -1.076293 2
23.481041 3.421216 -1.076293 2
24.544722 5.326682 0.911560 2
24.544722 5.326682 0.911560 2
23.646858 3.791348 -0.711320 2
23.646858 3.791348 -0.711320 2
23.646858 3.791348 -0.711320 2
25.269688 6.006823 0.585403 2
25.269688 6.006823 0.585403 2
22.937166 2.063549 -2.545775 2
22.937166 2.063549 -2.545775 2
22.937166 2.063549 -2.545775 2
22.937166 2.063549 -2.545775 2
22.937166 2.063549 -2.545775 2
24.025049 7.614166 0.664309 2
24.025049 7.614166 0.664309 2
25.696898 6.287629 1.064981 2
25.696898 6.287629 1.064981 2
23.819063 3.126574 -1.303660 2
23.819063 3.126574 -1.303660 2
23.819063 3.126574 -1.303660 2
26.480408 6.737344 1.493625 2
26.480408 6.737344 1.493625 2
23.891941 4.001783 -0.601761 2
23.891941 4.001783 -0.601761 2
23.891941 4.001783 -0.601761 2
23.891941 4.001783 -0.601761 2
23.891941 4.001783 -0.601761 2
23.891941 4.001783 -0.601761 2
23.891941 4.001783 -0.601761 2
25.327875 4.492606 -0.164196 2
25.327875 4.492606 -0.164196 2
25.327875 4.492606 -0.164196 2
25.327875 4.492606 -0.164196 2
24.180391 7.566863 0.624653 2
24.180391 7.566863 0.624653 2
24.180391 7.566863 0.624653 2
23.479889 3.252548 -1.195877 2
23.479889 3.252548 -1.195877 2
25.581718 5.969752 0.757810 2
25.581718 5.969752 0.757810 2
23.571712 7.979071 1.155951 2
23.533373 4.053210 -0.581993 2
23.533373 4.053210 -0.581993 2
23.533373 4.053210 -0.581993 2
23.533373 4.053210 -0.581993 2
25.046040 5.702465 0.696731 2
25.046040 5.702465 0.696731 2
25.046040 5.702465 0.696731 2
25.046040 5.702465 0.696731 2
25.046040 5.702465 0.696731 2
25.046040 5.702465 0.696731 2
25.046040 5.702465 0.696731 2
24.092194 7.798778 0.642648 2
24.092194 7.798778 0.642648 2
24.092194 7.798778 0.642648 2
24.092194 7.798778 0.642648 2
24.092194 7.798778 0.642648 2
23.817467 5.429036 0.664321 2
23.817467 5.429036 0.664321 2
24.129118 5.579454 0.762974 2
24.129118 5.579454 0.762974 2
24.129118 5.579454 0.762974 2
24.129118 5.579454 0.762974 2
24.129118 5.579454 0.762974 2
18.955488 5.042165 -0.050114 2
18.955488 5.042165 -0.050114 2
15.799489 6.631038 0.359816 2
15.799489 6.631038 0.359816 2
15.799489 6.631038 0.359816 2
5.862990 3.394771 0.088553 2
2.766583 2.607607 -0.786086 2
2.766583 2.607607 -0.786086 2
0.286223 4.386526 -0.540631 2
0.021131 2.268051 -1.395802 2
-0.088437 3.382335 -0.937869 2
0.138568 3.830068 0.617773 2
0.138568 3.830068 0.617773 2
-0.435065 2.551859 -1.262497 2
-0.246238 2.352056 -1.404961 2
-0.301345 2.336483 0.818304 2
-0.696902 4.082620 -0.303746 2
0.366191 3.075954 -0.692356 2
0.470292 4.203055 -1.853487 2
0.470292 4.203055 -1.853487 2
0.334924 4.591599 0.441972 2
-0.749316 5.488498 0.350859 2
-0.293871 2.789402 -1.006539 2
-1.170515 2.157559 -0.807122 2
-0.336910 3.159168 -0.870442 2
-0.336910 3.159168 -0.870442 2
-0.336910 3.159168 -0.870442 2
-0.546482 2.986324 -0.686017 2
-0.546482 2.986324 -0.686017 2
0.298611 3.764568 -0.725270 2
0.298611 3.764568 -0.725270 2
-0.044709 3.604318 -1.101901 2
-0.270691 2.295900 -0.841934 2
-0.270691 2.295900 -0.841934 2
0.146987 3.971112 -0.873443 2
0.146987 3.971112 -0.873443 2
-0.134228 2.810812 -1.239480 2
-0.134228 2.810812 -1.239480 2
-1.096401 3.475664 -0.735670 2
0.530572 5.038013 -0.291849 2
0.530572 5.038013 -0.291849 2
-0.383405 2.024915 -0.908813 2
-0.383405 2.024915 -0.908813 2
-0.861150 3.014357 -0.546596 2
-0.861150 3.014357 -0.546596 2
-2.003005 2.935651 1.153327 2
-0.599401 3.206976 -0.823127 2
-0.599401 3.206976 -0.823127 2
-0.428685 3.873764 -0.841209 2
-0.428685 3.873764 -0.841209 2
-1.522392 2.218462 -0.885587 2
-1.522392 2.218462 -0.885587 2
-0.500214 2.776505 -0.831317 2
0.344423 3.576851 0.268458 2
0.344423 3.576851 0.268458 2
0.564274 5.430877 -1.523308 2
0.564274 5.430877 -1.523308 2
0.895838 2.581873 0.713737 2
0.895838 2.581873 0.713737 2
-0.664979 4.118864 -0.882172 2
-0.981968 2.301434 -0.394443 2
-0.981968 2.301434 -0.394443 2
-0.292556 3.071676 -0.823771 2
-0.292556 3.071676 -0.823771 2
-0.014204 3.462598 -1.625572 2
-0.014204 3.462598 -1.625572 2
-0.639727 2.889679 -0.788638 2
0.314844 4.129731 -0.743193 2
0.314844 4.129731 -0.743193 2
0.033328 3.382131 -0.773083 2
0.033328 3.382131 -0.773083 2
0.033328 3.382131 -0.773083 2
0.033328 3.382131 -0.773083 2
-0.472920 3.662306 -1.236990 2
-0.472920 3.662306 -1.236990 2
-0.472920 3.662306 -1.236990 2
-0.393006 4.412226 0.291059 2
-0.393006 4.412226 0.291059 2
-0.621417 3.296952 -1.311821 2
-0.621417 3.296952 -1.311821 2
0.025188 3.363548 -0.945761 2
-0.560013 3.557598 -0.782468 2
-0.560013 3.557598 -0.782468 2
-0.636333 3.167352 -1.490600 2
-0.636333 3.167352 -1.490600 2
-0.053723 2.133710 -0.898948 2
-0.053723 2.133710 -0.898948 2
-0.400927 3.386785 -0.966689 2
0.774732 5.526430 -1.484790 2
0.774732 5.526430 -1.484790 2
1.631784 3.536327 0.391309 2
1.631784 3.536327 0.391309 2
8.025311 4.777185 -1.004514 2
8.025311 4.777185 -1.004514 2
9.821384 1.880023 -0.442189 2
13.667109 5.990993 -1.225427 2
13.667109 5.990993 -1.225427 2
13.667109 5.990993 -1.225427 2
13.667109 5.990993 -1.225427 2
13.667109 5.990993 -1.225427 2
13.667109 5.990993 -1.225427 2
13.667109 5.990993 -1.225427 2
22.787783 3.384384 -1.508369 2
22.787783 3.384384 -1.508369 2
22.787783 3.384384 -1.508369 2
22.787783 3.384384 -1.508369 2
22.787783 3.384384 -1.508369 2
22.787783 3.384384 -1.508369 2
23.181200 5.731595 0.929618 2
24.473749 4.763916 0.641603 2
24.473749 4.763916 0.641603 2
21.510000 2.457781 -2.267745 2
21.510000 2.457781 -2.267745 2
21.510000 2.457781 -2.267745 2
21.510000 2.457781 -2.267745 2
21.510000 2.457781 -2.267745 2
21.510000 2.457781 -2.267745 2
21.510000 2.457781 -2.267745 2
21.510000 2.457781 -2.267745 2
21.510000 2.457781 -2.267745 2
21.510000 2.457781 -2.267745 2
21.510000 2.457781 -2.267745 2
23.181429 3.900167 -0.814452 2
23.181429 3.900167 -0.814452 2
23.181429 3.900167 -0.814452 2
23.181429 3.900167 -0.814452 2
23.181429 3.900167 -0.814452 2
23.522665 5.357091 0.676592 2
23.522665 5.357091 0.676592 2
23.522665 5.357091 0.676592 2
23.819735 5.171872 0.684432 2
23.819735 5.171872 0.684432 2
23.819735 5.171872 0.684432 2
23.819735 5.171872 0.684432 2
23.819735 5.171872 0.684432 2
23.819735 5.171872 0.684432 2
23.759985 5.383741 0.454069 2
23.759985 5.383741 0.454069 2
23.759985 5.383741 0.454069 2
23.759985 5.383741 0.454069 2
23.759985 5.383741 0.454069 2
23.822941 5.389324 0.622635 2
23.822941 5.389324 0.622635 2
23.978167 5.456554 0.801301 2
23.978167 5.456554 0.801301 2
23.978167 5.456554 0.801301 2
23.978167 5.456554 0.801301 2
23.978167 5.456554 0.801301 2
24.137171 5.444864 0.746082 2
24.137171 5.444864 0.746082 2
23.383741 5.257060 0.639961 2
23.383741 5.257060 0.639961 2
23.383741 5.257060 0.639961 2
23.383741 5.257060 0.639961 2
23.383741 5.257060 0.639961 2
23.378448 5.434402 0.682626 2
23.378448 5.434402 0.682626 2
23.378448 5.434402 0.682626 2
23.378448 5.434402 0.682626 2
23.378448 5.434402 0.682626 2
23.442656 5.450116 0.662177 2
23.442656 5.450116 0.662177 2
23.526726 5.556963 0.819901 2
23.526726 5.556963 0.819901 2
23.500023 5.405970 0.658340 2
23.500023 5.405970 0.658340 2
23.500023 5.405970 0.658340 2
23.500023 5.405970 0.658340 2
23.500023 5.405970 0.658340 2
23.610107 5.354651 0.639192 2
23.610107 5.354651 0.639192 2
23.610107 5.354651 0.639192 2
23.610107 5.354651 0.639192 2
23.610107 5.354651 0.639192 2
23.708073 3.326135 -1.370355 2
23.708073 3.326135 -1.370355 2
23.108337 3.655809 -0.783578 2
23.108337 3.655809 -0.783578 2
23.815798 5.438670 0.627848 2
23.815798 5.438670 0.627848 2
23.815798 5.438670 0.627848 2
23.935699 5.442515 0.743505 2
23.935699 5.442515 0.743505 2
23.935699 5.442515 0.743505 2
23.935699 5.442515 0.743505 2
23.935699 5.442515 0.743505 2
23.935699 5.442515 0.743505 2
23.935699 5.442515 0.743505 2
23.357819 5.304796 0.672528 2
23.357819 5.304796 0.672528 2
23.357819 5.304796 0.672528 2
23.357819 5.304796 0.672528 2
18.988363 5.562378 0.263629 2
18.988363 5.562378 0.263629 2
18.988363 5.562378 0.263629 2
18.988363 5.562378 0.263629 2
18.988363 5.562378 0.263629 2
5.355228 3.824250 0.361756 2
5.355228 3.824250 0.361756 2
5.691997 8.402355 -1.657453 2
2.348143 3.291340 -0.356560 2
2.348143 3.291340 -0.356560 2
3.929834 -0.877731 -1.836184 2
3.929834 -0.877731 -1.836184 2
-0.563165 3.897028 -2.131483 2
-0.563165 3.897028 -2.131483 2
0.144119 3.531166 -0.057764 2
-0.044203 3.441916 -1.023981 2
-0.044203 3.441916 -1.023981 2
0.661480 3.810292 -0.096598 2
0.661480 3.810292 -0.096598 2
0.806163 4.054436 0.473300 2
0.806163 4.054436 0.473300 2
-0.933074 1.579944 -0.899477 2
-0.933074 1.579944 -0.899477 2
0.456823 4.032691 1.064746 2
-0.330367 2.911766 -0.989717 2
-0.330367 2.911766 -0.989717 2
0.151801 4.438654 -1.030295 2
0.151801 4.438654 -1.030295 2
-1.283707 3.299027 -0.796672 2
-0.349406 2.982206 -1.496632 2
-0.349406 2.982206 -1.496632 2
-0.225696 3.703020 -0.849817 2
-0.225696 3.703020 -0.849817 2
-1.826870 2.897315 0.098047 2
-1.826870 2.897315 0.098047 2
-0.371468 2.574708 -0.759327 2
-0.371468 2.574708 -0.759327 2
-0.342772 4.105397 -0.310309 2
-0.699667 2.375714 -0.580990 2
-0.699667 2.375714 -0.580990 2
-0.836985 2.381479 -1.074924 2
-0.836985 2.381479 -1.074924 2
-0.836985 2.381479 -1.074924 2
-0.719874 3.119919 -0.912735 2
-0.719874 3.119919 -0.912735 2
-0.176833 3.579433 -0.974531 2
-0.176833 3.579433 -0.974531 2
0.725305 3.350734 0.855183 2
0.725305 3.350734 0.855183 2
-0.405772 3.143992 -1.079012 2
0.305579 3.391717 -0.906115 2
0.305579 3.391717 -0.906115 2
0.139284 3.288242 -0.703898 2
0.139284 3.288242 -0.703898 2
-0.734082 3.184999 -1.409612 2
-0.734082 3.184999 -1.409612 2
-0.579978 3.920382 -0.810426 2
0.333815 3.559029 -1.101825 2
0.333815 3.559029 -1.101825 2
-0.170912 3.219668 -0.670558 2
-0.170912 3.219668 -0.670558 2
-0.094683 4.808473 -1.385930 2
-0.094683 4.808473 -1.385930 2
-0.432736 3.264856 -0.780857 2
0.000238 3.730039 -0.321107 2
0.000238 3.730039 -0.321107 2
-2.239155 3.166636 0.060027 2
-2.239155 3.166636 0.060027 2
-0.904525 3.229349 -0.710566 2
-0.904525 3.229349 -0.710566 2
0.026213 3.823318 -0.884909 2
-0.247728 3.469839 -0.696492 2
-0.247728 3.469839 -0.696492 2
-0.191975 2.054656 -0.718900 2
-0.191975 2.054656 -0.718900 2
-0.950585 2.405670 -0.634962 2
-0.950585 2.405670 -0.634962 2
0.447713 3.721906 -0.624049 2
-0.425188 3.142273 -0.712623 2
-0.425188 3.142273 -0.712623 2
0.034653 4.618483 -0.186515 2
0.034653 4.618483 -0.186515 2
0.878626 4.544529 -1.758401 2
0.878626 4.544529 -1.758401 2
-1.172120 2.692917 -0.524117 2
-2.111663 2.616128 1.001641 2
-1.006665 3.656344 -1.599111 2
-0.692135 3.188684 -0.871759 2
-0.692135 3.188684 -0.871759 2
-0.349031 4.070792 -0.843990 2
-0.349031 4.070792 -0.843990 2
-0.345471 3.701634 -1.179785 2
-0.345471 3.701634 -1.179785 2
-0.345471 3.701634 -1.179785 2
-0.345471 3.701634 -1.179785 2
-0.345471 3.701634 -1.179785 2
0.771729 5.333943 -1.692684 2
0.771729 5.333943 -1.692684 2
0.927124 4.294237 0.312049 2
6.270765 6.198326 -0.088186 2
6.270765 6.198326 -0.088186 2
10.143260 2.746814 -0.157523 2
10.143260 2.746814 -0.157523 2
14.383912 6.602086 0.202505 2
14.383912 6.602086 0.202505 2
14.383912 6.602086 0.202505 2
14.383912 6.602086 0.202505 2
14.383912 6.602086 0.202505 2
28.178629 4.606606 1.207191 2
28.178629 4.606606 1.207191 2
31.145855 1.760523 -1.078741 2
31.145855 1.760523 -1.078741 2
31.145855 1.760523 -1.078741 2
31.145855 1.760523 -1.078741 2
31.145855 1.760523 -1.078741 2
31.145855 1.760523 -1.078741 2
31.145855 1.760523 -1.078741 2
30.397436 5.467394 2.104599 2
30.397436 5.467394 2.104599 2
30.397436 5.467394 2.104599 2
30.397436 5.467394 2.104599 2
30.397436 5.467394 2.104599 2
30.397436 5.467394 2.104599 2
30.397436 5.467394 2.104599 2
29.119152 3.574156 0.565892 2
29.119152 3.574156 0.565892 2
29.119152 3.574156 0.565892 2
29.119152 3.574156 0.565892 2
29.119152 3.574156 0.565892 2
29.119152 3.574156 0.565892 2
29.119152 3.574156 0.565892 2
29.119152 3.574156 0.565892 2
29.119152 3.574156 0.565892 2
29.119152 3.574156 0.565892 2
29.119152 3.574156 0.565892 2
29.119152 3.574156 0.565892 2
29.119152 3.574156 0.565892 2
29.119152 3.574156 0.565892 2
29.385550 6.098547 3.065458 2
29.385550 6.098547 3.065458 2
29.385550 6.098547 3.065458 2
29.385550 6.098547 3.065458 2
29.385550 6.098547 3.065458 2
29.385550 6.098547 3.065458 2
29.385550 6.098547 3.065458 2
29.385550 6.098547 3.065458 2
29.385550 6.098547 3.065458 2
29.385550 6.098547 3.065458 2
29.385550 6.098547 3.065458 2
29.385550 6.098547 3.065458 2
31.251425 6.448154 2.015287 2
31.251425 6.448154 2.015287 2
31.251425 6.448154 2.015287 2
31.251425 6.448154 2.015287 2
31.251425 6.448154 2.015287 2
31.225229 6.266856 1.981676 2
31.225229 6.266856 1.981676 2
31.225229 6.266856 1.981676 2
31.225229 6.266856 1.981676 2
31.225229 6.266856 1.981676 2
31.225229 6.266856 1.981676 2
31.225229 6.266856 1.981676 2
31.225229 6.266856 1.981676 2
31.225229 6.266856 1.981676 2
31.225229 6.266856 1.981676 2
31.225229 6.266856 1.981676 2
31.225229 6.266856 1.981676 2
31.225229 6.266856 1.981676 2
31.225229 6.266856 1.981676 2
31.225229 6.266856 1.981676 2
31.225229 6.266856 1.981676 2
31.225229 6.266856 1.981676 2
31.225229 6.266856 1.981676 2
31.225229 6.266856 1.981676 2
31.225229 6.266856 1.981676 2
29.355120 5.784793 2.742299 2
29.355120 5.784793 2.742299 2
29.355120 5.784793 2.742299 2
29.355120 5.784793 2.742299 2
29.355120 5.784793 2.742299 2
29.355120 5.784793 2.742299 2
29.355120 5.784793 2.742299 2
29.355120 5.784793 2.742299 2
29.355120 5.784793 2.742299 2
29.355120 5.784793 2.742299 2
29.355120 5.784793 2.742299 2
29.355120 5.784793 2.742299 2
29.355120 5.784793 2.742299 2
29.355120 5.784793 2.742299 2
29.355120 5.784793 2.742299 2
29.355120 5.784793 2.742299 2
29.355120 5.784793 2.742299 2
29.355120 5.784793 2.742299 2
31.419529 6.442986 2.194151 2
31.419529 6.442986 2.194151 2
31.419529 6.442986 2.194151 2
31.419529 6.442986 2.194151 2
31.419529 6.442986 2.194151 2
27.489300 5.656312 1.386758 2
27.489300 5.656312 1.386758 2
23.624130 5.788109 0.299091 2
19.639494 6.622468 2.019359 2
19.639494 6.622468 2.019359 2
19.639494 6.622468 2.019359 2
19.639494 6.622468 2.019359 2
8.833439 4.750500 1.072570 2
9.307272 13.340957 0.426517 2
9.307272 13.340957 0.426517 2
2.151208 0.956276 -0.742746 2
2.151208 0.956276 -0.742746 2
3.802609 -0.970564 -1.700779 2
0.510337 2.533826 -0.749201 2
0.510337 2.533826 -0.749201 2
-0.659042 1.963962 -0.466259 2
-0.659042 1.963962 -0.466259 2
0.464271 4.640469 -0.271564 2
0.464271 4.640469 -0.271564 2
-0.278646 3.395148 -1.727258 2
-0.956904 4.452971 -0.447242 2
-1.035036 5.367748 1.708374 2
-0.887776 1.909798 -1.407792 2
-0.887776 1.909798 -1.407792 2
-0.648371 5.825318 0.305367 2
0.287715 4.883904 -0.297707 2
0.725453 3.327348 -0.044117 2
-1.434664 1.569948 -0.744169 2
-1.434664 1.569948 -0.744169 2
-1.434664 1.569948 -0.744169 2
0.339116 3.196942 0.708962 2
-0.366262 2.764583 -0.895088 2
-0.366262 2.764583 -0.895088 2
0.442068 3.933790 -0.971207 2
0.877208 4.704021 0.381859 2
0.110083 3.868173 -0.727494 2
-0.317401 3.090412 -1.475194 2
-0.086406 3.498054 -0.901911 2
-0.172521 3.846133 -0.606843 2
-0.778139 1.967730 -0.543811 2
0.123052 3.843424 -0.728898 2
0.101006 3.536164 -1.607223 2
-0.237883 2.413397 -0.883044 2
-0.214931 3.733844 -0.475356 2
1.036829 4.271620 -0.368931 2
0.385679 3.422599 -1.077190 2
0.385679 3.422599 -1.077190 2
0.385679 3.422599 -1.077190 2
0.211049 3.820964 0.768551 2
0.730960 4.598498 0.261098 2
-0.643623 2.712597 -1.185765 2
-0.209532 1.659910 0.570378 2
-0.127328 3.524994 -1.037622 2
-0.127328 3.524994 -1.037622 2
0.461715 3.346177 -0.346405 2
-0.475068 3.457179 -1.422375 2
-0.139122 2.575948 -0.732486 2
0.042199 3.469354 -1.187252 2
-1.388109 2.060580 -0.514081 2
-0.175241 3.046370 -0.735729 2
-0.175241 3.046370 -0.735729 2
-0.065326 2.134419 -0.922858 2
-0.467512 3.058877 -0.957299 2
-0.048532 4.020832 -0.789704 2
0.504556 3.818951 -0.823218 2
0.504556 3.818951 -0.823218 2
-1.036680 3.513474 -0.828080 2
0.019068 3.447022 -0.405679 2
0.019068 3.447022 -0.405679 2
-0.425182 3.270972 -0.820238 2
-1.663085 1.195595 -0.013198 2
0.067397 3.437426 -0.302532 2
-0.927853 1.607563 -0.493439 2
-0.927853 1.607563 -0.493439 2
-0.927853 1.607563 -0.493439 2
-0.352847 3.235293 -0.823420 2
-0.407207 3.320619 -0.778849 2
-0.832602 2.273412 -0.658517 2
-2.188609 2.747370 0.159923 2
-0.214954 3.434263 -1.753064 2
-0.276879 2.090273 -0.774107 2
-0.838559 3.068166 -0.817955 2
-0.187338 3.792430 -0.916240 2
0.537272 4.001914 -1.020447 2
0.537272 4.001914 -1.020447 2
-0.694294 2.750681 -0.818105 2
-0.319771 4.477178 0.419094 2
-0.317666 4.695467 -1.396450 2
-0.317666 4.695467 -1.396450 2
1.010151 5.146202 -1.892863 2
0.046820 3.544369 -1.199673 2
-1.310907 1.939674 -0.343904 2
-2.167764 2.216934 0.650851 2
-0.581369 3.630841 -1.359396 2
-0.661242 2.864942 -1.112916 2
-0.661242 2.864942 -1.112916 2
-0.827852 2.624509 -0.504680 2
0.627776 2.981441 -0.680957 2
-0.563604 3.431461 -1.472363 2
-0.061079 2.123802 -0.973579 2
0.619458 2.729995 -0.827494 2
3.937185 6.657918 -1.104972 2
8.412532 5.532861 -0.562101 2
11.072652 3.254932 -0.756331 2
11.072652 3.254932 -0.756331 2
11.072652 3.254932 -0.756331 2
11.072652 3.254932 -0.756331 2
11.072652 3.254932 -0.756331 2
11.072652 3.254932 -0.756331 2
11.072652 3.254932 -0.756331 2
11.072652 3.254932 -0.756331 2
11.072652 3.254932 -0.756331 2
11.072652 3.254932 -0.756331 2
11.072652 3.254932 -0.756331 2
11.072652 3.254932 -0.756331 2
29.877344 6.260609 2.247826 2
29.877344 6.260609 2.247826 2
29.877344 6.260609 2.247826 2
29.877344 6.260609 2.247826 2
30.910000 6.046592 2.600879 2
30.910000 6.046592 2.600879 2
30.910000 6.046592 2.600879 2
30.910000 6.046592 2.600879 2
30.910000 6.046592 2.600879 2
30.430750 5.234460 0.795328 2
30.430750 5.234460 0.795328 2
30.430750 5.234460 0.795328 2
31.023409 5.886571 1.587370 2
31.023409 5.886571 1.587370 2
31.023409 5.886571 1.587370 2
31.023409 5.886571 1.587370 2
31.023409 5.886571 1.587370 2
31.023409 5.886571 1.587370 2
31.023409 5.886571 1.587370 2
31.023409 5.886571 1.587370 2
31.023409 5.886571 1.587370 2
31.023409 5.886571 1.587370 2
31.023409 5.886571 1.587370 2
31.023409 5.886571 1.587370 2
31.023409 5.886571 1.587370 2
31.023409 5.886571 1.587370 2
31.023409 5.886571 1.587370 2
31.023409 5.886571 1.587370 2
31.023409 5.886571 1.587370 2
31.023409 5.886571 1.587370 2
31.023409 5.886571 1.587370 2
31.023409 5.886571 1.587370 2
31.023409 5.886571 1.587370 2
31.023409 5.886571 1.587370 2
31.023409 5.886571 1.587370 2
31.023409 5.886571 1.587370 2
31.023409 5.886571 1.587370 2
31.023409 5.886571 1.587370 2
31.023409 5.886571 1.587370 2
31.023409 5.886571 1.587370 2
31.023409 5.886571 1.587370 2
31.023409 5.886571 1.587370 2
31.023409 5.886571 1.587370 2
31.023409 5.886571 1.587370 2
31.023409 5.886571 1.587370 2
31.023409 5.886571 1.587370 2
27.764950 5.197435 0.914299 2
27.764950 5.197435 0.914299 2
27.764950 5.197435 0.914299 2
19.561781 5.696373 0.963991 2
19.561781 5.696373 0.963991 2
19.561781 5.696373 0.963991 2
7.586928 1.705811 -0.400630 2
7.586928 1.705811 -0.400630 2
6.814485 9.957345 0.267695 2
6.814485 9.957345 0.267695 2
2.646328 4.928045 -2.449197 2
2.646328 4.928045 -2.449197 2
0.827923 3.873697 -0.065408 2
2.302349 -0.374171 -2.035893 2
2.302349 -0.374171 -2.035893 2
2.302349 -0.374171 -2.035893 2
2.302349 -0.374171 -2.035893 2
-1.040855 1.813386 -1.009121 2
-1.040855 1.813386 -1.009121 2
-1.040855 1.813386 -1.009121 2
-0.782352 3.798251 -0.037066 2
0.888913 3.006742 -0.021950 2
-0.847949 1.674326 -1.413278 2
-0.847949 1.674326 -1.413278 2
-0.714656 2.562614 1.041734 2
-0.714656 2.562614 1.041734 2
-0.568159 4.338732 0.450716 2
-0.757869 2.471601 -1.029299 2
-0.757869 2.471601 -1.029299 2
-0.757869 2.471601 -1.029299 2
-0.757869 2.471601 -1.029299 2
-0.757869 2.471601 -1.029299 2
-0.757869 2.471601 -1.029299 2
-0.836407 3.515506 -1.174099 2
-0.464756 3.969926 -0.696412 2
-0.464756 3.969926 -0.696412 2
-0.909461 1.534399 -0.207827 2
-0.909461 1.534399 -0.207827 2
-0.727362 3.439296 0.530233 2
-0.727362 3.439296 0.530233 2
0.298356 3.700590 -0.968292 2
0.298356 3.700590 -0.968292 2
0.862695 5.761133 -1.617000 2
-0.158377 3.390933 -0.259975 2
-0.158377 3.390933 -0.259975 2
-0.319580 3.138314 -1.340339 2
-0.319580 3.138314 -1.340339 2
-0.269237 3.366753 -0.755180 2
-0.269237 3.366753 -0.755180 2
-0.211383 3.109616 -0.832445 2
-0.199980 3.575770 -1.652541 2
-0.199980 3.575770 -1.652541 2
-0.810422 3.370858 -0.881761 2
-0.810422 3.370858 -0.881761 2
-0.137733 3.674180 -0.837849 2
0.195708 3.453006 -1.534186 2
0.195708 3.453006 -1.534186 2
0.380512 1.783700 0.905769 2
0.380512 1.783700 0.905769 2
-0.399417 3.585257 -1.432047 2
-0.399417 3.585257 -1.432047 2
0.696265 5.140799 -1.948766 2
0.102445 3.926429 -0.786176 2
0.182811 3.147329 0.776112 2
-1.062058 3.399052 -0.417892 2
-1.062058 3.399052 -0.417892 2
-0.125671 3.053328 -1.311451 2
-0.125671 3.053328 -1.311451 2
-0.787578 3.332867 -0.654694 2
-0.482965 3.538320 -1.021207 2
-0.482965 3.538320 -1.021207 2
-0.123297 2.256903 -0.847838 2
-0.123297 2.256903 -0.847838 2
1.046085 3.710169 -0.425375 2
1.046085 3.710169 -0.425375 2
1.046085 3.710169 -0.425375 2
0.539377 4.208706 0.088713 2
0.539377 4.208706 0.088713 2
-0.458317 3.184635 -0.676955 2
-0.458317 3.184635 -0.676955 2
-0.123332 3.612807 -1.138033 2
-0.123332 3.612807 -1.138033 2
-0.123332 3.612807 -1.138033 2
-0.710332 4.372298 -0.846225 2
-0.473791 3.413763 -1.344911 2
-0.182321 3.498013 -0.786813 2
-0.182321 3.498013 -0.786813 2
-2.150637 2.857852 0.239571 2
-2.150637 2.857852 0.239571 2
-0.353396 3.426949 -1.412719 2
-0.666759 3.456680 -1.013539 2
