-0.242741 0.146863 0.374199 2
1.154988 0.223637 0.206682 2
1.121758 0.109927 -0.051872 2
1.130761 0.110683 0.029591 2
1.080939 -0.036478 -0.048331 2
1.134374 0.136300 0.101451 2
0.847341 -0.032360 0.174191 2
1.145650 0.027327 0.071737 2
1.117227 0.132001 0.034044 2
0.987488 0.029849 0.011812 2
1.122884 -0.056785 -0.043528 2
1.117572 0.108754 0.044757 2
1.154030 0.203066 -0.075393 2
1.516076 0.421274 -0.043953 2
0.928384 -0.156475 0.012279 2
1.156049 0.119765 0.128066 2
1.122384 0.129514 0.088636 2
1.106080 0.220142 0.177946 2
1.091106 0.019289 0.013578 2
0.989654 -0.079370 -0.032777 2
0.928642 -0.092417 0.196255 2
0.965121 -0.105552 -0.031004 2
1.059608 0.052043 -0.026054 2
1.224025 0.203073 0.031740 2
1.079434 0.017817 -0.016651 2
1.003152 -0.091378 -0.051381 2
1.593396 0.555493 -0.134936 2
0.939038 -0.136926 -0.061660 2
1.046886 0.068127 0.029813 2
1.079929 0.201328 0.109538 2
1.086272 0.041727 0.090123 2
1.061658 -0.079141 -0.008048 2
1.061658 -0.079141 -0.008048 2
1.130948 0.118444 -0.083590 2
1.061094 0.120179 0.277981 2
1.081109 0.066318 -0.021582 2
1.025024 -0.065126 -0.040983 2
1.079609 0.155157 0.173626 2
1.255226 0.230778 0.263297 2
1.094182 0.057211 0.041575 2
1.049168 -0.114493 -0.015065 2
0.956326 0.051192 0.314871 2
1.560862 0.267883 0.022137 2
1.222151 0.273236 0.222215 2
1.103693 0.018398 -0.072698 2
1.081016 0.237813 0.142146 2
1.004627 -0.101266 -0.007609 2
1.095500 0.239144 0.255634 2
1.146723 0.158568 0.176195 2
1.238261 0.409558 -0.504057 2
1.008599 -0.005108 0.077288 2
1.202352 0.116541 0.042022 2
1.057161 -0.074539 0.018582 2
0.961484 -0.175604 -0.016497 2
1.156600 0.321438 -0.498832 2
0.885601 -0.060316 0.012900 2
0.987883 -0.023450 -0.062998 2
1.180488 0.175950 -0.049754 2
1.068328 0.066065 0.011643 2
0.891420 -0.035659 0.117191 2
1.126371 0.108311 0.173278 2
1.143275 0.209648 -0.023726 2
1.063406 -0.068604 -0.032619 2
0.961523 -0.100432 -0.024161 2
1.251755 0.311933 -0.266974 2
0.831779 -0.214939 -0.056977 2
1.175094 0.198169 0.068899 2
1.135801 0.244424 0.149909 2
1.073139 0.035198 0.073702 2
0.975397 -0.011483 0.037433 2
1.149185 0.255164 0.258664 2
1.196167 0.304527 0.224997 2
1.222841 0.278610 0.183117 2
0.891790 -0.160196 0.185395 2
1.091652 0.104558 0.002519 2
0.967871 -0.047814 -0.057056 2
0.983412 0.051472 0.175632 2
1.091630 -0.087347 -0.063112 2
1.018913 0.039321 -0.054977 2
1.027189 -0.027586 -0.041490 2
0.912782 0.119867 0.295255 2
1.176746 0.158687 0.097069 2
1.010251 -0.089473 0.050725 2
1.259653 0.339857 -0.326368 2
0.961227 -0.051794 -0.072915 2
1.095580 0.145774 -0.115573 2
1.078814 0.020959 0.010115 2
1.050477 0.096844 -0.015332 2
1.016649 0.174647 0.353611 2
1.126987 0.237499 0.125438 2
1.113266 0.231101 0.213844 2
0.955709 0.102283 0.183400 2
1.080091 -0.054460 0.000200 2
1.007131 -0.145599 -0.013572 2
1.058399 -0.045330 -0.063356 2
1.058399 -0.045330 -0.063356 2
0.906066 -0.024626 0.216022 2
1.140605 0.122373 0.081577 2
1.128541 0.196304 0.168284 2
1.078368 0.171202 0.233173 2
1.156395 0.106648 0.139230 2
1.112468 0.262122 0.187383 2
1.019680 -0.032672 -0.076131 2
0.947979 0.113643 0.311330 2
1.036925 0.063187 -0.040581 2
1.027300 -0.050343 -0.022604 2
1.236977 0.186367 -0.093022 2
1.120634 -0.061604 -0.020643 2
1.148390 0.160399 0.125011 2
1.024837 -0.035020 0.008612 2
1.260246 0.118768 0.069006 2
0.973248 0.124893 0.301180 2
1.206905 0.129832 0.098107 2
1.262930 0.350664 -0.062457 2
1.009504 -0.004978 -0.026082 2
1.130579 0.040983 0.050940 2
1.116422 0.085616 -0.004063 2
1.113792 0.097927 0.059950 2
0.994034 0.099428 0.291726 2
1.057860 -0.000061 -0.078229 2
1.089421 0.138505 0.102509 2
1.086725 -0.124040 -0.020474 2
1.690093 0.389104 -0.051199 2
1.050619 0.035612 0.048004 2
0.976717 -0.149323 -0.032015 2
1.180690 0.104166 -0.024027 2
1.133863 0.151828 -0.071163 2
1.277280 0.304729 -0.315670 2
1.188459 0.164477 -0.318234 2
1.157930 0.095582 0.265843 2
1.100428 0.062313 0.060553 2
1.194828 0.195453 0.137437 2
1.038622 0.002368 0.020580 2
0.926859 0.067502 0.262689 2
1.229819 0.250726 0.128560 2
1.086040 0.023995 -0.040511 2
1.187793 0.034155 -0.045311 2
0.911807 -0.276349 -0.001386 2
1.235535 0.240547 0.195109 2
1.000403 -0.110027 -0.047414 2
1.120658 0.236359 0.180853 2
0.919988 -0.010068 0.099757 2
1.343422 0.371092 0.084157 2
0.980171 0.121326 0.338476 2
1.833004 0.548303 -0.170005 2
1.017000 -0.031223 -0.055045 2
1.111599 -0.004276 0.008973 2
1.073089 -0.000729 -0.071458 2
0.839610 -0.111747 0.198734 2
0.927520 0.037469 0.205850 2
1.282451 0.150904 0.168582 2
1.098663 0.150440 0.163287 2
1.113522 0.109427 0.078964 2
0.995205 -0.175244 -0.017226 2
0.977040 -0.086056 -0.032431 2
0.940883 -0.196561 -0.051030 2
1.382040 0.440250 -0.318637 2
1.084147 0.189833 -0.084152 2
0.979778 -0.026625 -0.083685 2
1.043785 -0.024089 0.019976 2
1.124115 0.105102 0.181458 2
0.891782 -0.094077 0.070195 2
1.137272 0.053149 0.046662 2
1.173393 0.237078 0.154601 2
1.146974 0.253060 0.139102 2
1.107896 0.031528 -0.099426 2
1.053846 0.000715 -0.071864 2
1.121873 0.143916 0.151923 2
1.183795 0.197141 0.342839 2
1.189119 0.183031 0.183973 2
0.937723 -0.244996 0.023027 2
1.112761 0.101436 0.058204 2
1.035522 -0.104541 -0.051765 2
1.090525 -0.026148 -0.034349 2
0.963415 -0.237815 -0.005973 2
0.963415 -0.237815 -0.005973 2
1.023478 -0.162617 -0.003699 2
1.076576 0.030505 -0.032215 2
1.088627 0.039089 -0.034614 2
1.164929 0.122217 0.091699 2
1.051713 -0.009692 -0.012176 2
1.132514 0.067167 -0.075914 2
1.098983 0.183688 0.151630 2
1.043473 0.141690 0.046734 2
1.134746 -0.012365 0.036538 2
1.150828 0.110782 0.006127 2
1.167475 0.084071 -0.084585 2
1.119628 0.064090 -0.050268 2
1.031792 -0.034724 -0.042577 2
1.085795 -0.005556 0.011724 2
1.167748 0.131698 0.157628 2
1.130324 0.155998 0.109234 2
1.193692 0.031754 0.125073 2
1.136672 0.022321 0.056193 2
1.131320 0.081029 0.009005 2
0.977484 0.113866 0.315574 2
1.117497 -0.015535 -0.038242 2
1.063962 -0.072468 -0.028786 2
0.827851 -0.329098 0.065118 2
1.113284 -0.003284 0.031224 2
1.193721 0.179460 0.193334 2
1.129380 0.121664 0.217547 2
1.146778 0.228986 0.194035 2
1.135136 0.229993 0.157416 2
1.048133 -0.012193 -0.001324 2
1.167383 0.176494 0.161291 2
1.024523 -0.068808 -0.043159 2
1.143639 0.051834 -0.010215 2
1.174208 0.283561 0.228397 2
1.078069 -0.031206 -0.013474 2
0.967360 -0.151474 0.001933 2
1.150439 0.178077 0.117184 2
1.112166 0.219384 0.209450 2
1.141197 0.236108 0.253376 2
1.130047 0.064903 0.056826 2
1.181652 0.084087 0.077430 2
1.014211 0.020109 -0.035612 2
1.253260 0.279434 0.063604 2
1.110993 0.062434 -0.034914 2
1.171720 0.040211 0.058214 2
1.196635 0.163563 0.107039 2
1.080741 0.087518 0.166729 2
1.075081 -0.010913 0.032916 2
1.075081 -0.010913 0.032916 2
1.177436 0.154127 0.135604 2
1.019767 -0.022836 -0.056727 2
0.973277 -0.018358 -0.040329 2
1.149952 0.084045 0.053918 2
1.035060 0.096933 0.108633 2
0.991914 -0.082440 0.005948 2
1.120771 0.150660 0.145865 2
1.030666 -0.040784 -0.046265 2
1.069585 -0.051551 -0.049177 2
1.119580 0.169773 0.146891 2
1.082930 -0.047333 -0.004704 2
1.146965 0.121555 0.063457 2
1.058051 0.068611 0.094305 2
1.177921 0.114782 -0.014312 2
1.165631 0.063683 -0.011870 2
1.051243 0.145366 0.045536 2
1.033230 -0.071930 -0.041152 2
1.067771 0.058472 0.008730 2
1.186729 0.245044 0.183497 2
0.940875 0.046560 0.204199 2
1.122159 0.273512 0.211410 2
1.212424 0.073076 0.106819 2
1.099400 0.105702 0.098435 2
1.039746 0.008371 -0.039170 2
1.116174 -0.002751 -0.052723 2
1.116174 -0.002751 -0.052723 2
1.186602 0.072104 -0.054161 2
1.045470 -0.086057 -0.006779 2
1.093706 0.148211 0.194802 2
0.988793 -0.021929 -0.008993 2
0.953581 -0.266851 -0.029308 2
0.796485 -0.073756 0.282297 2
1.174808 0.123384 0.049106 2
1.006434 -0.086826 -0.063267 2
1.261470 0.320170 0.105117 2
1.125219 0.273563 0.237147 2
1.125219 0.273563 0.237147 2
1.087377 0.066644 0.035582 2
1.184472 0.089283 0.036503 2
1.067237 0.061855 0.063383 2
1.059709 -0.029921 -0.014083 2
1.008678 -0.080610 -0.050665 2
1.086934 -0.022539 0.015797 2
1.058278 0.181246 0.319961 2
1.278648 0.325520 -0.333675 2
1.278648 0.325520 -0.333675 2
0.902281 -0.047127 0.012018 2
1.058753 -0.015428 -0.052694 2
1.179886 0.087250 0.084567 2
1.077129 -0.036533 0.052762 2
1.076867 0.112451 0.144788 2
1.083324 -0.060796 -0.058683 2
1.083324 -0.060796 -0.058683 2
1.087221 0.119013 -0.065583 2
1.024000 -0.055556 -0.083804 2
1.097888 0.074067 -0.098143 2
1.141968 0.053105 0.127933 2
1.141968 0.053105 0.127933 2
1.098189 0.077097 0.064194 2
1.003741 0.046171 0.291874 2
0.984292 -0.139892 -0.035868 2
1.044440 0.036135 -0.043943 2
1.135392 0.016332 -0.060003 2
1.306704 0.320450 -0.044618 2
1.190376 0.244673 0.167905 2
1.080007 0.030591 0.041650 2
1.136634 0.050334 0.085902 2
1.036024 0.085297 0.042853 2
1.105264 0.045306 0.020255 2
1.013645 0.170536 0.226837 2
0.968546 -0.119811 -0.025583 2
1.077853 0.056723 0.026876 2
1.300368 0.291693 -0.313299 2
1.106141 0.093624 0.127745 2
1.091865 0.240120 0.223203 2
1.056610 0.048301 0.040304 2
1.209700 0.385020 0.194356 2
1.027846 -0.115683 -0.046975 2
1.027846 -0.115683 -0.046975 2
1.097062 0.085013 0.089262 2
1.141522 0.093754 0.029590 2
1.065432 0.110920 0.141642 2
1.109071 0.164735 0.160349 2
0.970289 -0.113987 -0.053919 2
1.316141 0.311757 -0.297219 2
1.070054 -0.062182 -0.083549 2
1.075393 0.067845 0.002825 2
1.326634 0.384222 0.128630 2
1.122168 0.153480 0.165470 2
1.071839 0.016568 -0.005990 2
1.213957 0.242475 0.235639 2
0.970958 -0.180084 -0.049903 2
0.970958 -0.180084 -0.049903 2
0.841871 -0.112467 0.087981 2
1.093388 0.047217 -0.049395 2
0.983353 -0.185104 -0.034807 2
1.198631 0.114372 0.145669 2
1.188006 0.174633 0.182489 2
1.362713 0.322703 0.213958 2
1.362713 0.322703 0.213958 2
1.072413 0.132118 -0.011935 2
1.021147 0.137303 0.328760 2
1.109607 0.023525 0.011643 2
1.060060 -0.038368 -0.007913 2
0.949513 -0.017918 0.051620 2
1.016438 -0.061141 0.008968 2
0.893922 -0.199009 0.103073 2
1.135617 0.225106 -0.047904 2
1.061417 0.138090 0.317999 2
1.115698 0.106255 -0.001285 2
1.146721 0.187198 0.188199 2
1.124434 0.137031 0.148582 2
1.179224 0.100391 0.074262 2
0.866174 -0.112622 0.125976 2
1.110292 0.129795 -0.076268 2
1.110292 0.129795 -0.076268 2
1.011301 -0.082598 -0.082045 2
1.200319 0.053809 -0.019847 2
0.916150 0.128854 0.237725 2
1.088065 0.117105 0.203520 2
1.088065 0.117105 0.203520 2
1.048314 0.005622 -0.027408 2
1.048314 0.005622 -0.027408 2
1.010430 0.175609 0.361507 2
1.158010 0.102991 -0.089240 2
1.187065 0.330056 0.131688 2
0.956023 -0.055343 0.142451 2
0.956023 -0.055343 0.142451 2
1.126783 0.192668 0.227293 2
1.117238 0.182949 0.148201 2
1.143480 0.304150 0.225811 2
1.213587 0.139128 0.022458 2
1.114124 0.029869 -0.007345 2
1.085021 -0.033419 0.018449 2
1.085021 -0.033419 0.018449 2
1.074467 -0.161320 0.023413 2
1.066871 0.006673 0.002342 2
1.279565 0.248251 0.040639 2
0.952433 0.175664 0.279605 2
1.124652 0.097423 0.175806 2
1.132928 0.121562 0.308735 2
1.123019 -0.014944 0.031848 2
1.123019 -0.014944 0.031848 2
1.093283 -0.013060 -0.012956 2
1.126490 0.117103 -0.004359 2
1.052189 -0.005796 -0.021987 2
1.219978 0.227694 0.097686 2
1.219978 0.227694 0.097686 2
1.157070 0.126285 0.096002 2
1.301532 0.108066 0.087683 2
1.301532 0.108066 0.087683 2
1.172637 0.256599 0.207457 2
1.172637 0.256599 0.207457 2
1.172637 0.256599 0.207457 2
1.044671 0.067220 0.081361 2
1.044671 0.067220 0.081361 2
1.095453 0.268000 0.204986 2
1.140098 0.062771 0.005612 2
1.153775 0.018264 0.037951 2
1.099823 0.106068 0.109823 2
1.123881 0.143517 0.068507 2
1.189545 0.046222 0.065666 2
0.921814 0.100656 0.295848 2
1.223310 0.097118 0.082973 2
1.027524 -0.142874 -0.005953 2
1.212528 0.404201 -0.111500 2
1.162453 0.150367 -0.027536 2
1.182350 0.216044 -0.165873 2
1.188545 0.175983 0.012305 2
1.188545 0.175983 0.012305 2
1.125591 0.190816 0.094281 2
0.989739 0.102594 0.371598 2
1.070944 -0.007880 0.041409 2
1.253701 0.224916 0.276721 2
1.135501 0.153843 -0.062781 2
0.939551 -0.085254 0.219879 2
0.939551 -0.085254 0.219879 2
0.914471 0.040692 0.297054 2
0.987850 -0.152652 0.006525 2
1.112707 0.124529 0.106448 2
1.124830 0.106678 0.146972 2
1.034045 0.046879 0.073761 2
1.549608 0.472166 -0.174742 2
1.024135 0.255749 0.261430 2
1.016005 0.196650 0.266881 2
0.968275 -0.164009 -0.019936 2
0.882870 -0.176842 -0.009017 2
1.022259 -0.041044 0.142363 2
1.167173 0.131527 0.124094 2
0.993199 -0.141055 -0.005529 2
1.001004 -0.098973 0.140592 2
0.953151 0.128890 0.385333 2
0.953151 0.128890 0.385333 2
1.160727 0.067233 0.101004 2
1.281033 0.228836 0.140167 2
1.260939 0.231926 -0.071288 2
1.129185 0.363400 0.041969 2
1.129185 0.363400 0.041969 2
1.030842 -0.123392 -0.023321 2
0.903443 0.050754 0.241942 2
0.968606 0.137262 0.310728 2
1.051026 0.099390 0.060024 2
1.103932 0.127816 0.228087 2
1.132367 0.034675 0.028816 2
1.132367 0.034675 0.028816 2
1.048979 0.000284 -0.005838 2
1.090288 -0.030556 -0.008221 2
0.874843 -0.028638 0.288022 2
1.073065 -0.056113 -0.012371 2
1.056050 -0.011529 -0.000455 2
1.254574 0.227985 0.008770 2
1.254574 0.227985 0.008770 2
1.136819 0.162720 0.198624 2
1.091159 0.088082 0.021693 2
1.195316 0.209614 0.087631 2
0.881047 -0.085810 0.067276 2
1.169745 0.210392 0.011225 2
1.041709 0.116908 0.056540 2
1.041709 0.116908 0.056540 2
0.962643 -0.121161 0.128131 2
0.913297 -0.228387 -0.002515 2
1.182645 0.207014 0.165328 2
1.096789 0.009888 -0.026569 2
1.187256 0.025848 0.034293 2
1.102889 0.228168 0.137613 2
1.102889 0.228168 0.137613 2
0.998368 -0.020931 -0.038508 2
1.064909 0.001863 -0.002426 2
1.203654 0.116643 -0.067417 2
0.776068 -0.216766 0.105214 2
0.881957 0.013970 0.111828 2
1.099274 0.005323 0.000292 2
1.126442 0.105483 0.201441 2
1.107855 0.073132 0.118951 2
1.111123 0.272008 0.217211 2
1.023843 0.284935 0.329146 2
1.121284 0.289821 0.147134 2
0.934705 0.284026 0.099375 2
1.044935 -0.085606 -0.028800 2
1.044935 -0.085606 -0.028800 2
0.872279 -0.273844 -0.046176 2
1.015188 0.027757 0.067617 2
1.044884 -0.080338 0.016144 2
1.044884 -0.080338 0.016144 2
0.987137 0.116973 0.353660 2
1.170991 0.077631 0.031621 2
1.170991 0.077631 0.031621 2
1.179751 0.117475 -0.007318 2
1.179751 0.117475 -0.007318 2
1.012196 -0.058229 -0.001307 2
1.012196 -0.058229 -0.001307 2
1.230248 0.140661 0.165323 2
0.949666 0.052584 0.351916 2
0.949666 0.052584 0.351916 2
1.034534 0.279019 0.141662 2
1.034534 0.279019 0.141662 2
1.150519 0.117956 -0.055490 2
1.150519 0.117956 -0.055490 2
0.999450 -0.154885 -0.036689 2
0.813061 -0.267545 0.073691 2
0.813061 -0.267545 0.073691 2
1.136091 0.096966 0.057804 2
1.136091 0.096966 0.057804 2
1.212672 0.208572 0.227167 2
1.212672 0.208572 0.227167 2
1.309800 0.333610 0.115057 2
0.892482 -0.059947 0.143613 2
0.892482 -0.059947 0.143613 2
1.058180 0.058140 -0.133302 2
1.058180 0.058140 -0.133302 2
0.989428 0.024215 0.047062 2
0.989428 0.024215 0.047062 2
1.109031 0.020555 0.070564 2
1.042556 0.077895 0.340196 2
1.042556 0.077895 0.340196 2
1.351404 0.499809 -0.086916 2
1.351404 0.499809 -0.086916 2
0.982872 -0.071210 -0.049610 2
0.982872 -0.071210 -0.049610 2
1.088692 0.249294 0.001648 2
1.088692 0.249294 0.001648 2
1.257282 0.331096 -0.125155 2
0.990854 0.194144 0.345261 2
0.990854 0.194144 0.345261 2
1.075137 0.138910 0.190461 2
1.075137 0.138910 0.190461 2
0.991140 -0.031490 0.036999 2
1.123404 0.188435 -0.038950 2
1.123404 0.188435 -0.038950 2
1.218198 0.110906 -0.115298 2
1.218198 0.110906 -0.115298 2
1.118831 0.040800 0.021497 2
1.118831 0.040800 0.021497 2
1.131174 -0.033286 0.089780 2
1.080754 0.081279 0.129011 2
1.080754 0.081279 0.129011 2
0.920920 -0.077904 0.201633 2
0.920920 -0.077904 0.201633 2
1.045027 -0.070930 -0.070308 2
1.045027 -0.070930 -0.070308 2
1.170575 0.056785 -0.036336 2
1.138535 0.093636 0.138590 2
1.138535 0.093636 0.138590 2
1.119997 0.162903 0.193673 2
1.119997 0.162903 0.193673 2
1.057189 -0.045619 0.140486 2
1.057189 -0.045619 0.140486 2
1.085032 0.062343 0.080712 2
1.044953 0.018260 0.001049 2
1.044953 0.018260 0.001049 2
0.977486 -0.193267 -0.055649 2
0.977486 -0.193267 -0.055649 2
0.956473 0.131234 0.208097 2
0.956473 0.131234 0.208097 2
1.310112 0.211426 0.044090 2
1.021454 0.044685 0.092780 2
1.100413 0.004131 0.106063 2
1.108932 0.027814 -0.011976 2
1.108932 0.027814 -0.011976 2
1.147465 0.060983 -0.024198 2
1.147465 0.060983 -0.024198 2
0.844707 -0.251482 0.206703 2
1.046518 0.051717 -0.028642 2
1.046518 0.051717 -0.028642 2
1.114643 0.163043 0.257269 2
1.114643 0.163043 0.257269 2
1.363430 0.103910 0.071109 2
1.363430 0.103910 0.071109 2
0.967028 0.158927 0.173983 2
0.935893 -0.269169 -0.048009 2
0.935893 -0.269169 -0.048009 2
0.943054 -0.246445 0.005956 2
0.943054 -0.246445 0.005956 2
1.072960 0.006719 0.096027 2
1.072960 0.006719 0.096027 2
1.111706 0.077360 0.029909 2
0.902827 0.097880 0.365375 2
0.902827 0.097880 0.365375 2
1.221317 0.270072 -0.307625 2
1.221317 0.270072 -0.307625 2
1.182989 0.066735 -0.071377 2
1.182989 0.066735 -0.071377 2
1.189036 0.157493 -0.049111 2
0.947482 0.046182 0.172089 2
0.947482 0.046182 0.172089 2
1.124098 -0.003990 0.058626 2
1.124098 -0.003990 0.058626 2
1.179553 0.279872 0.209572 2
1.179553 0.279872 0.209572 2
0.930402 0.005070 -0.081856 2
0.930402 0.005070 -0.081856 2
0.837152 -0.167203 0.159915 2
1.174237 0.124845 0.123544 2
1.174237 0.124845 0.123544 2
1.188569 0.339054 0.295375 2
1.188569 0.339054 0.295375 2
1.027277 0.188695 0.173264 2
1.027277 0.188695 0.173264 2
1.027277 0.188695 0.173264 2
0.994274 0.019685 -0.028946 2
0.994274 0.019685 -0.028946 2
1.116804 -0.058065 0.012885 2
1.116804 -0.058065 0.012885 2
1.051462 -0.090561 -0.019020 2
1.073929 0.155031 0.106602 2
1.073929 0.155031 0.106602 2
1.542408 0.642428 -0.375220 2
1.542408 0.642428 -0.375220 2
1.014536 -0.081056 -0.002453 2
1.014536 -0.081056 -0.002453 2
1.273963 0.206449 -0.100008 2
1.079631 0.037093 -0.039700 2
1.079631 0.037093 -0.039700 2
1.256947 0.237892 0.034612 2
1.256947 0.237892 0.034612 2
1.284423 0.374803 -0.403232 2
1.284423 0.374803 -0.403232 2
1.006209 0.188037 0.149497 2
1.103208 0.191112 0.187792 2
1.103208 0.191112 0.187792 2
1.025019 -0.088018 -0.083942 2
1.025019 -0.088018 -0.083942 2
0.880943 0.031009 -0.016642 2
0.880943 0.031009 -0.016642 2
1.194008 0.280133 -0.142595 2
0.956252 0.023431 0.002218 2
0.956252 0.023431 0.002218 2
1.047034 0.061417 0.007361 2
1.047034 0.061417 0.007361 2
0.908391 -0.197648 0.184906 2
0.908391 -0.197648 0.184906 2
0.908391 -0.197648 0.184906 2
1.339281 0.304748 -0.339309 2
1.339281 0.304748 -0.339309 2
1.187317 0.217785 0.207014 2
1.187317 0.217785 0.207014 2
1.090969 -0.016389 -0.002907 2
1.090969 -0.016389 -0.002907 2
1.052973 0.105054 -0.003514 2
1.037630 -0.037350 -0.063753 2
1.160947 0.078685 0.159155 2
1.012749 -0.108965 -0.004702 2
1.012749 -0.108965 -0.004702 2
0.837301 -0.176472 0.236166 2
0.837301 -0.176472 0.236166 2
1.128732 0.299519 0.138439 2
1.133498 0.084318 0.068378 2
1.038202 0.209432 0.190145 2
0.866900 -0.032571 0.138485 2
0.866900 -0.032571 0.138485 2
1.045173 -0.032249 -0.049865 2
1.045173 -0.032249 -0.049865 2
1.100676 -0.010897 -0.044644 2
1.058128 -0.051799 -0.009924 2
1.058128 -0.051799 -0.009924 2
0.961455 -0.023507 0.116139 2
0.961455 -0.023507 0.116139 2
1.184389 0.204044 0.305532 2
1.184389 0.204044 0.305532 2
0.974404 0.088540 0.369466 2
1.153612 0.092755 -0.020742 2
1.153612 0.092755 -0.020742 2
1.093929 -0.056872 -0.004942 2
1.093929 -0.056872 -0.004942 2
1.057349 0.141276 -0.046184 2
1.057349 0.141276 -0.046184 2
0.833170 0.069351 0.163063 2
0.988327 -0.088817 -0.045311 2
0.988327 -0.088817 -0.045311 2
1.109410 0.084516 0.156698 2
1.109410 0.084516 0.156698 2
1.148362 0.073817 0.018948 2
1.148362 0.073817 0.018948 2
1.095554 -0.037686 -0.072735 2
0.821055 -0.114059 0.063158 2
0.821055 -0.114059 0.063158 2
1.073071 0.043312 0.112493 2
1.073071 0.043312 0.112493 2
1.066982 0.248998 0.260239 2
1.066982 0.248998 0.260239 2
1.277467 0.410850 0.063121 2
1.019926 -0.121760 -0.046758 2
1.019926 -0.121760 -0.046758 2
1.040146 -0.054349 -0.083017 2
1.040146 -0.054349 -0.083017 2
1.083131 0.008871 0.052574 2
1.083131 0.008871 0.052574 2
1.852180 0.745030 -0.482061 2
1.206183 0.184124 0.064059 2
1.206183 0.184124 0.064059 2
1.235614 0.226431 0.171289 2
1.235614 0.226431 0.171289 2
1.090801 -0.039870 -0.052934 2
1.090801 -0.039870 -0.052934 2
1.409613 0.149365 -0.509299 2
0.893137 -0.185439 0.084229 2
0.893137 -0.185439 0.084229 2
1.430130 0.761819 -0.300550 2
1.430130 0.761819 -0.300550 2
1.173125 0.064502 0.173688 2
1.173125 0.064502 0.173688 2
1.039885 0.073107 0.161749 2
0.990872 -0.034958 -0.036604 2
0.990872 -0.034958 -0.036604 2
1.242975 0.162843 -0.098782 2
1.242975 0.162843 -0.098782 2
1.055859 0.125248 0.247705 2
1.055859 0.125248 0.247705 2
1.146377 0.345301 -0.263104 2
1.009979 -0.094814 0.035481 2
1.023026 -0.110344 -0.002417 2
1.147328 0.204337 -0.136314 2
1.147328 0.204337 -0.136314 2
1.076786 -0.018669 -0.051051 2
1.076786 -0.018669 -0.051051 2
1.076786 -0.018669 -0.051051 2
1.092372 0.014174 -0.069048 2
1.092372 0.014174 -0.069048 2
1.102702 0.235614 0.242986 2
1.102702 0.235614 0.242986 2
0.946529 0.042645 0.091014 2
0.946529 0.042645 0.091014 2
1.058018 0.078338 0.025143 2
1.093505 -0.097324 -0.034136 2
1.093505 -0.097324 -0.034136 2
0.908329 -0.166959 -0.011466 2
0.908329 -0.166959 -0.011466 2
1.122535 0.106785 0.038131 2
1.122535 0.106785 0.038131 2
1.081334 0.071740 0.003979 2
1.081334 0.071740 0.003979 2
1.094761 0.029219 0.051573 2
1.154368 0.050725 -0.030712 2
1.154368 0.050725 -0.030712 2
1.168751 0.142836 -0.067144 2
1.168751 0.142836 -0.067144 2
1.085932 0.005211 -0.027908 2
1.085932 0.005211 -0.027908 2
1.140370 0.084363 0.047552 2
1.285712 0.203343 0.266226 2
1.285712 0.203343 0.266226 2
1.125967 0.130370 0.098407 2
1.125967 0.130370 0.098407 2
1.093604 0.010185 -0.107305 2
0.884339 -0.247787 0.083699 2
1.239518 0.367995 -0.297631 2
1.169749 0.043767 -0.024261 2
1.169749 0.043767 -0.024261 2
1.184644 0.243379 0.228640 2
1.184644 0.243379 0.228640 2
1.329879 0.344550 0.056323 2
1.329879 0.344550 0.056323 2
0.982926 -0.084594 -0.044350 2
0.932057 -0.261243 -0.032148 2
0.932057 -0.261243 -0.032148 2
1.194298 0.029243 -0.051906 2
1.194298 0.029243 -0.051906 2
1.099368 0.063827 -0.067948 2
1.425203 0.435523 0.073027 2
1.425203 0.435523 0.073027 2
1.003324 -0.033863 0.068779 2
1.003324 -0.033863 0.068779 2
1.011647 -0.047060 -0.016252 2
1.011647 -0.047060 -0.016252 2
1.291907 0.345181 0.004084 2
1.255744 0.138146 -0.141145 2
1.051359 -0.103194 -0.028210 2
1.079439 -0.024548 -0.037627 2
1.228510 0.088461 0.077328 2
1.202325 0.172975 0.190368 2
1.202325 0.172975 0.190368 2
1.019806 -0.085795 0.001198 2
1.231672 0.108238 0.064452 2
1.231672 0.108238 0.064452 2
1.047178 -0.043032 -0.025015 2
1.047178 -0.043032 -0.025015 2
1.028007 -0.069185 -0.035726 2
1.028007 -0.069185 -0.035726 2
1.096105 -0.056131 -0.036784 2
1.071498 0.151290 0.122109 2
1.134660 0.151232 0.100584 2
0.989415 0.198130 0.220591 2
0.989415 0.198130 0.220591 2
1.124141 0.249779 0.168742 2
1.124141 0.249779 0.168742 2
1.162224 0.184605 0.165628 2
1.124635 0.117711 0.121162 2
1.124635 0.117711 0.121162 2
1.056189 0.014765 -0.071929 2
1.056189 0.014765 -0.071929 2
1.137485 0.087956 0.032542 2
1.137485 0.087956 0.032542 2
1.137485 0.087956 0.032542 2
1.202741 0.212902 0.162670 2
1.202741 0.212902 0.162670 2
0.984296 -0.152301 -0.049225 2
0.984296 -0.152301 -0.049225 2
1.171130 0.229804 -0.083199 2
1.171130 0.229804 -0.083199 2
1.060058 -0.047367 0.008113 2
1.060058 -0.047367 0.008113 2
1.067847 0.226755 0.207030 2
1.018868 -0.106557 -0.061993 2
1.018868 -0.106557 -0.061993 2
1.006107 -0.056913 -0.044736 2
1.006107 -0.056913 -0.044736 2
1.048289 -0.068469 -0.065418 2
0.985560 -0.209803 -0.004284 2
0.985560 -0.209803 -0.004284 2
1.282811 0.265071 -0.293701 2
1.282811 0.265071 -0.293701 2
1.189272 0.106052 0.015833 2
1.189272 0.106052 0.015833 2
0.999389 -0.026273 -0.047117 2
0.942941 0.028947 0.119363 2
0.942941 0.028947 0.119363 2
1.047620 -0.033684 -0.076698 2
1.047620 -0.033684 -0.076698 2
1.092209 0.036407 -0.061117 2
1.092209 0.036407 -0.061117 2
1.092209 0.036407 -0.061117 2
1.181667 0.063281 0.078820 2
1.068505 0.082674 0.149978 2
1.155267 0.160267 0.257842 2
1.155267 0.160267 0.257842 2
0.957448 -0.109654 -0.029332 2
0.957448 -0.109654 -0.029332 2
1.270100 0.351254 -0.326314 2
1.014809 -0.063346 -0.011384 2
0.903027 -0.181790 0.122407 2
1.109716 0.070512 0.036170 2
1.109716 0.070512 0.036170 2
1.078475 0.038925 -0.020804 2
1.078475 0.038925 -0.020804 2
1.110571 0.062499 0.061649 2
1.275337 0.213576 -0.121041 2
1.275337 0.213576 -0.121041 2
1.162394 0.110006 -0.004544 2
1.162394 0.110006 -0.004544 2
0.912511 0.125994 0.161424 2
0.912511 0.125994 0.161424 2
1.310741 0.337894 -0.280208 2
1.048485 0.219679 0.274496 2
1.053883 0.045110 0.007720 2
1.144299 0.180717 0.241451 2
1.144299 0.180717 0.241451 2
1.162719 0.102290 0.125654 2
1.162719 0.102290 0.125654 2
1.291828 0.288448 -0.138279 2
1.154387 0.325430 -0.350409 2
1.279858 0.345528 -0.310922 2
0.960965 -0.005426 0.160357 2
0.960965 -0.005426 0.160357 2
1.143636 0.133000 0.183209 2
1.143636 0.133000 0.183209 2
1.372760 0.335921 -0.462130 2
1.148419 0.152393 -0.105950 2
1.148419 0.152393 -0.105950 2
1.051713 -0.062781 -0.070845 2
1.224166 0.216595 -0.143314 2
1.187263 0.289951 0.202264 2
1.187263 0.289951 0.202264 2
1.187263 0.289951 0.202264 2
1.187263 0.289951 0.202264 2
1.049106 -0.051057 -0.017864 2
1.029032 -0.110571 -0.034904 2
1.029032 -0.110571 -0.034904 2
1.202633 0.156822 0.132931 2
1.202633 0.156822 0.132931 2
0.985120 0.016311 0.173320 2
0.985120 0.016311 0.173320 2
1.148511 0.126987 -0.049552 2
0.937047 0.062036 0.166380 2
0.937047 0.062036 0.166380 2
1.126768 0.148092 0.072517 2
1.126768 0.148092 0.072517 2
1.068394 0.113636 0.135400 2
1.068394 0.113636 0.135400 2
1.172791 0.188127 0.188352 2
1.228130 0.088599 0.192056 2
1.228130 0.088599 0.192056 2
1.130844 0.051507 0.045420 2
1.130844 0.051507 0.045420 2
1.420751 0.445850 -0.484044 2
1.105072 -0.069502 0.091526 2
1.095325 0.072383 0.076346 2
1.008292 -0.109897 -0.060157 2
1.008292 -0.109897 -0.060157 2
1.153420 0.098892 -0.076182 2
1.153420 0.098892 -0.076182 2
1.153420 0.098892 -0.076182 2
1.018107 -0.024470 -0.010256 2
1.018107 -0.024470 -0.010256 2
1.018107 -0.024470 -0.010256 2
1.018107 -0.024470 -0.010256 2
1.452398 0.237372 0.099093 2
1.452398 0.237372 0.099093 2
1.452398 0.237372 0.099093 2
1.280321 0.299698 -0.369921 2
1.280321 0.299698 -0.369921 2
1.009210 -0.064955 -0.055376 2
1.009210 -0.064955 -0.055376 2
1.062920 -0.035677 -0.081009 2
1.062920 -0.035677 -0.081009 2
1.053781 0.061979 0.098172 2
1.053781 0.061979 0.098172 2
1.057635 0.050197 0.029193 2
1.186336 0.260344 0.166843 2
1.186336 0.260344 0.166843 2
1.099379 0.059618 -0.086307 2
1.099379 0.059618 -0.086307 2
1.163227 0.286263 -0.032972 2
1.093827 0.147154 0.033816 2
1.093827 0.147154 0.033816 2
1.246536 0.246102 0.077876 2
1.246536 0.246102 0.077876 2
1.149943 0.128280 0.110148 2
1.149943 0.128280 0.110148 2
1.149943 0.128280 0.110148 2
1.149943 0.128280 0.110148 2
1.218456 0.080131 -0.032280 2
1.218456 0.080131 -0.032280 2
1.218456 0.080131 -0.032280 2
0.954557 -0.027703 0.200781 2
0.954557 -0.027703 0.200781 2
0.954557 -0.027703 0.200781 2
0.954557 -0.027703 0.200781 2
1.062662 0.126459 0.087487 2
0.977211 -0.111796 -0.004636 2
0.977211 -0.111796 -0.004636 2
1.139188 0.077264 -0.067367 2
1.139188 0.077264 -0.067367 2
1.139188 0.077264 -0.067367 2
1.139188 0.077264 -0.067367 2
1.085789 0.105237 0.062504 2
1.018743 0.122467 0.141519 2
1.018743 0.122467 0.141519 2
1.171762 0.152158 0.060235 2
1.171762 0.152158 0.060235 2
1.245036 0.243580 -0.256088 2
1.012429 0.066807 -0.009726 2
1.119896 0.056984 -0.058204 2
1.119896 0.056984 -0.058204 2
1.119896 0.056984 -0.058204 2
1.196148 0.304253 0.200053 2
1.196148 0.304253 0.200053 2
1.082289 0.095166 0.106788 2
1.082289 0.095166 0.106788 2
1.061341 0.058319 0.010646 2
1.061341 0.058319 0.010646 2
1.061341 0.058319 0.010646 2
2.789409 -1.817122 0.098032 2
2.789409 -1.817122 0.098032 2
-0.166865 -0.764727 -0.199334 2
-0.166865 -0.764727 -0.199334 2
1.497050 0.415863 -0.086022 2
-0.086489 -0.325362 -0.050766 2
0.037263 0.384960 0.059083 2
0.749884 -0.100020 0.178230 2
0.749884 -0.100020 0.178230 2
0.945079 0.246739 -0.068438 2
0.945079 0.246739 -0.068438 2
0.562427 -0.472237 -0.499462 2
0.349506 -0.331081 0.301833 2
0.624727 0.347486 -0.133097 2
0.624727 0.347486 -0.133097 2
0.624727 0.347486 -0.133097 2
0.997014 0.044304 -0.062215 2
0.997014 0.044304 -0.062215 2
-0.575443 -0.079075 0.390980 2
-0.575443 -0.079075 0.390980 2
-0.575443 -0.079075 0.390980 2
0.498827 0.252321 0.175023 2
0.498827 0.252321 0.175023 2
-1.128881 -0.611151 0.299800 2
-1.128881 -0.611151 0.299800 2
1.113840 0.506378 -0.162957 2
1.113840 0.506378 -0.162957 2
1.113840 0.506378 -0.162957 2
0.601668 0.940691 0.076866 2
0.601668 0.940691 0.076866 2
0.221985 0.168773 0.588241 2
2.124090 0.415902 -0.146732 2
1.533423 0.553366 0.234107 2
0.463803 -0.258717 -0.443972 2
0.463803 -0.258717 -0.443972 2
1.060410 0.573241 0.185588 2
1.060410 0.573241 0.185588 2
1.306428 0.271306 0.036414 2
1.306428 0.271306 0.036414 2
1.746313 0.154011 0.008764 2
1.746313 0.154011 0.008764 2
1.746313 0.154011 0.008764 2
0.669309 0.164869 0.085713 2
0.669309 0.164869 0.085713 2
1.383334 0.179553 0.057176 2
1.383334 0.179553 0.057176 2
-0.579793 -0.185515 0.057215 2
-0.579793 -0.185515 0.057215 2
-0.579793 -0.185515 0.057215 2
1.401955 -0.496069 -0.280353 2
1.401955 -0.496069 -0.280353 2
1.336053 -0.254436 -0.423103 2
1.336053 -0.254436 -0.423103 2
1.336053 -0.254436 -0.423103 2
1.064301 1.279792 0.093486 2
1.064301 1.279792 0.093486 2
1.064301 1.279792 0.093486 2
1.064301 1.279792 0.093486 2
1.400347 0.390310 0.122159 2
1.400347 0.390310 0.122159 2
0.800242 1.153507 0.337088 2
0.526053 -0.296981 -0.159523 2
0.526053 -0.296981 -0.159523 2
0.624791 1.407711 -0.196633 2
0.624791 1.407711 -0.196633 2
0.850657 0.385434 -0.045032 2
0.850657 0.385434 -0.045032 2
0.945655 -0.034135 0.232132 2
0.945655 -0.034135 0.232132 2
0.945655 -0.034135 0.232132 2
1.560724 -0.826533 0.380169 2
1.560724 -0.826533 0.380169 2
0.750725 0.150441 -0.126162 2
-0.173475 -0.645131 -0.113700 2
-0.173475 -0.645131 -0.113700 2
1.501878 0.143913 0.287325 2
1.501878 0.143913 0.287325 2
1.501878 0.143913 0.287325 2
1.501878 0.143913 0.287325 2
1.110447 -0.520818 -0.105737 2
1.304225 0.366190 0.305639 2
1.106301 -0.059683 -0.318790 2
-0.178622 -0.205355 -0.181326 2
-0.178622 -0.205355 -0.181326 2
1.445432 0.850561 0.136455 2
1.445432 0.850561 0.136455 2
0.656951 -0.468766 0.043430 2
0.656951 -0.468766 0.043430 2
4.514063 0.832753 0.920972 2
6.137916 -0.214594 -0.305714 2
6.137916 -0.214594 -0.305714 2
7.463497 1.034840 -0.440122 2
7.463497 1.034840 -0.440122 2
10.839407 -3.022696 -0.823746 2
10.839407 -3.022696 -0.823746 2
7.694479 0.943939 0.098232 2
7.694479 0.943939 0.098232 2
7.694479 0.943939 0.098232 2
8.102063 0.717802 0.391720 2
8.102063 0.717802 0.391720 2
10.740268 -2.443152 -0.870440 2
8.032660 -0.779469 -0.504571 2
7.294248 0.706874 0.106974 2
7.627995 1.153390 -0.116010 2
7.627995 1.153390 -0.116010 2
8.366631 0.385822 -0.430534 2
8.366631 0.385822 -0.430534 2
8.053085 -0.728672 -0.520365 2
8.053085 -0.728672 -0.520365 2
6.934785 0.840505 0.033589 2
8.035154 0.754895 -0.171998 2
8.035154 0.754895 -0.171998 2
8.491160 0.426728 -0.449375 2
8.491160 0.426728 -0.449375 2
8.491160 0.426728 -0.449375 2
8.491160 0.426728 -0.449375 2
8.491160 0.426728 -0.449375 2
7.429155 1.074250 -0.151668 2
7.429155 1.074250 -0.151668 2
8.049806 0.862574 -0.361003 2
8.049806 0.862574 -0.361003 2
8.353162 -0.824527 -0.589743 2
8.353162 -0.824527 -0.589743 2
7.669531 1.462345 0.593893 2
7.633236 1.071345 -0.310343 2
7.633236 1.071345 -0.310343 2
7.727468 1.465348 -0.044141 2
7.727468 1.465348 -0.044141 2
7.881358 -0.129821 -0.310758 2
7.881358 -0.129821 -0.310758 2
7.482614 1.529265 0.169192 2
8.066970 0.739206 -0.375352 2
8.066970 0.739206 -0.375352 2
7.217966 0.280629 0.578239 2
7.217966 0.280629 0.578239 2
8.300364 -0.450083 -0.247813 2
8.300364 -0.450083 -0.247813 2
7.729686 0.562052 0.582986 2
7.770557 1.063226 -0.276167 2
7.770557 1.063226 -0.276167 2
7.118242 0.500685 0.579268 2
7.118242 0.500685 0.579268 2
7.751917 -0.021608 -0.017613 2
7.193819 0.460188 0.288597 2
6.607590 -0.101886 0.363977 2
8.187986 0.687691 -0.500922 2
7.445429 0.796361 -0.313658 2
7.876841 0.641322 0.502200 2
7.876841 0.641322 0.502200 2
7.102958 1.045068 0.251189 2
7.005428 0.908356 -0.055356 2
7.005428 0.908356 -0.055356 2
8.280695 0.604934 -0.084128 2
8.280695 0.604934 -0.084128 2
7.809981 0.769608 0.772600 2
7.809981 0.769608 0.772600 2
8.180614 -0.524689 -0.446865 2
7.039448 0.904412 1.180819 2
7.875766 1.235269 -0.208904 2
7.659573 0.993458 -0.212450 2
7.659573 0.993458 -0.212450 2
7.301589 -0.001721 0.672233 2
7.301589 -0.001721 0.672233 2
7.594073 -0.306563 -0.566887 2
6.771628 1.283439 0.145905 2
7.655980 1.150990 -0.199172 2
7.721467 0.946990 -0.250326 2
7.721467 0.946990 -0.250326 2
7.530986 -0.042852 0.640883 2
7.530986 -0.042852 0.640883 2
8.274500 -0.678770 -0.126347 2
6.786996 0.831611 0.005989 2
7.520302 1.072514 -0.073067 2
7.862032 0.826125 -0.310569 2
7.862032 0.826125 -0.310569 2
6.965240 0.284043 0.685990 2
6.965240 0.284043 0.685990 2
8.299343 0.426330 -0.280427 2
6.529532 0.876700 0.808599 2
7.535148 1.066249 -0.143513 2
8.155023 0.469436 -0.412468 2
8.155023 0.469436 -0.412468 2
6.599048 0.202292 0.725148 2
6.599048 0.202292 0.725148 2
7.722860 -0.799801 -0.268974 2
7.722860 -0.799801 -0.268974 2
6.384199 1.298107 -0.004587 2
5.042337 0.903440 -0.036551 2
3.021860 0.530542 -0.321864 2
1.951507 -0.857421 -0.073238 2
2.179218 0.091597 0.196670 2
2.565948 0.210459 -0.270193 2
1.849486 2.994378 -0.344361 2
1.312743 1.225752 0.020094 2
1.312743 1.225752 0.020094 2
1.058825 -0.169412 0.319777 2
0.367809 -0.468247 -0.213017 2
1.244223 0.158145 -0.011545 2
1.274310 -0.193676 -0.349553 2
-0.246644 -0.137020 -0.094212 2
0.616684 0.876723 -0.585618 2
2.409415 -0.624894 0.198587 2
1.352978 0.276164 0.083233 2
-0.304834 -0.558802 -0.180285 2
0.905934 -0.466751 -0.121515 2
1.449745 -0.054811 -0.591634 2
0.214037 -0.315360 0.045679 2
1.086827 -0.052099 -0.170375 2
1.121687 -0.262851 0.226324 2
0.256764 0.168070 0.175763 2
0.106241 0.328287 0.471461 2
1.688464 0.491407 -0.079471 2
0.946945 0.332732 -0.400103 2
0.946945 0.332732 -0.400103 2
1.162648 0.870944 -0.277723 2
2.325607 0.311047 0.431543 2
-0.295329 0.049473 0.492379 2
2.112210 -0.439144 -0.056167 2
1.693598 0.365580 -0.108699 2
0.939590 0.385946 -0.425268 2
0.297799 -0.346157 -0.424184 2
2.968843 -0.392731 -0.285808 2
2.968843 -0.392731 -0.285808 2
1.065935 0.368446 0.125294 2
1.135772 0.038918 -0.117181 2
1.135772 0.038918 -0.117181 2
0.406105 -1.000136 0.610426 2
0.406105 -1.000136 0.610426 2
3.510458 0.200607 0.137106 2
-0.364024 0.248657 0.504700 2
-0.364024 0.248657 0.504700 2
1.121981 0.843479 -0.340292 2
1.121981 0.843479 -0.340292 2
1.121981 0.843479 -0.340292 2
1.121981 0.843479 -0.340292 2
1.332244 0.723524 0.242330 2
0.588938 1.122253 -0.477590 2
1.375106 0.684607 0.407811 2
-0.543147 0.077522 -0.255899 2
-0.543147 0.077522 -0.255899 2
0.171868 -1.284776 0.552979 2
0.999527 -0.480860 0.213511 2
-0.341115 0.976480 0.669560 2
1.648461 -1.317370 -0.633456 2
1.122095 -0.105301 0.104998 2
0.166691 0.379622 0.117029 2
0.166691 0.379622 0.117029 2
1.266051 0.827852 0.271926 2
1.248451 0.075195 0.158173 2
0.804674 0.622452 0.192761 2
1.317480 0.133743 -0.347098 2
1.229003 0.566548 0.110526 2
1.854636 0.982496 0.193305 2
-0.649244 -1.985401 0.375564 2
1.342179 1.098850 0.257605 2
0.983514 0.191147 -0.052676 2
-0.047078 0.061727 0.321759 2
1.812837 0.054521 -0.532731 2
1.089476 0.392286 0.208746 2
0.329872 0.728887 -0.004339 2
0.329872 0.728887 -0.004339 2
1.903471 1.708453 0.396250 2
1.903471 1.708453 0.396250 2
0.165258 0.023087 0.095030 2
1.754473 -0.214886 -0.106195 2
1.273889 0.550251 0.235832 2
0.009430 0.996575 -0.171532 2
0.009430 0.996575 -0.171532 2
1.100056 1.215400 0.236679 2
1.882578 1.207051 -0.065840 2
-0.096099 -0.069359 0.294535 2
1.791884 -0.047556 -0.370243 2
1.283554 0.542709 0.112561 2
0.329331 0.585914 0.010080 2
0.329331 0.585914 0.010080 2
1.215095 1.164520 0.140856 2
2.190955 1.355557 0.377188 2
2.566516 0.410954 -0.047279 2
4.274964 1.037493 0.000578 2
4.804070 -0.016161 0.263067 2
6.593555 -0.004975 -0.367627 2
6.593555 -0.004975 -0.367627 2
7.912473 0.933997 -0.423370 2
7.348627 1.019896 -0.034061 2
7.697568 0.701448 0.816783 2
7.314560 1.018792 0.147919 2
6.575715 0.160944 -0.177761 2
5.252764 -0.036269 0.717920 2
5.252764 -0.036269 0.717920 2
8.416452 0.608000 -0.341890 2
7.260987 0.726865 -0.310865 2
7.086391 0.963252 0.468623 2
7.338587 0.398871 -0.058925 2
7.529387 -0.127593 0.311470 2
5.823273 0.444577 0.470725 2
5.823273 0.444577 0.470725 2
8.539576 0.665483 -0.582925 2
7.408235 0.805940 -0.323658 2
6.611956 0.850357 0.361578 2
7.573406 0.824930 0.004015 2
7.889554 -0.406003 -0.241334 2
7.705002 0.681720 0.137926 2
7.705002 0.681720 0.137926 2
7.854971 1.137993 -0.269100 2
7.415298 0.794734 -0.317548 2
6.990802 0.406435 0.538016 2
7.480930 0.245616 -0.180531 2
7.814646 -0.393624 -0.097162 2
7.410501 0.354243 0.451629 2
7.410501 0.354243 0.451629 2
8.534344 0.607794 -0.576757 2
7.372471 0.721435 -0.347078 2
6.882161 0.443990 0.602096 2
8.278196 -0.077143 -0.260814 2
7.765080 -0.385212 -0.117778 2
7.115302 0.417818 0.726056 2
7.115302 0.417818 0.726056 2
8.425467 0.604720 -0.505611 2
7.371412 0.790190 -0.311990 2
6.906849 0.416429 0.685526 2
8.359586 0.311394 -0.344849 2
7.979133 -0.372445 -0.180560 2
7.144812 0.420961 0.391259 2
7.144812 0.420961 0.391259 2
7.931830 1.055896 -0.275359 2
7.741478 0.515349 -0.384478 2
7.134247 0.496073 0.585326 2
7.467267 1.383847 0.263770 2
7.990937 -0.229090 -0.153034 2
7.792982 0.639785 0.068555 2
7.585670 0.321595 0.465492 2
7.382999 0.550674 -0.372277 2
7.382999 0.550674 -0.372277 2
6.793297 0.505623 0.463523 2
7.270685 0.824604 0.199119 2
7.714051 0.074513 -0.081766 2
6.108603 0.412109 0.400728 2
6.108603 0.412109 0.400728 2
7.303134 0.746077 -0.338519 2
7.303134 0.746077 -0.338519 2
6.952161 0.316515 0.491742 2
8.218286 0.559924 -0.162630 2
7.864585 -0.493852 -0.210397 2
7.338307 1.478621 0.523701 2
7.338307 1.478621 0.523701 2
7.371400 1.458006 -0.091819 2
7.206657 0.729228 -0.275434 2
6.839048 0.497898 0.533767 2
7.956299 0.593276 -0.164685 2
7.667010 -0.401573 -0.336203 2
6.884404 1.498497 0.420963 2
6.884404 1.498497 0.420963 2
7.826392 1.181493 -0.335570 2
7.235319 0.749746 -0.326506 2
6.719088 0.749246 0.099274 2
7.703478 1.114079 -0.177742 2
7.723389 -0.468152 -0.112201 2
6.217756 1.866200 0.815097 2
6.217756 1.866200 0.815097 2
8.471251 0.566518 -0.503275 2
7.546240 0.866465 -0.472370 2
7.521033 1.395769 -0.240656 2
8.327888 0.004393 -0.371693 2
7.522704 -0.338838 -0.331952 2
6.924345 1.199264 0.238977 2
7.318187 1.401906 -0.004617 2
7.318187 1.401906 -0.004617 2
7.450677 0.982098 -0.444922 2
7.389919 1.368363 -0.138081 2
7.270694 0.634019 -0.199469 2
7.653158 -0.359219 -0.275979 2
6.828753 1.376968 0.422473 2
6.828753 1.376968 0.422473 2
7.200854 1.467658 -0.009548 2
7.628023 0.840242 -0.575471 2
7.353609 1.413714 0.027783 2
7.147612 0.667176 0.076005 2
8.800241 -2.566816 -0.599316 2
3.359116 0.510306 0.078527 2
3.359116 0.510306 0.078527 2
2.841913 0.803791 -0.215609 2
0.242530 -0.908785 -0.043067 2
1.191492 -0.530054 0.441914 2
0.470501 -0.615915 -0.171773 2
2.129696 0.404802 0.048031 2
1.803560 1.198307 -0.998926 2
1.803560 1.198307 -0.998926 2
1.099978 0.866491 0.105851 2
1.531933 -0.155667 0.262293 2
0.194188 -0.009967 0.076074 2
0.568703 -0.106930 0.109097 2
1.521223 0.042932 0.221218 2
1.108664 0.026527 -0.090093 2
1.108664 0.026527 -0.090093 2
1.108664 0.026527 -0.090093 2
0.754657 0.267882 0.337334 2
1.248038 0.532277 -0.287904 2
-0.200956 -0.094061 -0.022244 2
1.315589 -0.390851 -0.134360 2
1.315589 -0.390851 -0.134360 2
2.300884 0.151175 -0.091154 2
1.487671 -0.045245 -0.223353 2
1.487671 -0.045245 -0.223353 2
1.669148 1.255096 0.371369 2
0.782560 -0.077561 0.002322 2
1.755983 -0.498871 -0.272524 2
0.813858 0.184328 -0.222540 2
0.813858 0.184328 -0.222540 2
2.115957 0.248295 0.168935 2
1.219092 0.209728 0.075158 2
1.226778 1.101191 0.188202 2
0.918488 -0.043881 0.222744 2
1.553793 0.278771 0.030685 2
1.241072 0.274197 -0.033141 2
1.241072 0.274197 -0.033141 2
1.467739 0.682016 -0.146901 2
1.161088 0.094414 0.657998 2
1.010855 0.780706 0.322330 2
0.882166 -0.123550 0.127497 2
1.501991 0.237855 0.041544 2
1.271631 0.713075 -0.157469 2
1.271631 0.713075 -0.157469 2
1.271631 0.713075 -0.157469 2
-3.149070 1.910858 0.834682 2
0.857726 0.702962 0.134257 2
0.857726 0.702962 0.134257 2
1.034708 0.211005 -0.074343 2
1.125153 0.409489 0.005758 2
1.125153 0.409489 0.005758 2
1.405912 1.270002 -0.071467 2
1.405912 1.270002 -0.071467 2
0.954957 1.077629 0.266028 2
0.219253 -0.002793 0.665116 2
1.427103 0.228645 -0.095586 2
1.352503 -0.006729 -0.119653 2
1.137514 0.101695 0.029934 2
0.557277 0.731232 0.274639 2
0.867863 1.157052 0.258979 2
2.052018 1.500043 0.428242 2
0.373064 -0.487220 -0.018610 2
1.119624 0.411420 0.066413 2
0.224736 0.555910 0.016162 2
0.224736 0.555910 0.016162 2
-0.176557 1.339222 0.023019 2
1.122000 0.988325 0.172338 2
2.024889 1.406293 0.383172 2
0.241915 0.036239 0.486555 2
1.437788 0.456702 0.213889 2
-0.011470 0.299208 -0.029003 2
-0.011470 0.299208 -0.029003 2
-0.186290 1.317749 -0.036975 2
0.617104 1.603355 0.156681 2
1.440443 1.127845 0.036124 2
0.198073 0.198739 0.556906 2
0.921714 0.498603 0.116492 2
0.648165 -0.662748 -0.090800 2
0.648165 -0.662748 -0.090800 2
0.625522 0.333784 -0.123631 2
0.708208 0.279265 -0.137145 2
1.302952 0.102275 -0.179419 2
-3.136948 -3.921660 0.243705 2
0.135187 -0.069054 0.175392 2
0.823135 -0.507600 -0.890613 2
0.823135 -0.507600 -0.890613 2
0.823135 -0.507600 -0.890613 2
0.057255 -1.183658 0.338723 2
0.810605 -0.314781 -0.051080 2
2.263715 0.299175 0.017355 2
0.639097 0.134831 -0.036583 2
1.605957 0.034642 -0.260952 2
0.389509 -0.040019 -0.737933 2
1.220915 0.922538 0.061349 2
1.220915 0.922538 0.061349 2
0.797633 -0.658294 -0.144713 2
1.468592 0.317329 0.057673 2
0.969309 0.693255 0.177122 2
1.779277 -0.053228 -0.124965 2
1.779277 -0.053228 -0.124965 2
4.867537 -0.196721 -0.228810 2
6.554651 1.811984 0.047163 2
9.886767 0.869867 -0.141583 2
11.737627 -0.186693 0.524665 2
13.120686 0.046158 -0.489817 2
14.915119 -0.354267 0.238315 2
14.915119 -0.354267 0.238315 2
14.107076 -0.407017 0.375390 2
14.952740 -0.077095 -0.536169 2
13.066928 -1.628477 -1.880744 2
17.187473 -0.278735 -0.534225 2
15.001615 -2.488291 -0.435358 2
20.363840 -2.452220 -0.951607 2
20.363840 -2.452220 -0.951607 2
22.060785 -3.892927 -1.561108 2
16.053581 0.025919 -0.224178 2
15.969411 -0.052588 -0.411899 2
16.563812 0.246447 -0.300011 2
16.073374 -0.266124 -0.015318 2
14.026873 -1.866725 -2.174263 2
14.026873 -1.866725 -2.174263 2
14.026873 -1.866725 -2.174263 2
15.919906 0.049836 0.224947 2
15.919906 0.049836 0.224947 2
16.042034 0.312661 -0.162503 2
14.860538 -0.325698 -0.940522 2
21.380274 -3.227499 -1.166129 2
20.749540 -2.357777 -1.130196 2
21.576674 -2.791239 -1.190854 2
16.617073 0.085565 -0.026219 2
16.859877 0.121631 -0.250658 2
15.747430 0.072882 -0.393129 2
14.466003 -1.067649 -0.464862 2
21.025349 -2.026089 -0.443334 2
21.025349 -2.026089 -0.443334 2
16.652954 -0.278035 -0.232318 2
15.936265 0.172723 -0.240815 2
15.939571 -0.082926 -0.258443 2
15.696519 0.099986 -0.469350 2
17.764393 0.866824 -0.286136 2
17.764393 0.866824 -0.286136 2
17.764393 0.866824 -0.286136 2
17.764393 0.866824 -0.286136 2
16.496464 0.187314 -0.018839 2
15.586487 -0.254608 -0.265365 2
15.330032 -0.244212 -0.072505 2
16.328926 0.003909 -0.451447 2
14.833575 0.070387 -0.117411 2
14.833575 0.070387 -0.117411 2
15.561554 0.117692 -0.220461 2
15.561554 0.117692 -0.220461 2
15.632210 -0.550866 -0.381913 2
15.449491 0.919835 -0.073589 2
13.714842 -2.621508 -1.043603 2
16.548285 0.234501 0.155793 2
16.548285 0.234501 0.155793 2
17.362482 0.867722 0.618768 2
17.362482 0.867722 0.618768 2
16.574480 0.352764 -0.195969 2
17.119186 1.526815 0.393514 2
17.486311 1.015579 -0.470575 2
16.033501 -0.557257 -0.428915 2
9.655815 2.118391 0.666590 2
17.007277 0.514059 -0.712499 2
15.349491 -0.471795 -0.063047 2
16.425526 0.193626 -0.229002 2
17.512175 2.126247 0.693510 2
14.508955 -1.534827 -0.667231 2
15.503441 -0.470026 -0.476957 2
15.503441 -0.470026 -0.476957 2
23.816284 5.951062 2.038555 2
23.816284 5.951062 2.038555 2
16.447227 -0.023329 -0.119874 2
18.195978 1.785147 0.900767 2
16.075247 -0.623881 0.065612 2
15.280206 -0.537841 -0.443361 2
19.668100 -2.830845 -1.027817 2
16.351562 -0.156572 -0.720626 2
21.348320 -3.160275 -1.347126 2
16.713385 0.143228 -0.020402 2
16.713385 0.143228 -0.020402 2
17.478392 1.142006 0.339914 2
17.478392 1.142006 0.339914 2
17.478392 1.142006 0.339914 2
20.572372 -2.151255 -1.046657 2
21.054422 -3.265448 -1.274380 2
17.204718 0.557209 0.103956 2
14.922727 -0.457495 -0.258080 2
16.578957 -0.517285 -0.316655 2
12.794051 0.374675 -0.650237 2
12.794051 0.374675 -0.650237 2
20.891422 -2.561741 -1.162308 2
20.911133 -3.457333 -1.396964 2
17.166464 0.967127 0.318487 2
16.831163 0.394191 -0.581592 2
16.683981 0.669519 -0.117061 2
16.770054 -1.419808 -0.754974 2
16.770054 -1.419808 -0.754974 2
20.377857 -2.348172 -1.135730 2
21.211088 -3.449560 -1.418080 2
16.930708 0.826545 0.387123 2
14.191825 0.385796 -0.340654 2
11.729043 -0.874140 -0.384388 2
7.475901 -0.387795 -0.421417 2
7.475901 -0.387795 -0.421417 2
8.324008 -1.953139 -0.352065 2
4.106698 1.012369 0.861731 2
2.549829 0.835539 -0.717867 2
1.032785 -1.239564 0.374904 2
0.621342 -1.031707 0.184298 2
1.252910 0.465290 -0.048613 2
1.252910 0.465290 -0.048613 2
0.653974 0.475357 -0.184925 2
0.653974 0.475357 -0.184925 2
1.122742 -0.533727 0.187592 2
0.399994 1.100662 -0.098662 2
0.902946 -0.255818 0.428121 2
-0.858952 0.534791 0.616832 2
-0.858952 0.534791 0.616832 2
1.813507 -0.336995 -0.615636 2
0.596915 0.243429 0.332362 2
2.097885 1.403538 -0.962501 2
0.241664 1.822046 0.098990 2
0.752718 -0.151230 -0.042511 2
1.697445 1.401216 0.364337 2
-0.137460 0.043596 0.278535 2
1.308802 -0.189127 -0.029837 2
0.705710 0.422456 0.115179 2
0.235155 0.843007 1.119071 2
0.235155 0.843007 1.119071 2
0.404342 -0.624948 -0.034246 2
1.542516 0.893807 0.094909 2
-0.389886 0.233022 0.552077 2
2.455461 -0.109207 -0.318195 2
1.012136 -0.275685 -0.195336 2
1.400251 -0.091355 0.790024 2
1.400251 -0.091355 0.790024 2
0.438103 -0.313005 -0.328392 2
1.163756 0.828518 0.021906 2
-0.699004 0.301900 0.825295 2
1.681996 -0.269220 -0.387314 2
1.166885 0.069328 0.009273 2
-3.708450 1.110315 0.216583 2
0.466483 0.193230 -0.114917 2
1.015962 -0.063098 -0.103943 2
-0.385108 -0.105775 0.334109 2
-0.385108 -0.105775 0.334109 2
2.052950 -0.124345 -0.447618 2
2.052950 -0.124345 -0.447618 2
0.751436 0.138119 -0.091471 2
-0.581449 0.105199 -0.772814 2
-0.581449 0.105199 -0.772814 2
-0.581449 0.105199 -0.772814 2
-0.581449 0.105199 -0.772814 2
0.183881 -1.220295 0.155274 2
0.183881 -1.220295 0.155274 2
0.183881 -1.220295 0.155274 2
-0.662519 1.001309 0.680351 2
1.044736 -1.170083 -0.017967 2
0.014809 0.296884 0.418819 2
0.014809 0.296884 0.418819 2
1.064911 0.264827 -0.297264 2
1.855851 0.493545 -0.243341 2
1.118985 0.016020 -0.553558 2
0.308892 -0.815906 -0.493744 2
1.184351 1.030917 -0.072605 2
1.355363 0.023394 0.291110 2
0.449258 0.094682 0.034528 2
-0.354574 -0.566344 -0.070827 2
1.473750 0.432548 -0.073347 2
0.710547 0.287491 0.161280 2
-1.802694 -0.135190 -0.205520 2
0.585924 0.418299 -0.029007 2
0.585924 0.418299 -0.029007 2
1.223535 0.917141 0.161180 2
1.327583 -0.321588 -0.085457 2
1.327583 -0.321588 -0.085457 2
1.603407 0.295590 -0.321032 2
0.599599 0.784183 0.455407 2
0.599599 0.784183 0.455407 2
1.809235 1.174120 0.229138 2
1.809235 1.174120 0.229138 2
1.842362 0.304783 -0.098926 2
1.842362 0.304783 -0.098926 2
1.611621 -0.190408 0.026911 2
0.829392 0.330898 0.820110 2
0.829392 0.330898 0.820110 2
1.467340 1.259140 0.035375 2
1.467340 1.259140 0.035375 2
0.158988 0.024338 0.668116 2
0.850647 0.139529 -0.220349 2
1.138010 -0.147495 -0.364376 2
-0.468849 0.588308 -0.058935 2
-0.468849 0.588308 -0.058935 2
2.004893 1.539822 0.434418 2
2.004893 1.539822 0.434418 2
2.004893 1.539822 0.434418 2
0.966435 0.263158 0.008305 2
1.708557 0.344489 0.021267 2
2.162387 -0.160415 -0.480172 2
4.784331 0.034156 -0.239142 2
6.457050 2.086057 -0.055925 2
9.938407 0.684085 -0.418106 2
9.074827 -1.758295 -0.675678 2
12.777713 -0.301075 -0.408404 2
18.494667 -4.505189 -2.016299 2
15.067559 -0.265039 0.306618 2
15.618995 -0.017954 0.572017 2
15.618995 -0.017954 0.572017 2
13.334822 -1.623503 -1.955063 2
16.436941 0.667627 -0.578230 2
16.436941 0.667627 -0.578230 2
16.436941 0.667627 -0.578230 2
20.040531 -2.712148 -1.008322 2
22.069004 -3.843355 -1.534495 2
16.113031 -0.006728 -0.343031 2
16.113031 -0.006728 -0.343031 2
15.997477 0.335645 -0.297551 2
15.997477 0.335645 -0.297551 2
20.955305 -3.037906 -1.154876 2
21.347385 -2.180308 -0.302498 2
22.748518 -3.142677 -1.217587 2
15.954710 0.304371 -0.731156 2
15.954710 0.304371 -0.731156 2
14.126543 -1.469800 -0.592028 2
14.126543 -1.469800 -0.592028 2
17.741783 -4.281523 -2.373336 2
17.741783 -4.281523 -2.373336 2
17.741783 -4.281523 -2.373336 2
16.030319 -0.042833 -0.390452 2
16.030319 -0.042833 -0.390452 2
14.807088 -1.387156 -0.189187 2
14.807088 -1.387156 -0.189187 2
15.597621 -0.654494 -0.497972 2
14.892758 0.268804 0.000044 2
17.183353 0.423366 0.385951 2
15.603436 0.060862 -0.073966 2
16.021097 -0.114648 -0.337050 2
16.612385 0.526727 -0.405477 2
16.612385 0.526727 -0.405477 2
20.938103 -3.538774 -1.215715 2
20.938103 -3.538774 -1.215715 2
16.981800 0.231870 -0.003853 2
15.758490 -0.157086 -0.191815 2
16.191820 0.280922 -0.221280 2
15.720208 -0.160456 -0.023719 2
15.720208 -0.160456 -0.023719 2
19.758698 -2.436276 -1.008190 2
19.758698 -2.436276 -1.008190 2
15.918753 -0.588243 -0.588310 2
16.517017 0.336664 0.012537 2
16.517017 0.336664 0.012537 2
15.694918 0.091006 -0.494448 2
15.694918 0.091006 -0.494448 2
14.832660 -0.895443 -0.060911 2
14.832660 -0.895443 -0.060911 2
20.903139 -3.398497 -1.238941 2
20.903139 -3.398497 -1.238941 2
16.849089 0.028842 -0.092466 2
15.660721 0.042840 -0.446142 2
15.660721 0.042840 -0.446142 2
15.475551 -0.490524 -0.585647 2
15.475551 -0.490524 -0.585647 2
20.485991 -2.481090 -1.158451 2
15.643141 0.182306 0.008890 2
15.643141 0.182306 0.008890 2
15.567838 -0.127318 -0.535409 2
15.567838 -0.127318 -0.535409 2
15.155980 -0.008991 -0.202520 2
15.155980 -0.008991 -0.202520 2
12.058383 1.053353 -0.314361 2
16.000572 0.012214 -0.072993 2
16.000572 0.012214 -0.072993 2
14.856177 -0.676683 -0.306776 2
14.856177 -0.676683 -0.306776 2
15.016242 -0.174235 -0.176372 2
15.016242 -0.174235 -0.176372 2
16.317411 0.183453 -0.033941 2
12.325429 -3.879091 -0.562720 2
12.325429 -3.879091 -0.562720 2
17.778734 1.305969 0.716291 2
17.778734 1.305969 0.716291 2
15.264044 -0.077099 -0.102461 2
15.264044 -0.077099 -0.102461 2
21.998703 -2.406513 -0.866335 2
15.098619 -0.047950 0.327223 2
15.098619 -0.047950 0.327223 2
16.404686 0.367398 0.004437 2
13.406455 -1.684919 -1.815416 2
15.284714 -0.705435 -0.114024 2
15.284714 -0.705435 -0.114024 2
15.284714 -0.705435 -0.114024 2
21.647503 -3.407573 -1.261468 2
21.647503 -3.407573 -1.261468 2
14.872955 -0.779314 -0.400526 2
14.872955 -0.779314 -0.400526 2
17.154295 -0.546295 -0.260839 2
17.154295 -0.546295 -0.260839 2
20.258665 -3.212275 -1.134454 2
14.376215 0.691295 -0.515073 2
14.376215 0.691295 -0.515073 2
8.200967 0.368997 -0.364893 2
8.200967 0.368997 -0.364893 2
3.849974 -0.243226 0.826000 2
3.849974 -0.243226 0.826000 2
3.439661 -0.341084 0.034183 2
1.761666 0.626386 0.482049 2
4.269550 1.627845 -0.341920 2
1.763216 -1.478559 0.198975 2
1.763216 -1.478559 0.198975 2
1.380508 0.481491 -0.046599 2
1.380508 0.481491 -0.046599 2
1.077423 -0.728486 -0.516850 2
1.592896 -0.252931 -0.367957 2
1.592896 -0.252931 -0.367957 2
1.119236 2.104306 -0.318193 2
1.119236 2.104306 -0.318193 2
0.686941 0.318265 -0.093596 2
0.686941 0.318265 -0.093596 2
1.147500 -0.028570 0.044590 2
0.549127 0.693015 -0.082826 2
0.549127 0.693015 -0.082826 2
1.484053 -0.527873 0.148973 2
1.484053 -0.527873 0.148973 2
0.938955 0.722639 -0.056450 2
0.938955 0.722639 -0.056450 2
0.779659 -0.298979 0.586805 2
1.248433 0.314672 0.472860 2
1.248433 0.314672 0.472860 2
1.604256 -0.047976 0.140532 2
1.604256 -0.047976 0.140532 2
1.091794 0.880531 0.283844 2
1.091794 0.880531 0.283844 2
0.791234 -0.077168 0.204594 2
2.446203 0.387770 0.131140 2
2.446203 0.387770 0.131140 2
0.021381 0.497186 0.087876 2
0.021381 0.497186 0.087876 2
0.235213 -0.346025 0.106313 2
0.235213 -0.346025 0.106313 2
1.686964 -0.106885 -0.019812 2
1.366653 0.201909 -0.090803 2
1.366653 0.201909 -0.090803 2
1.589504 -0.183351 -0.107741 2
1.589504 -0.183351 -0.107741 2
0.756319 -0.639232 -0.009859 2
0.756319 -0.639232 -0.009859 2
0.419583 -0.021051 0.212030 2
1.894335 -0.233367 -0.253144 2
1.894335 -0.233367 -0.253144 2
0.665351 2.711608 -0.428559 2
0.665351 2.711608 -0.428559 2
1.198992 -0.048024 -0.169867 2
1.198992 -0.048024 -0.169867 2
1.197643 0.989904 0.198451 2
1.565599 -0.258463 -0.303649 2
1.565599 -0.258463 -0.303649 2
1.350997 0.171298 0.913083 2
1.350997 0.171298 0.913083 2
0.966177 -0.308738 0.437169 2
0.966177 -0.308738 0.437169 2
0.545088 1.099506 0.597313 2
1.191513 -0.342266 -0.091401 2
1.191513 -0.342266 -0.091401 2
1.439384 0.510591 -0.021551 2
1.439384 0.510591 -0.021551 2
0.673480 1.503222 0.362593 2
0.673480 1.503222 0.362593 2
1.403787 0.990939 -0.076605 2
1.517219 0.080144 -0.406420 2
1.517219 0.080144 -0.406420 2
0.821029 0.097566 -0.023755 2
0.821029 0.097566 -0.023755 2
0.785316 -1.156240 0.100646 2
0.785316 -1.156240 0.100646 2
1.519935 -0.284830 0.018732 2
1.107978 -0.305681 -0.212621 2
1.107978 -0.305681 -0.212621 2
0.687451 0.437140 -0.256280 2
0.687451 0.437140 -0.256280 2
1.173375 0.896217 0.001228 2
1.173375 0.896217 0.001228 2
0.938179 0.343523 0.245792 2
0.284736 -0.364079 -0.035428 2
0.284736 -0.364079 -0.035428 2
1.430162 -0.133812 -0.273426 2
1.430162 -0.133812 -0.273426 2
1.444511 0.530867 -0.131999 2
1.444511 0.530867 -0.131999 2
1.106148 -0.046722 -0.038873 2
0.974621 0.648267 0.142609 2
0.781706 -0.141654 0.166527 2
1.684793 0.662248 0.375402 2
1.684793 0.662248 0.375402 2
0.631685 1.747323 -0.046952 2
0.631685 1.747323 -0.046952 2
0.968039 0.909135 0.234750 2
0.527265 -0.331415 0.032848 2
0.527265 -0.331415 0.032848 2
4.408956 0.238376 -0.023008 2
4.408956 0.238376 -0.023008 2
9.850437 -0.329100 -0.248677 2
9.850437 -0.329100 -0.248677 2
11.620328 1.193184 -0.267422 2
18.271921 -1.863754 -1.566991 2
18.271921 -1.863754 -1.566991 2
16.713955 -1.153414 -1.204259 2
16.713955 -1.153414 -1.204259 2
19.095022 0.892475 -0.515123 2
19.095022 0.892475 -0.515123 2
23.818491 2.294476 0.925910 2
25.223475 2.248654 1.531431 2
25.223475 2.248654 1.531431 2
24.215202 0.719585 0.085549 2
24.215202 0.719585 0.085549 2
26.618616 1.256930 0.126955 2
26.618616 1.256930 0.126955 2
26.618616 1.256930 0.126955 2
25.569677 0.551457 0.434148 2
25.003004 2.194819 0.101989 2
25.202930 0.360346 0.142227 2
25.202930 0.360346 0.142227 2
27.193674 1.591919 0.211084 2
27.193674 1.591919 0.211084 2
27.193674 1.591919 0.211084 2
27.193674 1.591919 0.211084 2
20.893604 -1.422867 -1.021683 2
25.884773 1.110677 -0.324649 2
25.884773 1.110677 -0.324649 2
25.884773 1.110677 -0.324649 2
25.884773 1.110677 -0.324649 2
25.884773 1.110677 -0.324649 2
22.136986 -0.897356 -0.685015 2
22.136986 -0.897356 -0.685015 2
25.738260 0.701385 0.052377 2
25.738260 0.701385 0.052377 2
26.802509 -1.555183 -1.335868 2
26.802509 -1.555183 -1.335868 2
26.802509 -1.555183 -1.335868 2
20.088573 2.535048 -0.674698 2
20.088573 2.535048 -0.674698 2
25.182970 2.196390 0.947066 2
25.182970 2.196390 0.947066 2
25.328131 2.073110 0.546321 2
25.328131 2.073110 0.546321 2
21.651653 0.159648 -0.074498 2
21.797033 -0.556889 -0.551509 2
21.797033 -0.556889 -0.551509 2
26.673157 2.282985 0.696324 2
26.673157 2.282985 0.696324 2
26.380468 2.140658 0.527542 2
26.380468 2.140658 0.527542 2
28.077112 2.557188 0.807995 2
24.560698 0.749844 -0.225011 2
24.783806 2.198941 0.564380 2
24.783806 2.198941 0.564380 2
24.783806 2.198941 0.564380 2
25.476433 1.214994 0.071140 2
25.476433 1.214994 0.071140 2
25.476433 1.214994 0.071140 2
25.476433 1.214994 0.071140 2
25.476433 1.214994 0.071140 2
22.153839 -1.398950 -0.808018 2
22.153839 -1.398950 -0.808018 2
22.739212 0.901480 0.392984 2
22.739212 0.901480 0.392984 2
24.128609 1.759277 0.570091 2
24.011679 1.978458 0.968807 2
24.011679 1.978458 0.968807 2
24.987120 2.633800 0.142157 2
24.987120 2.633800 0.142157 2
24.802307 0.926060 -0.286634 2
24.802307 0.926060 -0.286634 2
29.444700 3.504115 1.324354 2
27.836538 3.325384 1.785027 2
27.836538 3.325384 1.785027 2
25.801317 2.832171 1.091228 2
25.801317 2.832171 1.091228 2
25.515596 0.885960 -0.216279 2
25.515596 0.885960 -0.216279 2
28.241201 2.704468 0.888355 2
25.801069 2.264544 1.301961 2
25.801069 2.264544 1.301961 2
22.958563 0.342895 -0.305953 2
22.958563 0.342895 -0.305953 2
25.648283 0.625068 0.095070 2
25.648283 0.625068 0.095070 2
28.170258 3.117648 1.418483 2
28.170258 3.117648 1.418483 2
28.170258 3.117648 1.418483 2
21.871490 -0.980798 -1.153789 2
21.871490 -0.980798 -1.153789 2
25.888622 0.916349 -0.105730 2
25.888622 0.916349 -0.105730 2
24.556133 0.589159 0.240323 2
24.556133 0.589159 0.240323 2
24.556133 0.589159 0.240323 2
23.254892 0.964845 0.135653 2
23.254892 0.964845 0.135653 2
20.550266 1.933481 0.384730 2
20.550266 1.933481 0.384730 2
19.978285 -1.935087 -0.400538 2
15.985775 1.917481 -0.371826 2
15.985775 1.917481 -0.371826 2
8.414701 -0.952720 -0.321907 2
8.414701 -0.952720 -0.321907 2
2.241656 -0.612064 0.613021 2
2.241656 -0.612064 0.613021 2
2.390930 0.774572 0.706468 2
2.390930 0.774572 0.706468 2
1.402952 0.072771 -0.357475 2
1.160491 0.557900 -0.278080 2
1.160491 0.557900 -0.278080 2
1.305224 0.735233 -0.053273 2
1.305224 0.735233 -0.053273 2
2.381116 -0.078475 0.167401 2
1.298517 -0.283696 -0.154171 2
2.635903 -0.445198 0.448810 2
0.429549 0.589582 -0.312436 2
0.429549 0.589582 -0.312436 2
0.664730 -0.129357 0.070476 2
0.664730 -0.129357 0.070476 2
1.301944 0.763222 -0.211320 2
1.383838 0.577216 0.190593 2
1.383838 0.577216 0.190593 2
0.582566 -0.274927 -0.169880 2
0.582566 -0.274927 -0.169880 2
1.125319 0.052022 0.185498 2
1.125319 0.052022 0.185498 2
-0.290073 -0.654911 -0.103001 2
1.514810 0.289799 -0.039624 2
1.514810 0.289799 -0.039624 2
1.335499 -0.039151 -0.159478 2
1.335499 -0.039151 -0.159478 2
1.269082 0.178631 0.182577 2
1.269082 0.178631 0.182577 2
1.000646 -0.010688 0.215080 2
1.161903 0.141876 -0.098471 2
1.161903 0.141876 -0.098471 2
0.937494 0.109818 0.316267 2
0.937494 0.109818 0.316267 2
0.917662 1.537645 -0.097821 2
0.917662 1.537645 -0.097821 2
0.196687 0.255896 0.546837 2
1.313750 0.605520 0.009030 2
1.313750 0.605520 0.009030 2
0.744105 0.388566 -0.134356 2
0.744105 0.388566 -0.134356 2
1.212200 -0.053448 -0.078816 2
1.212200 -0.053448 -0.078816 2
1.360581 0.165969 -0.170208 2
1.360581 0.165969 -0.170208 2
1.360581 0.165969 -0.170208 2
2.133258 0.192759 0.136431 2
2.133258 0.192759 0.136431 2
2.133258 0.192759 0.136431 2
2.133258 0.192759 0.136431 2
0.840347 0.092116 0.288420 2
0.840347 0.092116 0.288420 2
-0.503864 -0.179115 0.149757 2
0.918135 0.101965 -0.114545 2
0.918135 0.101965 -0.114545 2
0.918135 0.101965 -0.114545 2
0.918135 0.101965 -0.114545 2
1.276703 0.945797 0.215994 2
-0.356903 0.527670 0.699025 2
-0.356903 0.527670 0.699025 2
1.268022 0.003279 0.107075 2
1.268022 0.003279 0.107075 2
0.538751 0.441890 0.028658 2
0.538751 0.441890 0.028658 2
1.254169 0.676242 -0.030366 2
-0.595178 0.277745 0.768425 2
-0.595178 0.277745 0.768425 2
1.295394 0.757453 0.246205 2
1.295394 0.757453 0.246205 2
0.955484 0.115738 0.110178 2
0.955484 0.115738 0.110178 2
1.520117 0.036701 -0.021754 2
0.390991 -0.012424 0.168398 2
0.390991 -0.012424 0.168398 2
1.713993 0.415319 0.010498 2
1.713993 0.415319 0.010498 2
1.725140 1.560287 -0.804842 2
1.725140 1.560287 -0.804842 2
1.186115 0.025053 0.083245 2
1.307915 0.856257 0.084947 2
0.779618 -0.131194 0.173506 2
1.477859 0.145337 -0.115752 2
1.477859 0.145337 -0.115752 2
-0.034675 0.767680 0.742040 2
-0.034675 0.767680 0.742040 2
1.466494 -0.214956 0.543887 2
1.466494 -0.214956 0.543887 2
1.466494 -0.214956 0.543887 2
1.466494 -0.214956 0.543887 2
1.466494 -0.214956 0.543887 2
1.466494 -0.214956 0.543887 2
1.466494 -0.214956 0.543887 2
5.340436 -0.361710 0.504138 2
5.340436 -0.361710 0.504138 2
7.432473 0.634421 -0.429475 2
13.986090 -0.130685 -0.437094 2
13.986090 -0.130685 -0.437094 2
19.578941 -0.447445 0.830337 2
19.578941 -0.447445 0.830337 2
18.554008 -0.972250 -0.816129 2
18.554008 -0.972250 -0.816129 2
18.554008 -0.972250 -0.816129 2
25.521109 0.468169 -0.439852 2
25.521109 0.468169 -0.439852 2
21.030502 0.569253 0.330814 2
21.030502 0.569253 0.330814 2
24.858940 1.151378 0.253145 2
25.154646 0.611765 0.153764 2
25.154646 0.611765 0.153764 2
27.562090 3.221610 1.402814 2
27.562090 3.221610 1.402814 2
26.075159 1.090396 0.366814 2
26.075159 1.090396 0.366814 2
27.076248 1.971043 0.221648 2
22.232832 -0.234393 -0.668578 2
22.232832 -0.234393 -0.668578 2
24.219940 1.552696 0.614397 2
24.219940 1.552696 0.614397 2
26.643351 -1.822031 -1.635396 2
26.643351 -1.822031 -1.635396 2
23.750687 1.648356 0.636652 2
25.340002 0.462200 -0.150676 2
25.340002 0.462200 -0.150676 2
25.642939 1.674324 -0.221767 2
25.642939 1.674324 -0.221767 2
21.145426 -1.699087 -0.961258 2
21.145426 -1.699087 -0.961258 2
21.450155 -0.708619 -1.467818 2
21.450155 -0.708619 -1.467818 2
28.498070 3.676613 1.799236 2
24.296307 0.257346 -0.115875 2
24.296307 0.257346 -0.115875 2
26.061661 2.144973 0.378216 2
26.061661 2.144973 0.378216 2
27.771828 2.595168 1.009219 2
27.771828 2.595168 1.009219 2
27.771828 2.595168 1.009219 2
24.944832 2.408404 0.755995 2
24.944832 2.408404 0.755995 2
24.449781 0.688448 0.338264 2
24.449781 0.688448 0.338264 2
24.449781 0.688448 0.338264 2
24.449781 0.688448 0.338264 2
24.449781 0.688448 0.338264 2
24.449781 0.688448 0.338264 2
24.449781 0.688448 0.338264 2
24.290409 0.976166 0.403133 2
24.290409 0.976166 0.403133 2
25.416327 -0.574396 -1.079660 2
27.515369 1.896826 0.783654 2
25.648216 1.552471 1.276970 2
24.319677 1.849637 0.096133 2
24.319677 1.849637 0.096133 2
25.947315 2.152013 0.668814 2
25.947315 2.152013 0.668814 2
25.527639 1.014824 -0.210889 2
27.017622 1.597232 0.435549 2
27.017622 1.597232 0.435549 2
25.411274 2.056268 1.247383 2
25.411274 2.056268 1.247383 2
23.016146 0.702320 -0.081772 2
23.016146 0.702320 -0.081772 2
24.889267 0.503681 0.082794 2
24.889267 0.503681 0.082794 2
24.889267 0.503681 0.082794 2
22.686108 0.448973 -0.255753 2
22.686108 0.448973 -0.255753 2
22.686108 0.448973 -0.255753 2
25.169588 0.814051 0.179980 2
22.999939 1.631841 0.414996 2
22.999939 1.631841 0.414996 2
25.262802 0.898386 0.010227 2
23.945566 2.047357 1.146433 2
24.830219 1.279985 0.523465 2
25.554565 1.415891 -0.082122 2
25.554565 1.415891 -0.082122 2
23.426308 1.415253 0.834355 2
25.221901 -0.046424 -0.694191 2
26.566875 1.654319 0.604041 2
25.348232 1.364616 0.983458 2
24.552851 0.655782 0.444105 2
24.654949 1.321186 0.254253 2
24.654949 1.321186 0.254253 2
25.792850 0.725381 0.757743 2
25.792850 0.725381 0.757743 2
25.325598 1.194355 0.339615 2
25.325598 1.194355 0.339615 2
21.360746 -0.667092 -0.859995 2
23.314167 0.710552 -0.007290 2
23.314167 0.710552 -0.007290 2
23.337652 1.418615 0.527351 2
21.517567 1.859025 0.473441 2
20.452038 0.752248 0.166559 2
20.553381 -1.965962 -1.332996 2
15.648663 -0.151089 -0.808815 2
12.345124 -0.083976 -0.668258 2
12.345124 -0.083976 -0.668258 2
4.743581 0.057267 -0.056111 2
4.657502 -0.469656 -0.452674 2
2.284414 0.375733 -0.183140 2
1.803204 0.993428 -0.284536 2
2.644692 0.954585 1.028960 2
1.693095 0.112330 -0.167073 2
1.693095 0.112330 -0.167073 2
0.803798 0.365072 -0.495777 2
0.803798 0.365072 -0.495777 2
1.055653 -0.244044 -0.318632 2
1.678262 -0.297972 0.059158 2
0.447371 0.310379 0.299583 2
0.340611 0.542893 -0.317250 2
0.340611 0.542893 -0.317250 2
0.918618 0.815371 -0.031134 2
0.918618 0.815371 -0.031134 2
0.686729 0.871640 -0.194098 2
1.579220 0.114194 0.213339 2
0.364976 0.510130 0.059865 2
-0.256786 0.026494 0.452602 2
-0.256786 0.026494 0.452602 2
0.761736 -0.328381 0.311395 2
0.748571 0.066469 0.169815 2
-0.499701 0.275570 0.299172 2
1.947473 -0.369374 -0.133879 2
0.718374 0.295773 0.042836 2
0.718374 0.295773 0.042836 2
0.718374 0.295773 0.042836 2
0.066925 -0.084744 0.183993 2
1.218431 0.941068 0.185975 2
0.245924 0.346484 0.410226 2
1.218435 -0.264278 -0.221044 2
1.096992 0.160106 0.458883 2
1.074998 0.154302 0.545088 2
0.644100 0.503408 -0.068435 2
0.795957 1.375554 0.327008 2
0.795957 1.375554 0.327008 2
-0.299040 0.939705 0.717407 2
1.338393 0.271118 0.033610 2
1.444424 0.779154 0.247414 2
1.228714 0.465827 -0.433660 2
1.228714 0.465827 -0.433660 2
1.624890 -1.448708 -0.305230 2
1.624890 -1.448708 -0.305230 2
0.386179 0.290437 0.472802 2
0.127960 -0.268672 -0.199665 2
1.513751 0.414376 -0.002014 2
1.217018 -0.206992 -0.240682 2
1.217018 -0.206992 -0.240682 2
-2.352890 0.603347 0.419227 2
-0.811031 -0.613146 0.126066 2
0.777523 0.792838 0.148027 2
0.148489 0.016638 0.716181 2
1.316441 0.208914 -0.000815 2
1.493604 -0.067369 -0.118594 2
1.493604 -0.067369 -0.118594 2
0.179841 1.002574 0.097764 2
0.179841 1.002574 0.097764 2
1.364929 1.063950 -0.001879 2
2.734061 0.072718 -0.000446 2
0.317392 -0.256267 0.017232 2
1.846731 0.113112 -0.215724 2
1.846731 0.113112 -0.215724 2
-0.436484 0.558699 0.687040 2
0.880188 -0.548881 0.234332 2
0.842695 -0.431863 0.118273 2
1.048946 -0.248090 -0.177809 2
-0.633676 -0.350227 0.062794 2
1.469442 -0.028302 -0.091832 2
1.469442 -0.028302 -0.091832 2
0.879081 0.118050 0.026832 2
0.879081 0.118050 0.026832 2
0.879081 0.118050 0.026832 2
1.373998 0.945417 0.215012 2
0.208080 0.362362 0.350586 2
1.448581 -0.296872 -0.307609 2
1.448581 -0.296872 -0.307609 2
1.582185 0.030144 0.500072 2
1.582185 0.030144 0.500072 2
0.944880 1.102221 0.202530 2
1.285506 1.714687 0.392328 2
-0.681555 0.789050 0.713562 2
1.511733 0.216219 -0.193007 2
1.511733 0.216219 -0.193007 2
0.677767 -0.255622 -0.424165 2
0.655852 -0.290002 -0.266681 2
1.062596 -0.286008 0.348078 2
1.397132 0.032179 0.130788 2
1.250659 0.401022 0.305369 2
0.361248 -0.222897 -0.294894 2
0.361248 -0.222897 -0.294894 2
0.862963 -0.000510 -0.042225 2
0.862963 -0.000510 -0.042225 2
2.337409 0.614451 -0.068757 2
2.337409 0.614451 -0.068757 2
4.562149 0.837655 -0.086214 2
7.808550 -0.927612 0.192625 2
13.098748 -2.622064 -0.715535 2
14.522081 -2.090401 -0.960436 2
16.358883 -0.956889 0.099203 2
23.764217 -3.771269 -2.113084 2
22.625381 1.932898 0.158845 2
25.985489 0.312860 -0.908876 2
37.716114 8.220187 3.950195 2
30.526545 2.268443 0.346741 2
30.526545 2.268443 0.346741 2
30.526545 2.268443 0.346741 2
30.526545 2.268443 0.346741 2
30.526545 2.268443 0.346741 2
30.526545 2.268443 0.346741 2
31.355946 1.280792 0.141628 2
31.355946 1.280792 0.141628 2
33.307930 2.117209 0.944915 2
28.906271 0.993966 -0.256644 2
33.913414 2.027924 0.864379 2
33.193825 1.438019 0.563267 2
34.176140 0.422014 -0.026474 2
29.625814 1.295907 0.848190 2
29.625814 1.295907 0.848190 2
30.093388 0.936856 0.133506 2
29.852859 1.524847 0.863295 2
26.817772 2.951663 -0.065529 2
31.234993 0.969462 0.210544 2
30.211889 2.197551 0.730772 2
30.211889 2.197551 0.730772 2
30.211889 2.197551 0.730772 2
32.355560 1.817559 1.149043 2
32.993046 1.826241 0.725811 2
28.453207 1.714855 -0.440473 2
33.974625 2.446104 1.419765 2
32.854279 1.956601 1.282175 2
32.854279 1.956601 1.282175 2
32.854279 1.956601 1.282175 2
39.221008 6.188092 4.436035 2
31.261404 1.482117 0.544722 2
26.536720 1.008472 -0.618214 2
33.094822 2.045441 1.007362 2
30.811470 1.285422 0.445432 2
31.371069 0.319632 -0.333503 2
31.371069 0.319632 -0.333503 2
26.765656 -2.806848 -1.957711 2
30.928165 0.899019 0.462433 2
26.276173 2.396362 -0.059823 2
26.276173 2.396362 -0.059823 2
32.680893 0.522429 -0.065060 2
31.538149 1.841626 0.716504 2
31.538149 1.841626 0.716504 2
31.538149 1.841626 0.716504 2
31.538149 1.841626 0.716504 2
30.875525 2.050505 0.193944 2
31.962572 1.015637 0.610870 2
33.541698 2.322297 1.233679 2
31.523396 1.728937 1.024250 2
31.523396 1.728937 1.024250 2
33.319271 1.984163 1.027056 2
40.080872 8.546869 4.202813 2
30.698708 1.155796 0.253727 2
23.799940 0.281942 -0.900323 2
34.003262 2.114361 1.302110 2
29.426146 1.605412 0.029141 2
29.426146 1.605412 0.029141 2
25.107447 -3.717998 -2.886858 2
25.107447 -3.717998 -2.886858 2
32.672634 2.030028 0.662730 2
26.011593 2.004230 0.734745 2
28.008055 2.289212 0.469430 2
29.722261 1.719137 0.585444 2
31.758488 1.709409 0.779024 2
31.758488 1.709409 0.779024 2
31.758488 1.709409 0.779024 2
31.936729 1.779474 0.801531 2
31.988771 1.928942 0.595495 2
28.379713 1.965812 -0.370929 2
32.075863 1.686230 0.544650 2
32.075863 1.686230 0.544650 2
31.769672 2.246014 0.741576 2
29.240013 -0.423320 -0.224860 2
30.244705 0.399678 -0.318699 2
32.458725 1.793030 0.942212 2
25.732904 1.376591 -0.265280 2
30.377546 2.232148 0.429052 2
30.377546 2.232148 0.429052 2
33.492580 0.781908 0.487235 2
24.840715 -4.903595 -2.535155 2
24.840715 -4.903595 -2.535155 2
30.459631 1.266057 0.316721 2
26.710806 2.348215 0.122176 2
25.150089 2.296595 0.496684 2
34.498375 2.715754 1.071415 2
31.775518 1.543982 0.755696 2
31.775518 1.543982 0.755696 2
31.497723 1.710985 -1.179814 2
31.779375 1.567200 1.176918 2
30.197237 1.479507 0.318554 2
22.583960 1.328007 -0.320753 2
28.178034 1.715932 0.803141 2
24.109783 1.711876 0.636260 2
21.083601 1.557094 0.262946 2
17.144302 0.787703 0.427731 2
17.144302 0.787703 0.427731 2
9.717926 0.011727 -0.271698 2
8.319706 0.703893 0.419220 2
6.818072 0.154369 -0.175863 2
7.756045 1.316013 0.447710 2
4.296410 0.925398 0.360451 2
1.113195 -0.108534 -0.129252 2
2.263314 -0.586970 0.871276 2
0.105803 -0.266460 0.390383 2
1.549334 0.079881 -0.210368 2
1.521451 0.051284 -0.159689 2
0.437442 0.059270 0.343637 2
1.494331 1.911238 -0.698352 2
0.177366 1.159006 -0.322502 2
0.656282 -0.338786 -0.115137 2
0.783130 0.752519 0.374657 2
-0.718163 0.351324 0.835650 2
2.238359 -0.063714 -0.200314 2
1.155947 0.204345 0.129034 2
2.649165 -0.031400 -0.595790 2
-0.455354 0.354484 0.047348 2
0.760706 -0.875861 0.298170 2
0.705853 -0.297817 0.116097 2
-0.198650 -0.374708 -0.076757 2
-0.017833 -0.306131 0.035098 2
2.353048 0.513972 -0.177116 2
0.494835 0.159916 0.262317 2
0.894765 0.491653 0.876056 2
0.274256 0.733625 -0.028172 2
-1.225767 0.313681 0.550202 2
1.236577 0.669410 -0.069006 2
0.097094 0.017440 0.671729 2
0.998739 0.201076 -0.017828 2
0.770094 -0.450079 -0.233227 2
0.859536 0.823314 -0.026174 2
1.060423 -1.185908 0.083693 2
0.737921 -0.840556 0.085741 2
0.865611 -0.346175 0.056688 2
0.789603 0.035798 0.025667 2
-0.097669 -0.222831 0.095820 2
2.312724 -0.120903 -0.225963 2
0.744450 0.214559 -0.143657 2
0.979661 0.810184 0.832544 2
0.734623 1.318540 -0.034475 2
1.236360 0.980510 0.192434 2
1.335812 1.351950 0.066668 2
1.335812 1.351950 0.066668 2
0.334623 0.333660 0.478630 2
0.334623 0.333660 0.478630 2
0.334623 0.333660 0.478630 2
1.687196 0.025949 -0.489182 2
1.687196 0.025949 -0.489182 2
1.687196 0.025949 -0.489182 2
1.033852 0.910476 0.171386 2
-0.294344 0.088258 0.122026 2
1.446116 0.187439 -0.105172 2
0.621915 0.291990 0.217959 2
0.873502 0.233857 0.559863 2
1.274667 0.790608 -0.850925 2
0.424169 1.408094 0.094619 2
1.082843 0.854565 -0.069155 2
-0.643018 -1.938207 -0.102242 2
0.711200 0.684285 0.105765 2
1.697481 0.132246 -0.050030 2
0.412418 0.324873 -0.285122 2
-0.461584 0.778792 0.840270 2
-0.280705 0.811395 0.004128 2
1.128310 -0.114470 -0.029131 2
1.326509 0.809913 0.101135 2
-0.049519 0.110330 0.375565 2
1.470695 -0.301039 -0.257393 2
0.846311 -0.426100 0.035933 2
0.846311 -0.426100 0.035933 2
1.356775 0.324061 0.384499 2
0.918159 1.314020 0.310149 2
1.364591 -0.395832 0.103551 2
-1.258461 -2.012756 0.217766 2
1.129473 -0.140202 -0.137068 2
2.054047 0.512825 -0.211931 2
0.784803 0.318135 -0.381700 2
0.784803 0.318135 -0.381700 2
1.403622 0.777268 -0.127306 2
0.468497 0.092286 0.449458 2
0.995514 0.857397 0.136464 2
0.842251 0.045600 0.050092 2
1.131707 -0.011908 -0.208447 2
1.252881 -0.008573 0.295291 2
-0.182100 0.556559 0.124005 2
0.017747 1.234959 -0.007257 2
-0.345441 -1.663609 0.205114 2
0.863228 -0.277478 -0.040327 2
1.091938 -0.275131 -0.240299 2
0.309443 0.214372 0.268563 2
1.768832 0.102640 -0.021098 2
0.815990 0.083289 -0.079101 2
0.815990 0.083289 -0.079101 2
0.815990 0.083289 -0.079101 2
1.641600 0.287569 0.339772 2
4.821324 1.113569 -0.030400 2
6.322702 0.121803 0.472072 2
13.451961 -2.613136 -0.711153 2
12.849524 -2.267643 -1.147888 2
17.173727 -0.634910 0.020581 2
21.589859 -3.306831 -1.928118 2
21.898533 1.709525 -0.232545 2
26.951763 2.264832 1.079598 2
35.993874 5.403743 2.695030 2
30.134411 1.142127 0.129586 2
30.134411 1.142127 0.129586 2
23.875811 -0.574434 -0.276394 2
23.875811 -0.574434 -0.276394 2
37.083054 4.817553 3.553800 2
37.083054 4.817553 3.553800 2
29.429867 -0.382906 -0.032803 2
29.502104 0.151098 0.089799 2
31.544756 1.560090 0.707450 2
25.830837 1.748231 -0.060688 2
30.813955 1.810644 0.570445 2
29.852537 1.328319 0.801810 2
32.315948 2.014178 0.904636 2
32.315948 2.014178 0.904636 2
32.315948 2.014178 0.904636 2
31.108311 1.679916 0.871764 2
32.642216 0.554441 -0.641819 2
31.109970 0.604669 0.464687 2
34.954147 2.715817 1.495244 2
31.758675 1.479023 0.889638 2
28.546137 0.249394 -1.496545 2
32.557507 1.249273 0.653897 2
32.557507 1.249273 0.653897 2
30.429253 0.882163 -0.363407 2
26.854671 0.856284 -0.460478 2
33.716885 2.291587 1.153507 2
31.539568 0.663938 0.034610 2
32.308632 0.919716 -0.262659 2
28.035561 -5.174155 -1.870835 2
28.035561 -5.174155 -1.870835 2
32.633553 1.797087 0.791839 2
31.481752 1.759743 1.248429 2
26.047527 2.188105 0.068709 2
31.384350 2.002276 1.066770 2
33.192154 2.231956 1.183273 2
33.192154 2.231956 1.183273 2
33.192154 2.231956 1.183273 2
36.481194 3.812928 1.794976 2
30.699196 0.946923 0.273116 2
25.660355 1.300481 -0.731764 2
32.532299 2.033010 0.741549 2
31.983271 1.789565 1.046173 2
30.920509 1.837289 0.279831 2
30.920509 1.837289 0.279831 2
30.920509 1.837289 0.279831 2
30.821365 1.243374 0.297433 2
24.456444 1.822991 0.031216 2
27.287855 2.469639 -0.037256 2
33.550388 -0.052515 -0.711548 2
32.709141 2.527944 0.994063 2
32.709141 2.527944 0.994063 2
32.709141 2.527944 0.994063 2
32.060421 1.991292 0.979622 2
30.488482 1.547214 0.474367 2
31.242216 0.895149 0.318004 2
34.443851 2.557172 1.341235 2
31.923868 1.700983 0.936243 2
29.475006 0.877923 -1.180335 2
32.137020 1.299252 0.393366 2
37.604488 7.297398 3.860139 2
30.624748 1.277477 0.000942 2
31.333162 0.344912 -0.697075 2
32.276474 1.786850 0.773890 2
28.674656 1.999711 0.438616 2
30.707066 0.393735 -0.411897 2
28.275579 -1.847536 -0.794345 2
28.275579 -1.847536 -0.794345 2
30.542521 1.090209 0.072028 2
32.490906 1.919362 1.336613 2
26.034986 2.025616 0.125380 2
30.100599 1.407552 0.481249 2
33.044857 2.342391 1.266255 2
33.044857 2.342391 1.266255 2
31.505564 1.773397 0.276464 2
32.344654 1.799553 0.875006 2
30.430508 1.622402 0.214926 2
25.699133 1.208372 -0.593004 2
32.992077 2.234885 0.880935 2
32.010780 2.106295 1.090891 2
32.177895 0.594929 -0.437103 2
32.177895 0.594929 -0.437103 2
32.177895 0.594929 -0.437103 2
32.680054 1.833407 0.914461 2
27.550457 2.311506 0.286614 2
32.634712 2.187397 0.924980 2
32.740566 0.331326 -0.206565 2
32.728214 2.552219 1.007554 2
32.728214 2.552219 1.007554 2
32.728214 2.552219 1.007554 2
25.481621 1.149678 0.805580 2
22.824045 1.847587 1.017722 2
20.737335 0.730729 0.427556 2
21.485037 1.506893 -0.645070 2
12.520848 -0.624946 -0.815339 2
12.520848 -0.624946 -0.815339 2
9.581201 -0.171210 0.362638 2
4.653928 0.791476 -1.532969 2
3.388631 0.028106 0.091797 2
1.869567 -0.262549 -0.506550 2
2.709084 0.445888 -0.054585 2
4.095769 1.527457 0.126748 2
2.117703 0.401571 -0.193537 2
0.585749 0.362280 0.289125 2
0.669648 0.984456 0.785357 2
1.672195 0.341157 0.080359 2
1.023823 0.337699 -0.326858 2
1.700074 -0.191743 -0.140990 2
0.601767 -0.548790 -0.605789 2
1.310308 -0.144100 0.248028 2
0.668500 0.904789 -0.169806 2
1.475610 -0.134858 0.103226 2
2.439106 1.234954 -0.433551 2
-0.193931 0.134949 0.397031 2
1.918773 -0.112699 -0.108945 2
0.971585 -0.285041 0.003560 2
1.033470 0.355903 0.803177 2
1.095286 1.004784 -0.121609 2
1.411196 0.705631 0.036531 2
1.529325 1.222802 -0.039382 2
-0.114513 0.047141 0.216676 2
2.393440 -0.458467 -0.123447 2
0.550057 -0.302589 -0.008080 2
0.044845 0.115103 -0.146965 2
0.206855 0.708440 0.241147 2
0.471774 -1.160743 0.118008 2
1.064361 -0.167271 0.084488 2
0.724915 0.274613 0.087942 2
0.625159 -0.165670 0.242604 2
1.716327 0.483481 -0.049882 2
1.130002 0.084593 -0.061572 2
1.201263 0.485456 0.030573 2
0.872856 0.119808 -0.061700 2
0.590916 0.029684 0.174733 2
0.921369 0.841208 0.213998 2
0.837540 -0.117773 0.171306 2
1.099187 0.167818 -0.102023 2
1.394181 -0.152047 -0.082309 2
0.978298 0.055155 0.156138 2
0.561947 0.668701 0.054337 2
0.489583 1.738303 0.322795 2
1.614158 -0.631229 0.318650 2
2.802346 0.288172 -0.018428 2
1.009655 0.827904 0.250884 2
2.516708 -0.096814 0.055759 2
0.497632 0.115992 -0.168725 2
-0.098799 -0.429775 -0.039336 2
0.670474 0.141913 0.248285 2
0.920112 -0.341029 0.394077 2
1.339520 0.999545 0.186125 2
0.068007 0.111203 0.332193 2
1.528806 -0.234932 -0.143862 2
1.661858 -0.467521 -0.276132 2
1.448902 0.068778 0.733654 2
1.219078 1.170567 -0.066598 2
0.863952 1.452581 0.228113 2
1.508251 1.126723 -0.053198 2
-0.142674 -0.000926 0.047834 2
1.824326 0.407073 -0.242037 2
1.269165 1.447809 0.585261 2
1.090148 -0.550455 -0.692052 2
2.128360 -0.088330 -0.071546 2
1.010381 -0.414109 0.365532 2
0.977240 -0.244540 0.333461 2
0.507463 0.126504 0.172903 2
-0.069990 0.220627 0.449114 2
1.683262 0.430955 -0.007036 2
0.830784 -0.036653 -0.030384 2
3.604933 0.499775 1.450727 2
3.604933 0.499775 1.450727 2
-0.593377 -0.590242 0.517501 2
1.153529 0.896453 0.092720 2
0.866414 -0.013359 0.220794 2
1.108304 0.189344 -0.137894 2
1.651750 -0.035075 -0.155176 2
0.241001 0.254836 0.114068 2
0.241001 0.254836 0.114068 2
0.434587 -1.003692 0.283370 2
1.084306 -0.176182 0.003478 2
1.205671 -0.161029 -0.213977 2
0.820327 -0.053675 0.006652 2
