4.799316 7.608583 -1.931473 2
4.799316 7.608583 -1.931473 2
1.493797 2.239528 -2.177164 2
1.202133 1.931987 -1.892798 2
1.480883 2.043203 -2.061714 2
1.158353 1.927744 -1.830842 2
1.327078 1.711767 -1.820393 2
1.327078 1.711767 -1.820393 2
1.327078 1.711767 -1.820393 2
1.588783 2.094619 -1.321856 2
1.588783 2.094619 -1.321856 2
2.947932 4.442148 -1.527192 2
0.897635 0.901618 -1.887587 2
0.723422 1.492421 -0.977665 2
1.292071 1.702030 -1.706609 2
0.931732 1.321811 -1.918911 2
1.299141 0.098506 -1.400334 2
3.455703 5.643127 -2.082544 2
3.455703 5.643127 -2.082544 2
1.302827 1.530247 -1.720059 2
0.210161 4.867145 -2.139705 2
2.275025 3.196499 -1.766707 2
2.331536 3.378792 -2.733984 2
1.153222 2.256400 -2.127172 2
0.532167 2.317613 -1.143951 2
1.174695 1.499893 -1.864871 2
0.483892 0.175620 -1.908800 2
1.705879 0.365011 -1.621774 2
2.815501 4.672329 -1.224227 2
3.362788 5.404042 -1.167259 2
3.362788 5.404042 -1.167259 2
3.163491 3.325527 -1.409044 2
4.481456 2.972204 -1.266271 2
-0.021726 0.845038 -2.000117 2
0.399246 1.247170 -1.424390 2
0.987214 0.827954 -1.636191 2
2.239551 2.465613 -2.150410 2
-2.344553 -0.788008 -1.557363 2
9.994642 15.061149 -0.453678 2
2.488253 2.884900 -1.233232 2
1.100181 0.694324 -1.679932 2
0.553060 1.546743 -1.700303 2
1.519428 2.216718 -1.577471 2
2.933397 5.327970 -1.768774 2
6.579602 9.536890 -0.670961 2
0.804285 1.720912 -1.922523 2
0.631155 1.379762 -1.817366 2
0.761950 1.068503 -1.123708 2
5.621327 7.507622 -0.806363 2
-0.093469 2.310445 -2.215287 2
5.306440 5.962364 -1.316018 2
0.777380 0.643658 -1.565435 2
0.999793 1.325306 -1.428445 2
1.744899 3.491386 -1.842544 2
1.870100 5.467145 -3.963405 2
4.287176 5.085108 -1.231599 2
0.544405 0.883671 -1.871312 2
0.972480 0.990121 -1.288481 2
4.848047 6.463519 -1.785749 2
-0.515290 1.019078 -1.793877 2
-0.515290 1.019078 -1.793877 2
0.141056 2.411424 -1.637304 2
-0.007945 0.510179 -1.277131 2
-0.007945 0.510179 -1.277131 2
2.563508 2.995775 -1.927740 2
6.486284 9.360170 -0.813214 2
3.353513 5.131661 -1.179220 2
0.700580 1.065801 -1.657191 2
-0.125852 1.993533 -1.138659 2
3.533608 3.558430 -1.416212 2
3.533608 3.558430 -1.416212 2
2.197016 2.834369 -1.399809 2
1.158447 1.026766 -1.513246 2
0.806830 2.352633 -1.404779 2
1.784986 3.776438 -1.552908 2
0.776789 2.794736 -1.824747 2
2.776524 3.784156 -1.495725 2
1.634308 1.176158 -1.765209 2
0.684607 1.205848 -1.678936 2
1.553506 2.956406 -1.604814 2
-0.227680 1.361238 -1.551561 2
-0.227680 1.361238 -1.551561 2
0.759007 1.472901 -2.127753 2
0.222387 0.925631 -1.560840 2
6.267765 5.745843 -0.422759 2
0.596208 2.065897 -1.801990 2
0.596208 2.065897 -1.801990 2
0.376803 5.789698 -1.442735 2
-0.331262 1.061487 -1.315027 2
-0.331262 1.061487 -1.315027 2
2.311672 3.987096 -1.911441 2
1.696750 4.296421 -1.422566 2
2.108284 3.861765 -1.439237 2
0.035592 2.077028 -1.088380 2
-0.103102 1.983630 -1.095958 2
2.144107 2.670653 -1.686859 2
2.144107 2.670653 -1.686859 2
0.210808 3.029867 -2.321552 2
0.308444 0.632562 -1.680878 2
0.308444 0.632562 -1.680878 2
2.501107 4.531002 -1.866645 2
3.144417 3.346317 -2.420335 2
3.144417 3.346317 -2.420335 2
8.391078 3.417371 -1.475058 2
8.391078 3.417371 -1.475058 2
11.951903 0.715834 -0.196138 2
9.249463 5.786406 -3.277848 2
11.740746 6.073008 -1.261103 2
8.730385 1.315856 -1.588933 2
8.479039 -0.344442 -0.960817 2
9.995698 1.830548 -0.709394 2
8.989805 3.426645 -4.712929 2
9.599380 2.285863 -2.109498 2
8.495730 1.542581 -1.022004 2
8.851890 1.354198 -0.882043 2
10.114834 3.765284 -2.302703 2
11.500532 2.924740 -0.701968 2
10.093040 3.874494 -1.503065 2
9.640210 1.015858 -1.017755 2
10.062676 2.399905 -1.272157 2
8.682701 3.649519 -2.484838 2
10.513363 5.038463 -0.680606 2
9.874269 4.174501 -1.506355 2
9.245424 2.523521 -1.143076 2
8.631409 1.099050 -2.325703 2
8.631409 1.099050 -2.325703 2
10.440190 3.092224 -0.811406 2
9.973131 3.679625 -1.377250 2
10.495542 3.330600 -1.185461 2
9.713251 3.010318 -2.106768 2
11.478275 3.159455 -1.956300 2
11.272832 3.240216 -1.193004 2
10.055334 3.461882 -1.455170 2
10.258121 4.566079 -0.708956 2
8.531705 2.802407 -2.092423 2
9.238307 2.486941 -1.324874 2
9.227787 2.474135 -1.029504 2
10.479718 3.999012 -1.049708 2
11.299009 4.973538 -0.993802 2
10.139908 3.644572 -1.570186 2
10.139908 3.644572 -1.570186 2
10.139908 3.644572 -1.570186 2
9.055747 2.307568 -1.622383 2
9.055747 2.307568 -1.622383 2
10.697227 2.831452 -2.041914 2
9.196964 3.785074 -1.036552 2
9.196964 3.785074 -1.036552 2
9.360429 3.107254 -0.723270 2
9.218940 3.792746 -1.953296 2
8.952070 3.205998 -0.638613 2
8.952070 3.205998 -0.638613 2
12.226311 3.907820 -0.587936 2
3.280521 1.197666 2.129861 2
8.825438 4.307640 -1.507249 2
10.862601 3.865280 -1.152847 2
10.862601 3.865280 -1.152847 2
11.252067 2.271262 -1.467109 2
11.252067 2.271262 -1.467109 2
9.412004 3.914021 -1.805220 2
10.557197 4.048231 -0.857447 2
9.228803 2.950910 -1.273835 2
9.757656 3.152853 -2.904215 2
9.662859 2.338187 -0.798995 2
9.662859 2.338187 -0.798995 2
10.913159 4.067324 -0.895982 2
8.728285 3.300913 -1.950482 2
8.805328 2.456149 -1.498564 2
8.948884 2.553012 -1.416922 2
9.976731 3.884235 -1.027447 2
14.747218 9.533379 -0.529355 2
10.545560 2.777416 -1.272776 2
9.655351 2.715343 -1.341312 2
9.560538 2.699981 -1.090375 2
9.470295 3.557550 -1.071229 2
9.815003 3.420564 -1.568406 2
10.211857 2.356066 -1.500412 2
9.115778 1.798915 -1.462034 2
9.896106 3.661402 -1.433058 2
9.896106 3.661402 -1.433058 2
9.896106 3.661402 -1.433058 2
10.872746 3.751787 -3.440991 2
10.326141 3.385552 -1.846730 2
9.539727 2.968917 -2.017086 2
9.050036 2.903342 -0.785759 2
9.050036 2.903342 -0.785759 2
10.521435 5.288834 -0.780496 2
9.000566 4.314669 -1.910895 2
9.762042 3.049041 -1.775327 2
9.513802 3.286062 -1.313105 2
9.513802 3.286062 -1.313105 2
11.113771 4.681909 -0.989071 2
9.722206 3.469032 -2.363690 2
9.132019 2.355127 -1.442690 2
9.640352 2.981033 -1.174798 2
11.197978 5.467817 -0.710380 2
12.881778 5.731154 -1.747378 2
10.280097 2.138788 -1.637673 2
9.315994 2.610768 -0.435718 2
9.539474 2.864046 -1.119153 2
9.539474 2.864046 -1.119153 2
11.304228 3.682440 -0.221293 2
11.304228 3.682440 -0.221293 2
4.165890 1.903029 -1.405608 2
4.165890 1.903029 -1.405608 2
4.165890 1.903029 -1.405608 2
4.203528 2.498830 -1.851818 2
4.743281 5.911603 -1.013559 2
3.861227 7.524449 -1.230956 2
0.200273 0.305425 -2.211590 2
4.076879 0.255685 -2.002292 2
4.076879 0.255685 -2.002292 2
8.371810 8.177752 -0.655706 2
2.657898 4.342286 -2.047612 2
-1.352946 3.299350 -1.665787 2
6.437463 8.033112 -0.700558 2
6.437463 8.033112 -0.700558 2
6.437463 8.033112 -0.700558 2
0.063630 3.842508 -1.026769 2
0.097178 3.515584 -2.252475 2
0.097178 3.515584 -2.252475 2
3.711990 5.903212 -1.374323 2
2.603884 5.470332 -1.854493 2
3.889013 6.504686 -1.157006 2
2.410057 1.576857 -1.591163 2
2.467063 0.719659 -1.310128 2
6.699403 7.532524 -1.084043 2
6.699403 7.532524 -1.084043 2
5.598309 6.817702 -1.869082 2
5.598309 6.817702 -1.869082 2
5.598309 6.817702 -1.869082 2
5.598309 6.817702 -1.869082 2
5.598309 6.817702 -1.869082 2
5.598309 6.817702 -1.869082 2
0.681233 1.378474 -1.641242 2
0.079864 3.339401 -2.512354 2
6.596722 7.577878 -1.174912 2
6.596722 7.577878 -1.174912 2
7.870531 8.603665 -0.983397 2
2.339376 3.918143 -1.875514 2
-1.817493 3.393307 -1.842438 2
4.335541 5.897392 -0.644415 2
4.335541 5.897392 -0.644415 2
4.335541 5.897392 -0.644415 2
4.335541 5.897392 -0.644415 2
-0.160314 3.550436 -2.093000 2
2.086064 1.472178 -1.371239 2
4.608959 5.918404 -0.691667 2
4.143017 7.438142 -2.449324 2
4.641904 6.008709 -1.460466 2
2.005846 1.989404 -1.508456 2
0.239764 3.248582 -1.932027 2
0.239764 3.248582 -1.932027 2
0.239764 3.248582 -1.932027 2
0.239764 3.248582 -1.932027 2
0.971837 0.807676 -1.552289 2
-0.272990 2.719891 -2.032653 2
-0.272990 2.719891 -2.032653 2
-0.272990 2.719891 -2.032653 2
-0.272990 2.719891 -2.032653 2
1.860231 3.719232 -1.590620 2
0.504123 4.230020 -2.063199 2
4.316925 5.673358 -0.544069 2
4.316925 5.673358 -0.544069 2
4.316925 5.673358 -0.544069 2
2.229297 4.764037 -1.295633 2
-1.807710 3.455600 -2.154948 2
4.002743 5.560581 -1.184283 2
4.002743 5.560581 -1.184283 2
5.711856 8.512303 -2.320368 2
4.113679 4.851289 -0.632241 2
0.240728 2.060601 -1.328061 2
1.414838 1.790742 -1.386675 2
5.151789 7.435853 -0.855238 2
4.305803 7.096269 -2.151477 2
4.305803 7.096269 -2.151477 2
4.233909 6.157306 -1.265132 2
4.233909 6.157306 -1.265132 2
4.233909 6.157306 -1.265132 2
4.233909 6.157306 -1.265132 2
4.233909 6.157306 -1.265132 2
0.959263 0.918399 -2.032684 2
0.601896 3.605772 -2.154346 2
0.601896 3.605772 -2.154346 2
0.601896 3.605772 -2.154346 2
0.601896 3.605772 -2.154346 2
2.172870 3.823822 -1.724616 2
0.703400 1.584434 -1.471281 2
3.562764 5.705965 -1.242181 2
3.562764 5.705965 -1.242181 2
3.562764 5.705965 -1.242181 2
2.382017 4.317677 -1.656028 2
-1.899428 3.410733 -2.018940 2
-1.899428 3.410733 -2.018940 2
2.754124 4.185462 -1.854349 2
2.754124 4.185462 -1.854349 2
2.754124 4.185462 -1.854349 2
0.121930 2.051813 -1.185318 2
-0.071485 1.967703 -1.142840 2
1.979641 2.771363 -1.565586 2
4.921156 7.881769 -2.836591 2
4.921156 7.881769 -2.836591 2
4.921156 7.881769 -2.836591 2
4.921156 7.881769 -2.836591 2
4.921156 7.881769 -2.836591 2
4.921156 7.881769 -2.836591 2
9.382621 4.380468 -3.879493 2
8.748816 1.355400 -2.690986 2
9.297810 0.814610 -0.969937 2
9.757636 1.927847 -1.729023 2
9.757636 1.927847 -1.729023 2
12.292469 5.562875 -1.067704 2
9.271788 3.241226 -1.961216 2
9.449205 0.736628 -0.817576 2
9.583024 2.289468 -1.720533 2
9.583024 2.289468 -1.720533 2
10.630449 4.790288 -2.033561 2
10.005509 2.314924 -1.360548 2
9.623330 1.442869 -0.890059 2
10.544677 3.770600 -2.475837 2
10.562877 2.311465 -1.121017 2
9.748541 4.005675 -1.616724 2
8.524197 1.185259 -1.443920 2
10.269167 1.289277 -1.933425 2
9.412241 2.846709 -2.141285 2
9.679415 2.001504 -1.565586 2
9.697883 3.706249 -1.466396 2
9.697883 3.706249 -1.466396 2
9.137522 1.653287 -2.999646 2
9.394120 1.941543 -2.274172 2
10.159938 4.808584 -1.234389 2
9.772629 1.622206 -1.983870 2
9.429603 2.793647 -1.650674 2
9.429603 2.793647 -1.650674 2
6.902119 4.636715 0.585448 2
6.902119 4.636715 0.585448 2
8.850977 1.770719 -1.856534 2
9.943481 0.197984 -1.054758 2
9.601957 2.736080 -1.886362 2
10.693027 4.147352 -1.438459 2
10.693027 4.147352 -1.438459 2
8.576058 2.232833 -1.474643 2
8.576058 2.232833 -1.474643 2
10.445676 4.963532 -1.319137 2
9.614879 4.792602 -2.159234 2
10.390731 3.613262 -2.091870 2
8.699829 3.017757 -1.180817 2
9.071887 2.272276 -1.404375 2
11.665041 5.949076 -1.012576 2
9.407165 3.363596 -2.143743 2
10.357538 4.323965 -2.459016 2
11.736333 5.043841 -1.497017 2
8.417513 4.775197 -1.155015 2
9.702417 4.383008 -2.040507 2
9.702417 4.383008 -2.040507 2
9.028366 5.152625 -1.895800 2
7.735080 2.245630 -1.700371 2
7.885357 4.050078 -3.385720 2
11.562691 5.865473 -1.499195 2
11.562691 5.865473 -1.499195 2
11.562691 5.865473 -1.499195 2
7.937459 2.932514 -2.114974 2
7.937459 2.932514 -2.114974 2
7.937459 2.932514 -2.114974 2
2.097912 -0.573828 -2.396397 2
2.097912 -0.573828 -2.396397 2
-0.148369 1.273353 -2.176349 2
-0.148369 1.273353 -2.176349 2
5.284438 6.103587 -1.716332 2
3.240803 3.695325 -1.708604 2
3.240803 3.695325 -1.708604 2
5.472887 8.348680 -1.734965 2
0.729449 0.546433 -1.764327 2
0.092778 1.547774 -1.077826 2
6.684965 8.765243 -0.155965 2
6.684965 8.765243 -0.155965 2
5.990984 7.192799 -1.361427 2
1.200895 1.164761 -1.904111 2
0.756227 1.417423 -1.439523 2
0.756227 1.417423 -1.439523 2
0.339184 1.853721 -2.302117 2
0.339184 1.853721 -2.302117 2
2.015283 0.734465 -1.569436 2
0.541292 1.604457 -1.287704 2
4.766235 6.343720 -1.121472 2
1.669446 3.731413 -1.439606 2
1.669446 3.731413 -1.439606 2
0.815884 1.171037 -2.165359 2
-0.234326 0.401860 -1.208932 2
5.449834 7.039135 -0.880186 2
3.082739 5.785353 -1.527025 2
7.869389 11.206375 -0.427023 2
7.869389 11.206375 -0.427023 2
-0.105452 0.888436 -1.299560 2
-0.362572 2.026104 -1.060980 2
1.998811 1.897656 -1.008583 2
4.724268 8.262643 -2.897664 2
-0.070375 1.141932 -1.376423 2
-0.070375 1.141932 -1.376423 2
0.172328 1.749396 -1.156863 2
2.025959 1.719815 -1.600086 2
2.025959 1.719815 -1.600086 2
2.025959 1.719815 -1.600086 2
2.025959 1.719815 -1.600086 2
0.483461 1.434593 -1.426777 2
0.890930 2.035164 -1.384179 2
2.233510 6.017035 -1.932398 2
-0.164201 1.030609 -2.047190 2
-0.164201 1.030609 -2.047190 2
1.541944 1.808151 -1.342374 2
4.020185 4.352277 -1.397689 2
-0.160176 2.357532 -2.012230 2
-0.160176 2.357532 -2.012230 2
-0.100977 1.005173 -1.955836 2
4.460425 5.738644 -0.803907 2
4.460425 5.738644 -0.803907 2
3.134235 5.485271 -1.790518 2
8.271222 10.879606 0.090591 2
4.859231 8.376866 -0.865081 2
0.136871 0.976930 -1.396122 2
1.156386 2.141469 -1.699101 2
7.338248 9.365399 -0.086558 2
5.058874 7.962270 -2.065194 2
5.058874 7.962270 -2.065194 2
0.139473 1.178160 -1.421589 2
0.696967 1.272873 -1.606478 2
0.696967 1.272873 -1.606478 2
2.823751 4.866546 -1.718781 2
3.637599 4.889005 -1.555832 2
1.794035 0.659798 -2.073090 2
0.625134 1.217647 -1.467291 2
0.622613 7.047214 -1.238503 2
3.171059 5.750540 -1.489925 2
3.171059 5.750540 -1.489925 2
0.270324 0.561494 -2.449940 2
6.161180 6.861273 -0.243361 2
6.161180 6.861273 -0.243361 2
1.509124 3.157312 -1.993334 2
1.509124 3.157312 -1.993334 2
0.620945 0.583016 -2.678672 2
-0.233338 0.584989 -1.259804 2
5.134358 7.073176 -0.617707 2
3.279208 8.061066 -2.244956 2
3.279208 8.061066 -2.244956 2
0.026193 1.133225 -2.041418 2
0.156831 1.108655 -1.563754 2
-0.276502 2.124213 -1.079675 2
3.616562 1.957499 -1.321335 2
4.010403 7.882373 -2.787615 2
4.010403 7.882373 -2.787615 2
1.167806 1.178968 -1.664849 2
0.910098 1.474984 -1.629413 2
0.910098 1.474984 -1.629413 2
2.517948 5.716818 -1.733509 2
7.697773 9.059674 -1.029011 2
1.104087 -0.089454 -2.500422 2
0.760015 1.635454 -1.756702 2
0.760015 1.635454 -1.756702 2
1.701038 4.489717 -1.289566 2
1.701038 4.489717 -1.289566 2
1.272321 0.365037 -2.208425 2
1.272321 0.365037 -2.208425 2
1.272321 0.365037 -2.208425 2
10.798497 5.778403 -1.252878 2
10.798497 5.778403 -1.252878 2
12.212545 1.988092 -2.131741 2
14.387980 -0.247437 -2.520859 2
15.203864 2.699407 -2.019574 2
15.203864 2.699407 -2.019574 2
15.203864 2.699407 -2.019574 2
17.842319 1.270411 -2.366341 2
17.842319 1.270411 -2.366341 2
17.842319 1.270411 -2.366341 2
17.842319 1.270411 -2.366341 2
17.842319 1.270411 -2.366341 2
17.842319 1.270411 -2.366341 2
16.291212 2.011075 -2.014193 2
16.170380 3.426587 -2.422133 2
16.170380 3.426587 -2.422133 2
16.170380 3.426587 -2.422133 2
16.170380 3.426587 -2.422133 2
16.418985 3.511240 -2.466727 2
16.418985 3.511240 -2.466727 2
16.418985 3.511240 -2.466727 2
15.314633 4.978941 1.827031 2
15.314633 4.978941 1.827031 2
16.846478 2.049435 -2.234345 2
16.389591 2.263312 -2.156979 2
16.330530 2.419263 -1.504565 2
14.838161 4.094790 1.704927 2
14.838161 4.094790 1.704927 2
14.838161 4.094790 1.704927 2
14.838161 4.094790 1.704927 2
14.838161 4.094790 1.704927 2
14.838161 4.094790 1.704927 2
14.838161 4.094790 1.704927 2
14.838161 4.094790 1.704927 2
14.838161 4.094790 1.704927 2
14.838161 4.094790 1.704927 2
14.838161 4.094790 1.704927 2
14.838161 4.094790 1.704927 2
14.838161 4.094790 1.704927 2
14.838161 4.094790 1.704927 2
14.838161 4.094790 1.704927 2
14.838161 4.094790 1.704927 2
14.838161 4.094790 1.704927 2
14.838161 4.094790 1.704927 2
14.838161 4.094790 1.704927 2
14.838161 4.094790 1.704927 2
14.838161 4.094790 1.704927 2
14.838161 4.094790 1.704927 2
14.838161 4.094790 1.704927 2
14.838161 4.094790 1.704927 2
14.838161 4.094790 1.704927 2
18.293800 3.982574 -1.218957 2
18.293800 3.982574 -1.218957 2
18.293800 3.982574 -1.218957 2
15.944526 1.992195 -1.959278 2
16.456594 2.037046 -2.230513 2
16.302654 2.182852 -2.078811 2
16.302654 2.182852 -2.078811 2
17.466944 3.616025 -1.185054 2
17.466944 3.616025 -1.185054 2
16.415449 2.007230 -2.222810 2
16.415449 2.007230 -2.222810 2
16.295219 2.205947 -1.911414 2
16.295219 2.205947 -1.911414 2
16.295219 2.205947 -1.911414 2
16.531519 1.747948 -2.265103 2
16.213980 2.170988 -2.134935 2
17.096029 2.287155 -1.718311 2
18.842869 3.132236 -0.848597 2
18.842869 3.132236 -0.848597 2
16.225451 2.129111 -2.040839 2
16.225451 2.129111 -2.040839 2
16.225451 2.129111 -2.040839 2
16.225451 2.129111 -2.040839 2
16.225451 2.129111 -2.040839 2
16.968317 2.053720 -0.980245 2
15.999315 3.573807 -2.467851 2
17.476566 2.391536 -1.672604 2
17.476566 2.391536 -1.672604 2
17.276924 3.653530 -0.900618 2
18.062340 4.828259 0.002529 2
16.014071 2.115061 -1.914198 2
16.014071 2.115061 -1.914198 2
16.651632 2.495473 -1.291106 2
17.079487 2.756708 -1.723027 2
17.079487 2.756708 -1.723027 2
17.079487 2.756708 -1.723027 2
17.440060 2.143396 -1.722517 2
16.509287 1.841920 -1.191936 2
16.509287 1.841920 -1.191936 2
16.509287 1.841920 -1.191936 2
16.563833 1.968553 -2.104813 2
16.563833 1.968553 -2.104813 2
16.514282 0.676284 -0.648906 2
16.514282 0.676284 -0.648906 2
16.514282 0.676284 -0.648906 2
16.117287 2.275535 -1.076928 2
16.519260 1.844545 -2.117969 2
13.317722 2.429461 -1.559830 2
13.317722 2.429461 -1.559830 2
12.472725 1.969480 -1.248997 2
12.472725 1.969480 -1.248997 2
12.472725 1.969480 -1.248997 2
12.472725 1.969480 -1.248997 2
3.210446 2.155317 -2.603754 2
4.675282 0.708431 -2.131745 2
4.675282 0.708431 -2.131745 2
4.675282 0.708431 -2.131745 2
-0.774260 0.877170 -2.069182 2
-0.774260 0.877170 -2.069182 2
-0.774260 0.877170 -2.069182 2
-0.774260 0.877170 -2.069182 2
0.723720 1.796463 -2.876812 2
0.723720 1.796463 -2.876812 2
0.930485 2.815494 -2.484482 2
0.930485 2.815494 -2.484482 2
1.195799 2.163320 -1.412776 2
1.948729 1.843388 -2.498730 2
0.371721 2.570163 -2.425827 2
1.205094 2.377153 -1.176417 2
1.205094 2.377153 -1.176417 2
0.739446 5.093143 -1.270028 2
1.184736 3.837582 -2.245327 2
0.385453 2.485112 -1.393551 2
0.385453 2.485112 -1.393551 2
2.085585 3.463410 -2.597544 2
0.416031 5.369908 -1.625157 2
0.416031 5.369908 -1.625157 2
1.311889 1.645492 -1.458386 2
1.559333 2.203196 -2.444045 2
1.559333 2.203196 -2.444045 2
1.750301 0.037364 -0.738469 2
1.750301 0.037364 -0.738469 2
0.738854 0.471758 -2.184950 2
0.738854 0.471758 -2.184950 2
0.086596 1.900505 -2.602010 2
0.753860 2.103473 -1.420094 2
1.328223 2.091451 -0.883108 2
2.528300 3.805426 -2.405572 2
1.325999 2.456182 -2.187243 2
-0.065292 1.152421 -1.537274 2
0.940984 1.726039 -1.596557 2
1.512365 2.545316 -1.349283 2
1.512365 2.545316 -1.349283 2
0.818378 2.468680 -2.470963 2
-0.410292 3.339649 -3.328770 2
1.780374 3.276019 -1.344401 2
2.008525 5.961987 -2.410181 2
2.008525 5.961987 -2.410181 2
1.246200 1.895320 -2.434538 2
0.946611 4.743526 -2.917298 2
0.946611 4.743526 -2.917298 2
0.946611 4.743526 -2.917298 2
0.946611 4.743526 -2.917298 2
0.852073 1.478377 -1.831490 2
0.852073 1.478377 -1.831490 2
1.218426 2.674136 -2.118044 2
1.218426 2.674136 -2.118044 2
1.548406 2.935577 -1.816997 2
2.027755 2.492834 -2.104159 2
0.649669 2.010261 -1.767565 2
0.984789 1.722730 -1.941390 2
0.984789 1.722730 -1.941390 2
1.497735 2.208038 -2.084603 2
1.497735 2.208038 -2.084603 2
0.606192 2.222986 -1.891946 2
0.305056 3.630991 -3.465255 2
1.611557 3.154402 -1.525336 2
2.842613 6.545156 -2.104913 2
2.842613 6.545156 -2.104913 2
2.002174 3.024319 -2.833778 2
2.002174 3.024319 -2.833778 2
2.370148 3.615524 -1.157611 2
0.565718 5.509204 -1.428858 2
0.565718 5.509204 -1.428858 2
1.812076 2.835310 -2.408208 2
1.812076 2.835310 -2.408208 2
0.403098 1.268216 -2.682545 2
0.403098 1.268216 -2.682545 2
0.403098 1.268216 -2.682545 2
0.687502 2.019209 -1.469187 2
1.570959 2.521106 -2.323339 2
2.062502 4.936879 -1.010270 2
2.062502 4.936879 -1.010270 2
1.184898 1.890304 -2.318043 2
1.184898 1.890304 -2.318043 2
0.738452 1.917275 -2.388654 2
0.079287 3.693159 -3.367426 2
1.871668 3.877729 -2.137401 2
2.031982 5.751982 -1.796280 2
2.031982 5.751982 -1.796280 2
1.354280 2.720769 -2.535703 2
1.354280 2.720769 -2.535703 2
1.797843 4.194448 -1.460544 2
1.797843 4.194448 -1.460544 2
0.733444 3.127875 -2.292662 2
0.975303 2.133011 -1.971333 2
0.975303 2.133011 -1.971333 2
3.585637 2.168201 -2.081470 2
3.585637 2.168201 -2.081470 2
3.585637 2.168201 -2.081470 2
3.585637 2.168201 -2.081470 2
3.585637 2.168201 -2.081470 2
14.184851 2.299294 -1.448757 2
14.184851 2.299294 -1.448757 2
18.566412 10.125689 0.201763 2
18.566412 10.125689 0.201763 2
17.863571 1.213591 -1.246829 2
17.467154 1.422072 -2.211163 2
14.924804 2.256644 -1.599969 2
14.924804 2.256644 -1.599969 2
14.924804 2.256644 -1.599969 2
16.804731 1.997134 -2.057603 2
16.804731 1.997134 -2.057603 2
16.586836 0.975878 -1.115957 2
16.921261 2.277942 -1.019462 2
16.921261 2.277942 -1.019462 2
15.802762 2.308810 -0.802996 2
15.802762 2.308810 -0.802996 2
15.802762 2.308810 -0.802996 2
15.802762 2.308810 -0.802996 2
18.422993 3.603444 -0.717931 2
17.799004 5.155107 0.005396 2
16.839838 1.905017 -2.281434 2
17.398102 2.600278 -1.544258 2
17.398102 2.600278 -1.544258 2
16.847734 2.755934 -2.035242 2
16.847734 2.755934 -2.035242 2
16.633974 2.463611 -1.059001 2
15.681449 3.650739 -2.213280 2
15.681449 3.650739 -2.213280 2
15.681449 3.650739 -2.213280 2
15.681449 3.650739 -2.213280 2
16.158667 2.132650 -1.964952 2
16.158667 2.132650 -1.964952 2
16.158667 2.132650 -1.964952 2
17.188643 1.961501 -1.380901 2
17.188643 1.961501 -1.380901 2
15.932847 2.187878 -1.856348 2
15.932847 2.187878 -1.856348 2
16.842894 1.827219 -1.376554 2
16.842894 1.827219 -1.376554 2
16.842894 1.827219 -1.376554 2
16.842894 1.827219 -1.376554 2
16.655035 2.174143 -0.858141 2
18.078516 1.355309 -1.543183 2
18.078516 1.355309 -1.543183 2
17.422693 2.824769 -1.817675 2
17.422693 2.824769 -1.817675 2
16.382032 2.163380 -2.034688 2
16.382032 2.163380 -2.034688 2
16.359444 1.231451 -0.617455 2
16.359444 1.231451 -0.617455 2
16.359444 1.231451 -0.617455 2
16.494177 2.281011 -2.179659 2
16.494177 2.281011 -2.179659 2
16.965168 2.056035 -1.044439 2
16.965168 2.056035 -1.044439 2
17.771477 3.515136 -0.728214 2
16.326960 2.230755 -1.954377 2
16.326960 2.230755 -1.954377 2
16.326960 2.230755 -1.954377 2
16.326960 2.230755 -1.954377 2
16.326960 2.230755 -1.954377 2
17.710878 4.834640 -0.188847 2
17.027136 2.365920 -1.226060 2
16.916590 2.117153 -0.859600 2
16.916590 2.117153 -0.859600 2
16.916590 2.117153 -0.859600 2
16.916590 2.117153 -0.859600 2
16.989389 2.190722 -1.082473 2
16.182878 2.035564 -1.955047 2
16.182878 2.035564 -1.955047 2
17.635857 3.056567 -0.355218 2
17.635857 3.056567 -0.355218 2
15.844475 3.204470 0.370246 2
15.844475 3.204470 0.370246 2
15.844475 3.204470 0.370246 2
15.844475 3.204470 0.370246 2
15.844475 3.204470 0.370246 2
15.844475 3.204470 0.370246 2
15.844475 3.204470 0.370246 2
17.396538 1.627388 -1.263894 2
17.396538 1.627388 -1.263894 2
17.396538 1.627388 -1.263894 2
17.396538 1.627388 -1.263894 2
16.641798 1.987630 -0.760574 2
16.410713 1.352356 -0.508808 2
16.410713 1.352356 -0.508808 2
16.410713 1.352356 -0.508808 2
16.410713 1.352356 -0.508808 2
16.236284 2.475809 -0.961312 2
16.621944 1.930112 -2.115441 2
16.621944 1.930112 -2.115441 2
17.920446 3.309949 -0.753206 2
17.920446 3.309949 -0.753206 2
16.592119 1.918705 -2.077663 2
16.592119 1.918705 -2.077663 2
16.592119 1.918705 -2.077663 2
16.592119 1.918705 -2.077663 2
16.592119 1.918705 -2.077663 2
16.592119 1.918705 -2.077663 2
16.592119 1.918705 -2.077663 2
3.036014 5.065213 -1.814859 2
3.036014 5.065213 -1.814859 2
3.036014 5.065213 -1.814859 2
3.036014 5.065213 -1.814859 2
3.036014 5.065213 -1.814859 2
0.501450 1.872679 -2.547811 2
0.501450 1.872679 -2.547811 2
3.562023 3.260629 -2.213209 2
3.562023 3.260629 -2.213209 2
1.140840 2.299441 -2.834972 2
1.140840 2.299441 -2.834972 2
-0.631728 2.349041 -1.695739 2
0.680216 5.214452 -1.437984 2
0.680216 5.214452 -1.437984 2
0.638654 1.963635 -2.625792 2
0.638654 1.963635 -2.625792 2
1.752637 2.655242 -2.279831 2
1.752637 2.655242 -2.279831 2
2.662606 4.434289 -1.391678 2
1.160834 1.943809 -2.503151 2
1.160834 1.943809 -2.503151 2
0.652192 0.444312 -1.247128 2
0.652192 0.444312 -1.247128 2
2.895822 4.952676 -1.876456 2
2.895822 4.952676 -1.876456 2
1.914391 2.583135 -2.720161 2
0.176975 1.811237 -2.844673 2
0.176975 1.811237 -2.844673 2
2.421747 3.890188 -1.486798 2
2.421747 3.890188 -1.486798 2
3.010018 4.317160 -2.177784 2
1.631352 2.652152 -2.305164 2
-0.558381 2.503455 -1.620714 2
0.974734 6.111593 -1.423096 2
0.974734 6.111593 -1.423096 2
0.938508 2.046431 -2.535819 2
0.938508 2.046431 -2.535819 2
0.427203 2.043275 -1.322675 2
-0.213232 3.176407 -0.995497 2
3.186514 5.465329 -1.095832 2
3.186514 5.465329 -1.095832 2
3.186514 5.465329 -1.095832 2
1.201192 -0.591894 -2.568894 2
1.201192 -0.591894 -2.568894 2
1.201192 -0.591894 -2.568894 2
0.831815 2.689382 -2.174448 2
0.831815 2.689382 -2.174448 2
1.595379 2.216146 -1.664165 2
1.595379 2.216146 -1.664165 2
3.022467 3.728531 -2.170446 2
3.022467 3.728531 -2.170446 2
3.022467 3.728531 -2.170446 2
0.584419 2.523104 -2.021869 2
0.838556 1.228133 -2.139629 2
0.838556 1.228133 -2.139629 2
3.374405 5.500813 -1.493821 2
0.488031 1.740998 -2.228653 2
0.488031 1.740998 -2.228653 2
0.621498 1.978317 -1.631106 2
2.027726 2.415504 -2.210306 2
3.281569 5.513303 -1.309082 2
3.281569 5.513303 -1.309082 2
1.821441 1.991256 -2.412071 2
1.426100 0.153346 -2.361134 2
1.426100 0.153346 -2.361134 2
2.387054 4.608208 -1.451952 2
2.387054 4.608208 -1.451952 2
1.639409 2.100261 -2.625515 2
-0.222945 2.787304 -1.669418 2
-0.222945 2.787304 -1.669418 2
0.894931 5.487104 -1.567327 2
0.894931 5.487104 -1.567327 2
1.659462 2.465523 -2.252049 2
1.659462 2.465523 -2.252049 2
0.108911 0.904345 -1.646858 2
0.108911 0.904345 -1.646858 2
0.108911 0.904345 -1.646858 2
0.913615 1.989609 -2.609402 2
0.913615 1.989609 -2.609402 2
1.818018 3.228261 -2.780485 2
0.318217 2.769052 -1.162371 2
2.703651 4.442793 -1.796767 2
2.703651 4.442793 -1.796767 2
2.703651 4.442793 -1.796767 2
1.049920 -0.783212 -2.702811 2
1.049920 -0.783212 -2.702811 2
1.049920 -0.783212 -2.702811 2
1.049920 -0.783212 -2.702811 2
1.049920 -0.783212 -2.702811 2
1.856454 2.167045 -1.549178 2
1.856454 2.167045 -1.549178 2
2.084043 3.080554 -2.136832 2
2.084043 3.080554 -2.136832 2
1.003936 2.017784 -2.039256 2
1.003936 2.017784 -2.039256 2
2.000753 1.070118 -2.378214 2
8.014040 5.087944 -1.139641 2
8.014040 5.087944 -1.139641 2
12.233962 1.539514 -1.911041 2
12.233962 1.539514 -1.911041 2
19.542656 0.245604 -2.274253 2
19.542656 0.245604 -2.274253 2
19.542656 0.245604 -2.274253 2
19.542656 0.245604 -2.274253 2
19.542656 0.245604 -2.274253 2
25.894289 -0.433948 -4.472493 2
25.894289 -0.433948 -4.472493 2
25.894289 -0.433948 -4.472493 2
25.894289 -0.433948 -4.472493 2
25.894289 -0.433948 -4.472493 2
25.894289 -0.433948 -4.472493 2
25.894289 -0.433948 -4.472493 2
25.894289 -0.433948 -4.472493 2
25.894289 -0.433948 -4.472493 2
25.894289 -0.433948 -4.472493 2
25.894289 -0.433948 -4.472493 2
25.894289 -0.433948 -4.472493 2
25.894289 -0.433948 -4.472493 2
25.894289 -0.433948 -4.472493 2
25.894289 -0.433948 -4.472493 2
25.894289 -0.433948 -4.472493 2
25.894289 -0.433948 -4.472493 2
25.894289 -0.433948 -4.472493 2
25.894289 -0.433948 -4.472493 2
25.894289 -0.433948 -4.472493 2
25.894289 -0.433948 -4.472493 2
25.894289 -0.433948 -4.472493 2
25.894289 -0.433948 -4.472493 2
25.894289 -0.433948 -4.472493 2
25.894289 -0.433948 -4.472493 2
25.894289 -0.433948 -4.472493 2
25.894289 -0.433948 -4.472493 2
25.894289 -0.433948 -4.472493 2
25.894289 -0.433948 -4.472493 2
25.894289 -0.433948 -4.472493 2
25.894289 -0.433948 -4.472493 2
25.894289 -0.433948 -4.472493 2
25.894289 -0.433948 -4.472493 2
25.894289 -0.433948 -4.472493 2
25.894289 -0.433948 -4.472493 2
25.894289 -0.433948 -4.472493 2
25.894289 -0.433948 -4.472493 2
25.894289 -0.433948 -4.472493 2
25.894289 -0.433948 -4.472493 2
25.894289 -0.433948 -4.472493 2
25.894289 -0.433948 -4.472493 2
25.894289 -0.433948 -4.472493 2
25.894289 -0.433948 -4.472493 2
25.894289 -0.433948 -4.472493 2
25.894289 -0.433948 -4.472493 2
25.894289 -0.433948 -4.472493 2
25.894289 -0.433948 -4.472493 2
25.894289 -0.433948 -4.472493 2
25.894289 -0.433948 -4.472493 2
25.894289 -0.433948 -4.472493 2
25.894289 -0.433948 -4.472493 2
25.894289 -0.433948 -4.472493 2
25.894289 -0.433948 -4.472493 2
25.894289 -0.433948 -4.472493 2
25.894289 -0.433948 -4.472493 2
25.894289 -0.433948 -4.472493 2
25.894289 -0.433948 -4.472493 2
25.894289 -0.433948 -4.472493 2
25.894289 -0.433948 -4.472493 2
25.894289 -0.433948 -4.472493 2
25.894289 -0.433948 -4.472493 2
25.894289 -0.433948 -4.472493 2
25.894289 -0.433948 -4.472493 2
25.894289 -0.433948 -4.472493 2
25.894289 -0.433948 -4.472493 2
25.894289 -0.433948 -4.472493 2
25.894289 -0.433948 -4.472493 2
25.894289 -0.433948 -4.472493 2
25.894289 -0.433948 -4.472493 2
25.894289 -0.433948 -4.472493 2
25.894289 -0.433948 -4.472493 2
25.894289 -0.433948 -4.472493 2
25.894289 -0.433948 -4.472493 2
25.894289 -0.433948 -4.472493 2
25.894289 -0.433948 -4.472493 2
25.894289 -0.433948 -4.472493 2
25.894289 -0.433948 -4.472493 2
25.894289 -0.433948 -4.472493 2
25.894289 -0.433948 -4.472493 2
25.894289 -0.433948 -4.472493 2
25.894289 -0.433948 -4.472493 2
25.894289 -0.433948 -4.472493 2
25.894289 -0.433948 -4.472493 2
25.894289 -0.433948 -4.472493 2
25.894289 -0.433948 -4.472493 2
25.894289 -0.433948 -4.472493 2
25.894289 -0.433948 -4.472493 2
25.894289 -0.433948 -4.472493 2
25.894289 -0.433948 -4.472493 2
25.894289 -0.433948 -4.472493 2
25.894289 -0.433948 -4.472493 2
25.894289 -0.433948 -4.472493 2
25.894289 -0.433948 -4.472493 2
17.482040 4.076948 -0.970237 2
17.482040 4.076948 -0.970237 2
10.644187 5.136657 -1.420768 2
10.644187 5.136657 -1.420768 2
10.644187 5.136657 -1.420768 2
8.248837 2.777584 -1.621820 2
8.248837 2.777584 -1.621820 2
2.273907 1.415299 -2.725355 2
2.273907 1.415299 -2.725355 2
1.984211 2.347111 -3.358101 2
2.773824 2.675875 -1.716726 2
2.773824 2.675875 -1.716726 2
1.618545 2.475987 -3.432770 2
1.618545 2.475987 -3.432770 2
2.179325 2.589962 -1.073671 2
2.179325 2.589962 -1.073671 2
2.179325 2.589962 -1.073671 2
1.233044 0.773652 -3.267573 2
1.233044 0.773652 -3.267573 2
1.198287 2.368341 -1.628142 2
1.198287 2.368341 -1.628142 2
3.751724 4.194336 0.772921 2
3.751724 4.194336 0.772921 2
-0.264621 3.555137 -2.673998 2
0.343666 3.001879 -0.940234 2
0.343666 3.001879 -0.940234 2
0.720317 2.794463 -2.303353 2
0.720317 2.794463 -2.303353 2
1.708233 3.018042 -1.447994 2
1.708233 3.018042 -1.447994 2
1.577048 2.035812 -1.384369 2
1.828265 3.614524 -1.301578 2
1.828265 3.614524 -1.301578 2
1.682972 3.689594 -1.103259 2
1.682972 3.689594 -1.103259 2
1.554092 2.646928 -2.152935 2
1.554092 2.646928 -2.152935 2
1.554092 2.646928 -2.152935 2
1.554092 2.646928 -2.152935 2
1.554092 2.646928 -2.152935 2
0.113695 3.246473 -1.399791 2
0.113695 3.246473 -1.399791 2
1.695530 3.399383 -1.833870 2
1.695530 3.399383 -1.833870 2
1.695530 3.399383 -1.833870 2
2.299146 3.056841 -3.115825 2
2.299146 3.056841 -3.115825 2
2.299146 3.056841 -3.115825 2
2.299146 3.056841 -3.115825 2
2.299146 3.056841 -3.115825 2
2.299146 3.056841 -3.115825 2
1.848059 2.306874 -1.844543 2
1.848059 2.306874 -1.844543 2
1.848059 2.306874 -1.844543 2
1.474087 2.274759 -2.278471 2
1.474087 2.274759 -2.278471 2
0.918738 2.303868 -1.826439 2
0.918738 2.303868 -1.826439 2
0.918738 2.303868 -1.826439 2
0.934805 2.000862 -2.737854 2
0.934805 2.000862 -2.737854 2
-0.209093 3.736462 -1.250181 2
-0.209093 3.736462 -1.250181 2
4.117053 6.100380 0.570636 2
4.117053 6.100380 0.570636 2
0.895539 0.799142 -2.020171 2
0.102410 2.963243 -1.051169 2
0.102410 2.963243 -1.051169 2
1.644477 3.972236 -1.277417 2
1.644477 3.972236 -1.277417 2
1.644477 3.972236 -1.277417 2
1.644477 3.972236 -1.277417 2
1.347408 1.627901 -1.538878 2
1.707884 3.744306 -1.333693 2
1.707884 3.744306 -1.333693 2
0.147593 1.695549 -1.594621 2
0.147593 1.695549 -1.594621 2
2.187363 2.084553 -2.058838 2
2.187363 2.084553 -2.058838 2
2.187363 2.084553 -2.058838 2
0.699220 2.056400 -1.750490 2
1.367933 1.810063 -1.937529 2
1.367933 1.810063 -1.937529 2
1.367933 1.810063 -1.937529 2
3.302687 5.439651 0.752144 2
3.302687 5.439651 0.752144 2
0.763968 0.577033 -2.538279 2
0.763968 0.577033 -2.538279 2
0.763968 0.577033 -2.538279 2
1.757129 3.619917 -1.174834 2
1.757129 3.619917 -1.174834 2
1.065355 0.587141 -2.254082 2
1.065355 0.587141 -2.254082 2
1.637537 3.437907 -1.908203 2
1.637537 3.437907 -1.908203 2
1.637537 3.437907 -1.908203 2
2.374706 2.179152 -2.407822 2
2.374706 2.179152 -2.407822 2
6.223850 0.826919 -1.789588 2
6.223850 0.826919 -1.789588 2
6.223850 0.826919 -1.789588 2
16.680336 1.080378 -1.458815 2
16.680336 1.080378 -1.458815 2
16.680336 1.080378 -1.458815 2
16.680336 1.080378 -1.458815 2
16.680336 1.080378 -1.458815 2
16.680336 1.080378 -1.458815 2
16.680336 1.080378 -1.458815 2
16.680336 1.080378 -1.458815 2
16.680336 1.080378 -1.458815 2
16.680336 1.080378 -1.458815 2
16.680336 1.080378 -1.458815 2
16.680336 1.080378 -1.458815 2
16.680336 1.080378 -1.458815 2
16.680336 1.080378 -1.458815 2
16.680336 1.080378 -1.458815 2
16.680336 1.080378 -1.458815 2
16.680336 1.080378 -1.458815 2
16.680336 1.080378 -1.458815 2
16.680336 1.080378 -1.458815 2
16.680336 1.080378 -1.458815 2
16.680336 1.080378 -1.458815 2
16.680336 1.080378 -1.458815 2
16.680336 1.080378 -1.458815 2
16.680336 1.080378 -1.458815 2
16.680336 1.080378 -1.458815 2
16.680336 1.080378 -1.458815 2
16.680336 1.080378 -1.458815 2
16.680336 1.080378 -1.458815 2
16.680336 1.080378 -1.458815 2
16.680336 1.080378 -1.458815 2
16.680336 1.080378 -1.458815 2
16.680336 1.080378 -1.458815 2
16.680336 1.080378 -1.458815 2
16.680336 1.080378 -1.458815 2
16.680336 1.080378 -1.458815 2
16.680336 1.080378 -1.458815 2
16.680336 1.080378 -1.458815 2
16.680336 1.080378 -1.458815 2
16.680336 1.080378 -1.458815 2
16.680336 1.080378 -1.458815 2
16.680336 1.080378 -1.458815 2
16.680336 1.080378 -1.458815 2
16.680336 1.080378 -1.458815 2
16.680336 1.080378 -1.458815 2
16.680336 1.080378 -1.458815 2
16.680336 1.080378 -1.458815 2
16.680336 1.080378 -1.458815 2
16.680336 1.080378 -1.458815 2
16.680336 1.080378 -1.458815 2
16.680336 1.080378 -1.458815 2
16.680336 1.080378 -1.458815 2
16.680336 1.080378 -1.458815 2
16.680336 1.080378 -1.458815 2
16.680336 1.080378 -1.458815 2
16.680336 1.080378 -1.458815 2
16.680336 1.080378 -1.458815 2
16.680336 1.080378 -1.458815 2
16.680336 1.080378 -1.458815 2
16.680336 1.080378 -1.458815 2
16.680336 1.080378 -1.458815 2
16.680336 1.080378 -1.458815 2
16.680336 1.080378 -1.458815 2
16.680336 1.080378 -1.458815 2
16.680336 1.080378 -1.458815 2
16.680336 1.080378 -1.458815 2
16.680336 1.080378 -1.458815 2
16.680336 1.080378 -1.458815 2
16.680336 1.080378 -1.458815 2
16.680336 1.080378 -1.458815 2
16.680336 1.080378 -1.458815 2
16.680336 1.080378 -1.458815 2
16.680336 1.080378 -1.458815 2
16.680336 1.080378 -1.458815 2
16.680336 1.080378 -1.458815 2
16.680336 1.080378 -1.458815 2
16.680336 1.080378 -1.458815 2
16.680336 1.080378 -1.458815 2
16.680336 1.080378 -1.458815 2
16.680336 1.080378 -1.458815 2
16.680336 1.080378 -1.458815 2
16.680336 1.080378 -1.458815 2
16.680336 1.080378 -1.458815 2
16.680336 1.080378 -1.458815 2
16.680336 1.080378 -1.458815 2
16.680336 1.080378 -1.458815 2
16.680336 1.080378 -1.458815 2
16.680336 1.080378 -1.458815 2
16.680336 1.080378 -1.458815 2
16.680336 1.080378 -1.458815 2
21.468832 1.687313 -1.922677 2
21.468832 1.687313 -1.922677 2
21.468832 1.687313 -1.922677 2
12.336051 2.818545 -1.195161 2
12.336051 2.818545 -1.195161 2
7.358192 6.140506 -0.318292 2
7.358192 6.140506 -0.318292 2
4.406803 -0.295969 -3.025798 2
4.406803 -0.295969 -3.025798 2
4.406803 -0.295969 -3.025798 2
3.955931 7.991589 -4.428958 2
3.955931 7.991589 -4.428958 2
3.955931 7.991589 -4.428958 2
3.955931 7.991589 -4.428958 2
3.955931 7.991589 -4.428958 2
6.226548 -4.505856 -1.998469 2
6.226548 -4.505856 -1.998469 2
0.938732 2.165962 -0.329613 2
0.938732 2.165962 -0.329613 2
0.938732 2.165962 -0.329613 2
0.938732 2.165962 -0.329613 2
0.562169 2.310867 -2.092990 2
2.514642 3.063176 -1.630015 2
2.514642 3.063176 -1.630015 2
2.514642 3.063176 -1.630015 2
2.514642 3.063176 -1.630015 2
0.316626 2.867662 -1.332080 2
0.316626 2.867662 -1.332080 2
3.574442 5.018950 -0.024322 2
3.574442 5.018950 -0.024322 2
3.574442 5.018950 -0.024322 2
0.878991 0.567865 -2.332475 2
0.878991 0.567865 -2.332475 2
0.878991 0.567865 -2.332475 2
0.878991 0.567865 -2.332475 2
0.878991 0.567865 -2.332475 2
0.715231 1.717611 -1.707919 2
0.248432 1.534807 -0.988344 2
3.491221 3.459857 -2.093020 2
3.491221 3.459857 -2.093020 2
3.491221 3.459857 -2.093020 2
3.491221 3.459857 -2.093020 2
0.353437 3.686772 -1.220385 2
0.105562 2.079775 -1.902748 2
0.105562 2.079775 -1.902748 2
1.612068 2.152271 -1.484779 2
1.612068 2.152271 -1.484779 2
1.886126 1.465326 -1.348097 2
1.886126 1.465326 -1.348097 2
3.775788 4.891939 0.566864 2
3.775788 4.891939 0.566864 2
3.775788 4.891939 0.566864 2
0.580185 0.161422 -2.390140 2
0.580185 0.161422 -2.390140 2
1.807481 3.755659 -1.311910 2
1.807481 3.755659 -1.311910 2
1.807481 3.755659 -1.311910 2
2.491039 3.882516 -1.622334 2
2.491039 3.882516 -1.622334 2
3.306398 3.649168 -2.070054 2
3.306398 3.649168 -2.070054 2
3.306398 3.649168 -2.070054 2
3.306398 3.649168 -2.070054 2
-2.148510 1.852132 -0.342113 2
0.231478 2.193683 -1.928452 2
0.231478 2.193683 -1.928452 2
0.797695 1.489115 -1.426623 2
0.797695 1.489115 -1.426623 2
2.235862 1.706450 -1.793369 2
2.235862 1.706450 -1.793369 2
0.791250 2.193959 -0.905241 2
0.791250 2.193959 -0.905241 2
0.791250 2.193959 -0.905241 2
0.791250 2.193959 -0.905241 2
0.791250 2.193959 -0.905241 2
1.678832 1.384928 -2.195475 2
1.678832 1.384928 -2.195475 2
1.678832 1.384928 -2.195475 2
2.768304 3.986354 -2.101400 2
2.768304 3.986354 -2.101400 2
0.795111 4.984702 -1.653666 2
0.795111 4.984702 -1.653666 2
0.795111 4.984702 -1.653666 2
0.795111 4.984702 -1.653666 2
0.357201 3.806939 -1.166688 2
1.613769 1.783992 -1.502700 2
1.613769 1.783992 -1.502700 2
2.504933 3.735677 -1.244442 2
2.504933 3.735677 -1.244442 2
2.319242 1.713441 -1.949226 2
2.319242 1.713441 -1.949226 2
2.753168 4.302862 -1.484021 2
2.753168 4.302862 -1.484021 2
2.753168 4.302862 -1.484021 2
2.753168 4.302862 -1.484021 2
2.753168 4.302862 -1.484021 2
0.714564 2.513206 -1.125607 2
0.714564 2.513206 -1.125607 2
2.445496 3.605750 0.180535 2
4.105836 1.601867 -2.123720 2
4.105836 1.601867 -2.123720 2
8.433790 1.576565 -1.718007 2
8.433790 1.576565 -1.718007 2
8.433790 1.576565 -1.718007 2
8.433790 1.576565 -1.718007 2
8.433790 1.576565 -1.718007 2
8.433790 1.576565 -1.718007 2
8.433790 1.576565 -1.718007 2
8.433790 1.576565 -1.718007 2
8.433790 1.576565 -1.718007 2
8.433790 1.576565 -1.718007 2
8.433790 1.576565 -1.718007 2
8.433790 1.576565 -1.718007 2
8.433790 1.576565 -1.718007 2
8.433790 1.576565 -1.718007 2
8.433790 1.576565 -1.718007 2
8.433790 1.576565 -1.718007 2
8.433790 1.576565 -1.718007 2
8.433790 1.576565 -1.718007 2
8.433790 1.576565 -1.718007 2
8.433790 1.576565 -1.718007 2
8.433790 1.576565 -1.718007 2
8.433790 1.576565 -1.718007 2
8.433790 1.576565 -1.718007 2
8.433790 1.576565 -1.718007 2
8.433790 1.576565 -1.718007 2
8.433790 1.576565 -1.718007 2
8.433790 1.576565 -1.718007 2
8.433790 1.576565 -1.718007 2
8.433790 1.576565 -1.718007 2
8.433790 1.576565 -1.718007 2
8.433790 1.576565 -1.718007 2
8.433790 1.576565 -1.718007 2
8.433790 1.576565 -1.718007 2
8.433790 1.576565 -1.718007 2
8.433790 1.576565 -1.718007 2
8.433790 1.576565 -1.718007 2
8.433790 1.576565 -1.718007 2
8.433790 1.576565 -1.718007 2
8.433790 1.576565 -1.718007 2
8.433790 1.576565 -1.718007 2
8.433790 1.576565 -1.718007 2
8.433790 1.576565 -1.718007 2
8.433790 1.576565 -1.718007 2
8.433790 1.576565 -1.718007 2
8.433790 1.576565 -1.718007 2
8.433790 1.576565 -1.718007 2
8.433790 1.576565 -1.718007 2
8.433790 1.576565 -1.718007 2
8.433790 1.576565 -1.718007 2
8.433790 1.576565 -1.718007 2
8.433790 1.576565 -1.718007 2
8.433790 1.576565 -1.718007 2
8.433790 1.576565 -1.718007 2
8.433790 1.576565 -1.718007 2
8.433790 1.576565 -1.718007 2
8.433790 1.576565 -1.718007 2
8.433790 1.576565 -1.718007 2
8.433790 1.576565 -1.718007 2
8.433790 1.576565 -1.718007 2
8.433790 1.576565 -1.718007 2
32.783882 5.097211 -1.276628 2
32.783882 5.097211 -1.276628 2
32.783882 5.097211 -1.276628 2
32.783882 5.097211 -1.276628 2
32.783882 5.097211 -1.276628 2
32.783882 5.097211 -1.276628 2
32.783882 5.097211 -1.276628 2
32.783882 5.097211 -1.276628 2
32.783882 5.097211 -1.276628 2
32.783882 5.097211 -1.276628 2
32.783882 5.097211 -1.276628 2
32.783882 5.097211 -1.276628 2
32.783882 5.097211 -1.276628 2
32.783882 5.097211 -1.276628 2
32.783882 5.097211 -1.276628 2
32.783882 5.097211 -1.276628 2
32.783882 5.097211 -1.276628 2
32.783882 5.097211 -1.276628 2
32.783882 5.097211 -1.276628 2
32.783882 5.097211 -1.276628 2
32.783882 5.097211 -1.276628 2
32.783882 5.097211 -1.276628 2
32.783882 5.097211 -1.276628 2
32.783882 5.097211 -1.276628 2
32.783882 5.097211 -1.276628 2
32.783882 5.097211 -1.276628 2
32.783882 5.097211 -1.276628 2
32.783882 5.097211 -1.276628 2
32.783882 5.097211 -1.276628 2
32.783882 5.097211 -1.276628 2
32.783882 5.097211 -1.276628 2
32.783882 5.097211 -1.276628 2
32.783882 5.097211 -1.276628 2
32.783882 5.097211 -1.276628 2
32.783882 5.097211 -1.276628 2
32.783882 5.097211 -1.276628 2
32.783882 5.097211 -1.276628 2
32.783882 5.097211 -1.276628 2
32.783882 5.097211 -1.276628 2
32.783882 5.097211 -1.276628 2
32.783882 5.097211 -1.276628 2
32.783882 5.097211 -1.276628 2
32.783882 5.097211 -1.276628 2
32.783882 5.097211 -1.276628 2
32.783882 5.097211 -1.276628 2
32.783882 5.097211 -1.276628 2
32.783882 5.097211 -1.276628 2
32.783882 5.097211 -1.276628 2
32.783882 5.097211 -1.276628 2
1.045549 3.487516 -1.495904 2
1.045549 3.487516 -1.495904 2
1.045549 3.487516 -1.495904 2
1.045549 3.487516 -1.495904 2
1.045549 3.487516 -1.495904 2
2.076952 2.078975 -2.031159 2
2.076952 2.078975 -2.031159 2
0.297742 2.034814 -0.939414 2
0.297742 2.034814 -0.939414 2
2.393967 4.511201 -1.262125 2
2.393967 4.511201 -1.262125 2
2.393967 4.511201 -1.262125 2
-0.233432 3.228973 -1.868249 2
-0.233432 3.228973 -1.868249 2
2.049112 3.051084 -1.310543 2
2.049112 3.051084 -1.310543 2
1.014606 2.549610 -2.910640 2
1.014606 2.549610 -2.910640 2
1.014606 2.549610 -2.910640 2
0.269115 3.583242 -1.152088 2
0.269115 3.583242 -1.152088 2
1.505678 2.481381 -2.630012 2
1.505678 2.481381 -2.630012 2
1.505678 2.481381 -2.630012 2
1.505678 2.481381 -2.630012 2
1.505678 2.481381 -2.630012 2
1.505678 2.481381 -2.630012 2
1.505678 2.481381 -2.630012 2
1.781698 1.538554 -1.699749 2
3.261357 4.925995 -2.077250 2
3.261357 4.925995 -2.077250 2
3.261357 4.925995 -2.077250 2
0.384449 1.471605 -1.617352 2
2.079921 2.621464 -1.518107 2
2.079921 2.621464 -1.518107 2
2.146994 2.846574 -2.085603 2
2.146994 2.846574 -2.085603 2
1.441921 2.739018 -2.039263 2
0.728987 2.247465 -1.438806 2
0.728987 2.247465 -1.438806 2
2.512031 4.240741 -1.696557 2
2.512031 4.240741 -1.696557 2
-0.012602 2.897287 -1.462106 2
0.741243 1.822948 -1.717769 2
0.741243 1.822948 -1.717769 2
2.316532 4.076462 -2.076721 2
2.316532 4.076462 -2.076721 2
2.316532 4.076462 -2.076721 2
2.316532 4.076462 -2.076721 2
1.968363 1.478930 -2.170633 2
2.365282 4.350214 -1.457416 2
2.365282 4.350214 -1.457416 2
2.365282 4.350214 -1.457416 2
2.365282 4.350214 -1.457416 2
0.304169 0.532538 -1.314408 2
0.304169 0.532538 -1.314408 2
3.091063 4.338801 -1.847295 2
3.091063 4.338801 -1.847295 2
2.182328 3.687502 -1.395240 2
0.071505 0.358241 -1.264945 2
0.071505 0.358241 -1.264945 2
3.013430 3.264647 -1.860226 2
3.013430 3.264647 -1.860226 2
0.720463 1.553759 -2.303545 2
1.863892 2.008781 -1.352970 2
0.097488 2.038657 -1.244471 2
0.097488 2.038657 -1.244471 2
0.097488 2.038657 -1.244471 2
2.884512 2.380171 -2.829549 2
2.884512 2.380171 -2.829549 2
0.409322 2.843529 -1.041334 2
0.409322 2.843529 -1.041334 2
0.409322 2.843529 -1.041334 2
0.409322 2.843529 -1.041334 2
0.409322 2.843529 -1.041334 2
1.854356 1.671655 -1.828710 2
1.854356 1.671655 -1.828710 2
2.676213 4.304051 -1.949296 2
2.676213 4.304051 -1.949296 2
0.242953 1.613845 -1.641116 2
2.155093 2.928194 -1.653911 2
2.155093 2.928194 -1.653911 2
2.691221 3.712407 -2.674021 2
2.691221 3.712407 -2.674021 2
2.400040 4.062168 -1.383571 2
2.400040 4.062168 -1.383571 2
0.955143 1.024286 -2.188865 2
1.030975 1.208204 -1.823753 2
1.030975 1.208204 -1.823753 2
3.541454 2.010240 -2.084756 2
3.541454 2.010240 -2.084756 2
9.531680 2.148071 -1.509412 2
9.531680 2.148071 -1.509412 2
9.531680 2.148071 -1.509412 2
9.531680 2.148071 -1.509412 2
9.531680 2.148071 -1.509412 2
9.531680 2.148071 -1.509412 2
9.531680 2.148071 -1.509412 2
28.453812 3.243099 0.652262 2
28.453812 3.243099 0.652262 2
28.453812 3.243099 0.652262 2
28.453812 3.243099 0.652262 2
28.453812 3.243099 0.652262 2
28.453812 3.243099 0.652262 2
28.453812 3.243099 0.652262 2
28.453812 3.243099 0.652262 2
28.453812 3.243099 0.652262 2
28.453812 3.243099 0.652262 2
28.453812 3.243099 0.652262 2
28.453812 3.243099 0.652262 2
28.453812 3.243099 0.652262 2
28.453812 3.243099 0.652262 2
28.453812 3.243099 0.652262 2
28.453812 3.243099 0.652262 2
28.453812 3.243099 0.652262 2
28.453812 3.243099 0.652262 2
28.453812 3.243099 0.652262 2
28.453812 3.243099 0.652262 2
28.453812 3.243099 0.652262 2
28.453812 3.243099 0.652262 2
28.453812 3.243099 0.652262 2
28.453812 3.243099 0.652262 2
28.453812 3.243099 0.652262 2
28.453812 3.243099 0.652262 2
28.453812 3.243099 0.652262 2
28.453812 3.243099 0.652262 2
28.453812 3.243099 0.652262 2
30.052187 0.222894 -3.719655 2
30.052187 0.222894 -3.719655 2
30.052187 0.222894 -3.719655 2
30.052187 0.222894 -3.719655 2
30.052187 0.222894 -3.719655 2
30.052187 0.222894 -3.719655 2
30.052187 0.222894 -3.719655 2
30.052187 0.222894 -3.719655 2
30.052187 0.222894 -3.719655 2
30.052187 0.222894 -3.719655 2
30.052187 0.222894 -3.719655 2
30.052187 0.222894 -3.719655 2
30.052187 0.222894 -3.719655 2
30.052187 0.222894 -3.719655 2
30.052187 0.222894 -3.719655 2
30.052187 0.222894 -3.719655 2
30.052187 0.222894 -3.719655 2
30.052187 0.222894 -3.719655 2
30.052187 0.222894 -3.719655 2
30.052187 0.222894 -3.719655 2
30.052187 0.222894 -3.719655 2
30.052187 0.222894 -3.719655 2
30.052187 0.222894 -3.719655 2
30.052187 0.222894 -3.719655 2
30.052187 0.222894 -3.719655 2
30.052187 0.222894 -3.719655 2
30.052187 0.222894 -3.719655 2
30.052187 0.222894 -3.719655 2
30.052187 0.222894 -3.719655 2
30.052187 0.222894 -3.719655 2
30.052187 0.222894 -3.719655 2
30.052187 0.222894 -3.719655 2
30.052187 0.222894 -3.719655 2
30.052187 0.222894 -3.719655 2
30.052187 0.222894 -3.719655 2
30.052187 0.222894 -3.719655 2
30.052187 0.222894 -3.719655 2
30.052187 0.222894 -3.719655 2
30.052187 0.222894 -3.719655 2
30.052187 0.222894 -3.719655 2
30.052187 0.222894 -3.719655 2
30.052187 0.222894 -3.719655 2
30.052187 0.222894 -3.719655 2
30.052187 0.222894 -3.719655 2
30.052187 0.222894 -3.719655 2
30.052187 0.222894 -3.719655 2
30.052187 0.222894 -3.719655 2
30.405622 0.761589 -3.485345 2
30.405622 0.761589 -3.485345 2
30.405622 0.761589 -3.485345 2
30.405622 0.761589 -3.485345 2
30.405622 0.761589 -3.485345 2
30.405622 0.761589 -3.485345 2
30.405622 0.761589 -3.485345 2
32.682861 3.574628 -1.014529 2
32.682861 3.574628 -1.014529 2
32.682861 3.574628 -1.014529 2
32.682861 3.574628 -1.014529 2
32.682861 3.574628 -1.014529 2
32.682861 3.574628 -1.014529 2
32.682861 3.574628 -1.014529 2
32.682861 3.574628 -1.014529 2
24.714413 1.680786 -4.656404 2
24.714413 1.680786 -4.656404 2
20.833893 2.020609 -1.836792 2
22.146580 0.146794 -3.040945 2
17.598862 0.344810 -2.678316 2
12.857989 4.038675 -1.444127 2
7.870132 4.003460 -0.991884 2
7.870132 4.003460 -0.991884 2
7.870132 4.003460 -0.991884 2
2.717265 -3.464948 -1.809119 2
2.717265 -3.464948 -1.809119 2
-1.530075 6.863107 -2.055854 2
-1.530075 6.863107 -2.055854 2
2.162162 1.406477 -2.652161 2
2.162162 1.406477 -2.652161 2
2.162162 1.406477 -2.652161 2
2.162162 1.406477 -2.652161 2
0.732710 1.752891 -3.066460 2
0.843155 1.991766 -1.878995 2
0.464787 2.123822 0.171491 2
0.464787 2.123822 0.171491 2
1.743754 1.980236 -2.776805 2
1.858052 3.215885 -3.297337 2
1.456502 2.621842 -0.422975 2
2.138218 3.148813 -1.411581 2
2.138218 3.148813 -1.411581 2
2.001799 2.360618 -2.972369 2
1.734298 3.174138 -2.769953 2
1.159030 1.069158 -1.781944 2
1.159030 1.069158 -1.781944 2
1.159030 1.069158 -1.781944 2
1.159030 1.069158 -1.781944 2
1.366558 2.275377 -2.275810 2
1.876175 2.402869 -1.753872 2
3.934660 3.541085 -2.586158 2
3.934660 3.541085 -2.586158 2
3.934660 3.541085 -2.586158 2
1.636371 2.501678 -2.193036 2
0.707269 3.722706 -1.219542 2
1.955458 1.965689 -2.010082 2
1.955458 1.965689 -2.010082 2
1.955458 1.965689 -2.010082 2
1.026565 1.968081 -2.733732 2
1.026565 1.968081 -2.733732 2
1.332401 1.953421 -1.529877 2
4.308397 5.943967 0.806173 2
4.308397 5.943967 0.806173 2
1.818045 2.186785 -2.436611 2
1.818045 2.186785 -2.436611 2
1.818045 2.186785 -2.436611 2
2.948581 4.535105 -1.410605 2
2.948581 4.535105 -1.410605 2
2.948581 4.535105 -1.410605 2
2.948581 4.535105 -1.410605 2
1.660206 1.648773 -1.694928 2
1.660206 1.648773 -1.694928 2
1.660206 1.648773 -1.694928 2
1.660206 1.648773 -1.694928 2
2.060280 4.007283 -1.992371 2
2.031558 2.324330 -1.735519 2
2.990681 4.111455 -2.158739 2
2.990681 4.111455 -2.158739 2
2.990681 4.111455 -2.158739 2
2.990681 4.111455 -2.158739 2
0.934130 1.676276 -2.320997 2
2.134616 2.602839 -2.710182 2
2.134616 2.602839 -2.710182 2
2.134616 2.602839 -2.710182 2
0.599492 1.574956 -2.582190 2
0.639616 3.714522 -1.229518 2
0.201414 2.783287 -1.930187 2
2.132957 3.302230 -1.849687 2
2.132957 3.302230 -1.849687 2
0.897065 2.287414 -2.154877 2
1.999211 2.488204 -2.697428 2
0.215759 4.767818 -1.699819 2
2.031732 3.211042 -1.735087 2
2.031732 3.211042 -1.735087 2
1.575324 2.625474 -1.589180 2
2.059908 3.058669 -2.572027 2
1.021457 1.131141 -2.339181 2
1.021457 1.131141 -2.339181 2
1.295833 2.313361 -1.695619 2
1.701756 1.826499 -2.116010 2
1.650690 2.430466 -2.308970 2
0.954677 1.516618 -1.633161 2
1.282823 2.325663 -2.085606 2
1.645725 2.205162 -1.666382 2
1.780521 2.063167 -2.442692 2
1.742273 2.738697 -2.340567 2
0.549083 1.419806 -2.265022 2
